0.616186139423817
0.0004834728438005625
0.018106215850606563
0
0
0
0
0
0.00101975364406093
0.0011960134693785266
0.0006994167303335039
0
0.000829321856559646
0.000719843620822216
0
0.0004844230655847618
0.001278925154470355
0.0007683118945434126
0
0.00026153910841418375
0
0.004442828514980377
0
0
0
0
0.004447762250144153
0.004447762250144153
0.00422045300975217
0.009657303630293894
0.0007523640286005091
0
0.009657303630293894
0.009657303630293894
0
0.0019382463636436907
0
0
0
0.001941021630487396
0.001939355517499853
0.0007950788895791187
0.002420635205069556
0.0003743536691517721
0
0
0
0.002420635205069556
0.002420635205069556
0.0031438068337949843
0
0.001697482477751562
0.0008139843321318586
0
0.0018149812648713313
0
0
0.006100852865582346
0.005512361418416099
0.005615008402039536
0.005729743256943668
0
0.0008920537668097241
0.0006125110729859014
0
0
0
0.0008920537668097241
0.0008920537668097241
0
0
0
0
0
0
0.005758748966577728
0.002357253785094939
0
0.007618522989908717
0.002366306218985472
0.002360866434574011
0.0025999415165561895
0.001266569659658411
0
0.0012783944801324004
0.0012783944801324004
0.0015639242117355759
0
0.0005581396190433124
0
0
0
0
0
0
0.00765448620402257
0
0.00765448620402257
0.00765448620402257
0.002373598379906845
0
