1.2729656758128876
0
0.0017812019717531075
0
0
0
0
0
0
0
0.0004816366537317017
0.0004974465321660366
0
0
0
0
0
0.0005290796657576424
0
0
0
0.0003530132212459478
0
0.0009086121883032745
0
0.0019156744557003575
0.000353405240370041
0.000353405240370041
0
0.0018137105089945477
0
0
0.0018137105089945477
0.0018137105089945477
0
0.001092049478821465
0
0
0
0.0010936131235505906
0.0010926743998393885
0
0
0
0
0.0007645439494371696
0.0008821660955044266
0
0
0
0
0.0011689308317841024
0
0
0.0018747653546581555
0
0
0
0.0004951247280485755
0.0005043445625249159
0.0004932063834997627
0
0
0
0.0010581593315152848
0
0
0
0
0
0
0
0.0009636379075040784
0
0
0
0
0
0
0
0
0
0
0.0010581593315152848
0
0
0
0
0
0
0
0
0
0
0
0.0031626476417711494
0
0.0031626476417711494
0.0031626476417711494
0
0
