0.7339691750802005
0.0008638319047628881
0.0013693454758958966
0
0
0
0
0
0.0003036694973438976
0.0011397036880127337
0
0.0002868187475889803
0.0006585636384748323
0.0005716270833957948
0
0.0008655296875945761
0.0003046779473143215
0.0003050578450042396
0.001460925905812501
0.0009345957237863335
0
0.0004070821825181368
0
0.0005238894897074951
0.0010258129630750532
0.0011045435290898428
0.00040753424490849564
0.00040753424490849564
0
0.0011951462244334631
0
0.0005485569320479825
0.0011951462244334631
0.0011951462244334631
0
0.0018889684231403502
0
0
0.00041537587723837043
0.0018916731316500014
0.0018900493778889285
0
0
0
0.0005136243352555637
0
0.0010172822939434518
0
0
0
0
0
0.0009695761890095119
0
0
0
0
0
0
0
0
0
0
0.0014591832506564621
0.0006101156900084792
0.0016166721918066092
0.0008811154562787521
0
0
0
0
0
0.0005556163323847089
0
0
0
0.0016847035388221896
0
0.00036299167907032667
0.0016911732144705082
0.001687285459954484
0
0
0
0
0
0
0.004077606528223337
0.0013296543026815226
0.0011450377146336981
0.00217795007442196
0.0012171959785741303
0.004077606528223337
0.004077606528223337
0
0.0009117629504101871
0
0.0009117629504101871
0.0009117629504101871
0
0
