0.21072103131565253
0.00016533623484947237
9.82840631136439e-05
0
0.000403680136620024
0
0
0
0.0002615486528535199
0.0002454049277744401
0.000318911889997204
0.00041172534450107957
0.000283608386696706
0.0002461694291070707
9.517661757707883e-05
0.00016566118814123629
0.0001749448163683292
0.0001751629520495865
0.00016777152174813102
0.0002683204982796934
0.004300429210523521
0.00017530867829921177
0.0005831762859289276
0.000451222765129877
0.0005890175578355067
0.0011098925652442194
0.0001755033575643969
0.0001755033575643969
0
0.00021445250490092872
0.00012864531826352414
0.0004724686800799384
0.00021445250490092872
0.00021445250490092872
0
6.025765836878826e-05
0.00042060086090948604
0.0005136405394653322
0.0003577606643729245
6.0343937948354105e-05
6.029214057672462e-05
0.0002718981049234226
9.19777526476004e-05
0.00012802006762797845
0.0004423814513274721
0.0006327958898367944
0.00043808946219470386
9.19777526476004e-05
9.19777526476004e-05
0
0
0.0003869991392390313
0.0005567266349158587
0.00041562333592830877
0.0006206805046116422
0
0
0
8.196072785517408e-05
8.348693792220782e-05
0.00016328634739686364
0
7.626530268391334e-05
0.00020946424584060886
0.0005254888561487595
0.0004641432407833757
0.0002529664241484424
7.626530268391334e-05
7.626530268391334e-05
0
0
0.00014602982073156793
0.0004785488977645402
0
0
0
0.0001612249665766278
0.00048815682930266995
0.00031264247969681387
0.00016184411007346585
0.0001614720546480096
0
0.00021656837750837877
0.0005254888561487595
0.00021859028144777235
0.00021859028144777235
0
0.0011706723961980698
0.0003817409987602401
0.0006574759167415055
0.0012505699187872555
0.0006989088932525789
0.0011706723961980698
0.0011706723961980698
0.000273663677033315
0.00026176525629273607
0.00036520109413457974
0.00026176525629273607
0.00026176525629273607
0.00016234285925705125
0.00044022499578478944
