0.38566248081198473
0.00075649760849742
0.00035975977687685145
0
0
0
0
0
0.00031912493240544864
0.0002994273919347707
0.0002918369132137607
0.0003014165539757599
0.00034604080826557625
0.0007509004688706868
0
0.000757984435558146
0.00048027706203235954
0.0008014598520614812
0.00046058417294424925
0.0008184687623344328
0
0.0005347510826566622
0.0014231087852840764
0.0013763828722768905
0.0010780223083493633
0.001160759912150443
0.0005353449206163031
0.0005353449206163031
0
0.00039249183880723056
0.0009417887199315866
0.0011529521100507765
0.00039249183880723056
0.00039249183880723056
0
0.0004411352368452785
0.0007697853908422848
0.0007050502391443963
0.0006547750098675463
0.00044176687378234223
0.00044138767474905265
0
0.00033667610721255757
0.00046860568749937387
0.0008096483152106047
0.0006948873528143869
0.0008017930994012157
0.00033667610721255757
0.00033667610721255757
0
0
0.0007082873844113586
0
0.0007606755045601277
0
0
0
0
0.0006000194178327261
0.0006111925210966478
0.000597694662242518
0
0.00027916212870936284
0.0007667246139403274
0.0009617518224737774
0
0
0.00027916212870936284
0.00027916212870936284
0
0
0.0005345287329341438
0.0008758421214503817
0
0
0
0.001180298334543182
0.0008934265964756403
0.000762932701903036
0.0011848309702365122
0.0011821072208796468
0
0.001585457269525117
0.0009617518224737774
0.0016002592564812645
0.0016002592564812645
0
0
0.0006986639145144651
0.0009024863045522264
0
0.0009593594050049372
0
0
0
0.0009581676541912665
0.0006683925144055194
0.0009581676541912665
0.0009581676541912665
0.00029712055532510383
0.0008057015615849264
