1.4696759700589417
0.0005765696234048417
0.000685483194990178
0
0
0
0
0
0
0
0
0
0
0.0005723037266584664
0
0.0005777028184193953
0
0.0006108378927925776
0
0
0
0.0012226921547911329
0
0.001049019250577403
0
0
0.0012240499473006178
0.0012240499473006178
0
0.00059828046816973
0.0017944761539181217
0.002196825067352678
0.00059828046816973
0.00059828046816973
0
0.0004202676494306382
0
0
0
0.0004208694072333739
0.0004205081459396114
0
0
0
0
0
0
0
0
0
0
0
0
0
0
0
0
0
0.0005716359276775346
0.0005822804952689943
0.0005694211429906787
0
0
0
0
0
0
0
0
0
0
0
0
0
0
0
0
0
0
0
0
0
0
0
0
0
0
0
0
0
0
0
0
0
0
0.0009128422174279141
0
0.0009128422174279141
0.0009128422174279141
0
0
