1.7147984280919266
0
0
0
0
0
0
0
0
0.0013313652392018063
0
0
0
0.0006677563972320586
0
0
0.0007118299826035395
0
0.0006826426863423275
0
0
0.00047554032947640784
0
0
0
0
0.00047606841423984643
0.00047606841423984643
0
0.0003490328573360323
0.002093770974471217
0
0.0003490328573360323
0.0003490328573360323
0
0
0
0
0
0
0
0
0
0
0
0
0
0
0
0
0
0
0
0.0033822454202996582
0
0
0
0
0.002000931654716367
0.0020381914755450794
0.001993179110529167
0.001365285372684655
0
0
0
0
0
0
0
0
0
0
0
0
0
0
0
0
0.0008480704392146027
0
0
0
0
0
0
0
0
0
0
0
0
0
0
0
0
0
0
0
0
0
0.001194149323183793
