0.7550225842780328
0.0005924068923327052
0
0
0
0
0
0
0.0006247601028366014
0.0005861976586009571
0.0005713375590450495
0.0005900918986151097
0.0006774540908730666
0.0005880238195311782
0.0006820438882367053
0.0005935712140550573
0.000626834856187657
0.0006276164457839009
0.0006011326307946122
0.0006409359798625066
0
0
0.0013930305982989535
0.0010778338105325237
0.0010552377138756573
0.0011362266129090034
0
0
0
0.0001536785231585656
0
0.0011285838330015439
0.0001536785231585656
0.0001536785231585656
0
0.00043181160095969855
0.0010046874042289192
0.0009201981526849882
0.0008545813064833423
0.0004324298879026534
0.0004320587034495181
0
0
0
0.0010567146036081635
0.0009069340351688082
0.0010464623482717018
0
0
0
0
0
0.0019947756519895186
0.0009927976124628965
0
0
0
0
0
0
0
0
0
0
0.0012552328915678018
0
0.0018127793139928758
0
0
0
0
0
0.0011431076219198075
0
0
0
0.0005776760399984949
0.001166058045217039
0
0.0005798944579708394
0.0005785613672628604
0
0
0.0012552328915678018
0
0
0
0
0
0.001177882346767602
0
0.00125211042168828
0
0
0
0.0004689581268807657
0.0008723542279353354
0.0004689581268807657
0.0004689581268807657
0
0.0010515634878524133
