1.4271163556401458
0.001119746061702743
0
0
0
0
0
0
0.0005904494644766842
0
0
0
0.0006402495987618419
0.0011114613361683377
0
0.0011219468204718129
0.0011848205526277674
0
0
0
0
0
0
0
0
0
0
0
0
0
0
0.0010666041521974184
0
0
0
0
0
0
0
0
0
0
0
0.0008670208721993594
0.0009986818443947837
0.0008571269403244119
0
0
0
0
0
0
0
0
0
0
0
0.014129864907328177
0
0
0
0
0
0
0
0
0
0
0
0
0
0
0
0
0
0
0.002183804675807415
0
0
0.002192191022488703
0.0021871515028967755
0
0.0014667177344708591
0.0011862978849876524
0.0014804111573030558
0.0014804111573030558
0
0
0.006463389291848487
0
0
0
0
0
0
0.0017728153486212992
0.0008244461904333598
0.0017728153486212992
0.0017728153486212992
0.0010994733094300045
0
