0.40047756659712536
0.000471334915571352
0
0
0
0
0
0
0.000497076003223573
0.0006218595754613747
0.0004545715852407779
0.00046949304407634855
0.0005390007625802495
0.00046784762452935203
0
0.0004722612813645346
0.0004987267329976654
0.0006657981157059441
0.0004782773486430637
0.0005099459676533855
0
0.0003331760121440311
0.0011083327488850333
0.0008575536757968424
0.0008395756113147283
0.0009040125656819985
0.0003335460021630694
0.0003335460021630694
0
0.00024454156315721067
0.0007334753966980318
0.0008979317636706847
0.00024454156315721067
0.00024454156315721067
0
0.00034356096648309296
0.0007993564203535435
0.0007321344910367922
0.0006799279568711806
0.0003440528922655716
0.0003437575678945282
0
0.0005244140985558167
0.000729910510201322
0.0008407506646545669
0.000962108268101202
0.0008325936935491172
0.0005244140985558167
0.0005244140985558167
0
0
0.0011032439851160478
0
0.0007898965810594189
0
0
0
0
0.00046730171131519874
0.0004760034468270111
0.00046549116613381483
0
0.0004348290625375954
0.0011942670972081273
0.0009986971735589162
0
0
0.0004348290625375954
0.0004348290625375954
0
0
0.0008325936935491172
0.0009094872822039183
0
0
0
0.0009192293035894232
0.0009277472585261591
0.0005941803658711059
0.0009227593700394594
0.0009206380841313227
0
0.0012347715311319383
0.0009986971735589162
0.001246299481111386
0.001246299481111386
0
0
0.0010882542570574058
0.0009371549920369548
0
0.000996212852231655
0
0
0
0.0007462314905536498
0.0006940685729586228
0.0007462314905536498
0.0007462314905536498
0.00046280150223088453
0.000836652297904858
