0.3147107448397002
0.0006173219788930957
0.0010275070960251405
0
0
0
0
0
0.00039062152855568914
0.0004886812808069878
0.0003572199146875144
0.00012298192451727245
0.00014118920809318088
0.0003676527392987151
0.00042643732363103007
0.0006185352689459516
0.0003919187357904112
0.00026160494167888626
0.0001252829398247214
0.00013357841461786934
0
8.727419435377155e-05
0.0008709706960508307
0.0006738988112199147
0.0002199236511807828
0.00047360533459699046
8.737111183778463e-05
8.737111183778463e-05
0.0021555530468472615
0.00038434041706456365
0.00019213110185573883
0.00047041964848983586
0.00038434041706456365
0.00038434041706456365
0
0.0001799889876120676
0.00020938838645355969
0.0001917798566969532
0.0005343136584714773
0.00018024670380280652
0.00018009198560211742
0
0.000137368286704365
0.00019119729334125162
0.0004404629039044089
0.00037803092473237256
0.000436189528537353
0.000137368286704365
0.000137368286704365
0
0
0
0.001247202423407002
0.0004138208347662067
0.00046349152406435963
0
0
0
0.00036722373960291734
0.0003740618995717514
0.0004877345909952735
0
0.00011390182585584516
0
0.00026160494167888626
0.0006931954732151988
0.00037780401541380573
0.00011390182585584516
0.00011390182585584516
0
0
0.0006542842928060295
0.0007147102456616961
0
0
0
0.00048157726830864604
0.00024301988018509665
0.00015564329616206735
0.00048342664337895576
0.00048231531776199264
0
0.0006468874508524156
0.0007848148250366588
0.0003264634282569504
0.0003264634282569504
0
0
0.00028506408047074294
0.0007364526010289396
0.0018677195539448083
0.0010438167324699841
0
0
0
0.0005864175369683854
0.0007272345345804741
0.0005864175369683854
0.0005864175369683854
0.00012122910047754245
0.0006574737009185938
