0.24846135929849972
0.001267162679827578
0.0018541892484962665
0.0002626441430216699
0.0009519592310287345
0
0
0
0.0006167845079813812
0.0005787143461921578
0.0008460659226963668
0.0008738383093733871
0.0008917410831709276
0.0011610343892453257
0.0008977826894254732
0.0012696531725159184
0.0010313879588978818
0.0005163369893983785
0.0007912782143264322
0.0003163769430795837
0
0.00041341324342512436
0.0011460394801591316
0.0015961115158361866
0.0006945111371027246
0.000747814474939051
0.0004138723364217097
0.0004138723364217097
0
0.0005057222863800117
0.0007584290576877281
0.0007427843327309409
0.0005057222863800117
0.0005057222863800117
0
0.0003552492983964823
0.0011571719993942102
0.000757042532902193
0.0009842838229142605
0.0003557579600493982
0.0003554525884098708
0
0.0005422552581809248
0.0009056914676737535
0.0006954831610874729
0.0005969041664828822
0.0008609194708887723
0.0005422552581809248
0.0005422552581809248
0.0006338299982104584
0
0.00022815551818044052
0
0.0006534158035463504
0.0010977674195810003
0
0
0.0024600134584009874
0.0014495995291627754
0.0014765928642937781
0.0014439831032458334
0.0003956391071632161
0.00026977346286482053
0.0012348974120203764
0.001032673978796757
0.0005472717165165193
0.0011930917613373335
0.00026977346286482053
0.00026977346286482053
0.0013216029749920197
0
0.0005165516825332635
0.0015046865059712322
0
0
0
0.0007604020177459823
0.00076744821404942
0.0006143950526669132
0.0007633221483824876
0.0007615673848229877
0
0.0010214238820082208
0.001032673978796757
0.0010309599970892104
0.0010309599970892104
0
0
0.000675166737224184
0.0005814228376719963
0
0.0008240841104427851
0
0
0
0.0003086476513024841
0.0005741452554558052
0.0003086476513024841
0.0003086476513024841
0.00019141861271070856
0.0006920929228370465
