0.28768207245178085
0.0006771645487291821
0.00013418007110624106
0.00030410367066784446
0.001653345243975752
0
0
0
0.0005951222020103038
0.0005583891157837361
0.00043538716980973265
0.000562098617529857
0.00025812657914022505
0.0004481029165915589
0.0002598754042021507
0.0006784954538957095
0.0005970985314482791
0.0007174116519994535
0.0005726155900712198
0.0004884245712254344
0
0.0004786723335304174
0.0013269468286521257
0.0008213620912256413
0.0008041427601726928
0.001082325329013472
0.00047920389636609803
0.00047920389636609803
0
0.0002342211051917613
0.0008781504043094653
0.001290054136555071
0.0002342211051917613
0.0002342211051917613
0
0.0004113269551784113
0.0007656209513021446
0.0008765450105173091
0.0006512327616339126
0.0004119159112998007
0.00041156233541027304
0
0.0006278526242945894
0.0008738823586020074
0.0014092193891969672
0.0012094741784759555
0.0009968193778647984
0.0006278526242945894
0.0006278526242945894
0
0
0.0018491960580004278
0.00038002915779627587
0.0007565603483281548
0
0
0
0
0.0005594750533873606
0.0005698931704670778
0.000557307385609804
0.00045809247205697587
0.00020823892323690253
0.0008578988244088892
0.001434823303998907
0
0
0.00020823892323690253
0.00020823892323690253
0
0
0.0005980916267188791
0.0008711039286957785
0
0
0
0.0011005435059364226
0.001332889910973502
0.0007113800011171633
0.0011047698634861017
0.0011022301626505012
0.0012138484069695392
0.0017739901692812796
0.001434823303998907
0.001790552318164611
0.001790552318164611
0
0
0.0002605815873657435
0.0011220049627604558
0.000853656001340596
0.001669796440433222
0
0
0
0.0010721071023047733
0.0011633590451545152
0.0010721071023047733
0.0010721071023047733
0.0004432697572446546
0.0010016785252499334
