1.3862943611198906
0.0005438581251941509
0
0
0
0
0
0
0.0005735599342655732
0.0005381577488819451
0.0005245154601286003
0.0005417328492066787
0.0006219355590488517
0.000539834252772543
0.0006261492145979632
0.0005449270287420954
0.0005754646579991244
0.0005761821949791732
0.0005518687743311666
0.0005884101702546225
0
0
0
0
0
0
0
0
0
0.00028216860596781815
0.000846333553797247
0
0.00028216860596781815
0.00028216860596781815
0
0
0
0
0
0
0
0
0
0
0
0
0
0
0
0
0
0
0
0
0
0
0
0
0
0
0
0
0.000501735201273938
0.0013780262038965113
0
0
0
0.000501735201273938
0.000501735201273938
0
0
0
0
0
0
0
0
0
0
0
0
0
0.0014247629610687467
0
0
0
0
0
0
0
0
0
0
0
0
0.0008610523982111122
0
0.0008610523982111122
0.0008610523982111122
0
0
