0.9675840262617057
0.00037959357640710305
0.00045129851971161645
0
0
0
0
0
0.000800648759835917
0
0
0
0.00043408884085316537
0.0007535701139109857
0.00043702982215975864
0.00038033963296450697
0.00040165380915803476
0
0.00038518472383029687
0
0
0
0.0017852103805566526
0.0006906381343766636
0.0006761593474924568
0
0
0
0
0.0007877744972617184
0
0
0.0007877744972617184
0.0007877744972617184
0
0.0008300692247026357
0.0006437684805467104
0.0011792614579667347
0
0.0008312577545203657
0.0008305442285508203
0
0
0.0005878396271334786
0.0013542113733543816
0.0011622630946086555
0
0
0
0
0
0
0
0
0
0
0
0.009580039863977284
0.0003763454011130711
0.0003833534176948121
0.00037488726317772404
0
0
0
0
0
0
0
0
0
0
0.0006705364007357628
0.0014649266105400541
0
0
0
0.0007403091249133173
0.0014943382644968428
0.0009570564057979284
0.0007431520939029998
0.000741443698284832
0
0
0
0
0
0
0
0
0
0
0
0
0
0
0.0006009838672432954
0.0005589740186376116
0.0006009838672432954
0.0006009838672432954
0
0
