1.2039728043259361
0
0.001684663438888903
0
0
0
0
0
0
0.0004673807470209379
0.0004555326539258177
0.00047048566015081523
0
0
0
0
0
0
0
0
0
0.0006677608454386779
0
0
0
0
0.0006685023899644288
0.0006685023899644288
0.00824638907072559
0.001715410061119795
0
0
0.001715410061119795
0.001715410061119795
0
0
0
0
0.0006813654806598394
0
0
0
0
0
0
0
0
0
0
0
0
0
0
0
0
0
0
0
0.00046828969440915446
0.0004770098273874549
0.0009329506426392376
0.000958577073507911
0
0.001196792052013853
0
0
0.0014453455033924803
0
0
0
0
0
0
0
0
0
0.0009211727653603184
0.002789126187627651
0.0005954365995677231
0.0009247102951812106
0.0009225845243876906
0
0
0
0
0
0
0
0
0.0009391363528283433
0.0035726195974063388
0
0
0
0
0.0007478091952335007
0.0006955359932558845
0.0007478091952335007
0.0007478091952335007
0
0.0008384211729289249
