1.4696759700589417
0
0.000685483194990178
0
0
0
0
0
0
0
0.0005560635528032319
0.0005743165181941938
0
0
0
0
0
0
0.0005850620899916169
0
0
0.0012226921547911329
0
0
0.0010270272327455917
0
0.0012240499473006178
0.0012240499473006178
0
0.000299140234084865
0.0008972380769590608
0.001098412533676339
0.000299140234084865
0.000299140234084865
0
0.0004202676494306382
0
0.0008955977879701047
0
0.0004208694072333739
0.0004205081459396114
0
0
0
0
0
0
0
0
0
0
0.0026991294215958526
0
0
0
0
0
0
0
0
0
0
0
0
0
0
0
0
0
0
0
0
0
0
0
0
0
0
0
0
0
0
0
0
0
0
0
0
0
0.0011463931123704694
0
0
0
0
0
0.0009128422174279141
0
0.0009128422174279141
0.0009128422174279141
0.0005661309591906555
0
