0.24846135929849972
0.0005848443137665745
0.0020859629045583
0.0002626441430216699
0.0009519592310287345
0
0
0
0.0008223793439751749
0.0003858095641281051
0.00028202197423212225
0.00048546572742965945
0.0010032087185672936
0.0006772700603931066
0.00033666850853455245
0.0005859937719304238
0.0007219715712285172
0.0004130695915187028
0.0004945488839540202
0.0005272949051326395
0
0.0002756088289500829
0.0011460394801591316
0.000354691447963597
0.0008681389213784057
0.000747814474939051
0.00027591489094780646
0.00027591489094780646
0.0017017901321815048
0.00010114445727600232
0.0006067432461501825
0.0011141764990964113
0.00010114445727600232
0.00010114445727600232
0
0.00028419943871718585
0.00033062057125548866
0.00045422551974131574
0.0007030598735101859
0.0002846063680395186
0.0002843620707278967
0.0006411906046412895
0.00010845105163618495
0.00030189715589125116
0.00034774158054373645
0.0008953562497243233
0.00034436778835550896
0.00010845105163618495
0.00010845105163618495
0
0
0.0011407775909022025
0.000656436880577278
0.000816769754432938
0
0
0
0
0.0002899199058325551
0.00029531857285875564
0.0002887966206491667
0
0.0003596979504864274
0.0012348974120203764
0.001032673978796757
0.0016418151495495577
0.0011930917613373335
0.0003596979504864274
0.0003596979504864274
0.0026432059499840394
0
0.0012052872592442814
0.0007523432529856161
0
0
0.004644137556981303
0.0007604020177459823
0.000575586160537065
0.0007372740632002959
0.0007633221483824876
0.0007615673848229877
0
0.0002553559705020552
0.0012392087745561084
0.0002577399992723026
0.0002577399992723026
0
0
0.000675166737224184
0.0011628456753439926
0
0.0012361261656641776
0
0
0
0.00015432382565124206
0.0005741452554558052
0.00015432382565124206
0.00015432382565124206
0.0003828372254214171
0.0006920929228370465
