0.40047756659712536
0.0006284465540951359
0
0
0
0
0
0
0.000497076003223573
0.0007773244693267185
0.0007576193087346299
0.0006259907254351316
0.0008983346043004158
0.0006237968327058027
0
0.0006296817084860462
0.0004987267329976654
0.0009986971735589162
0.000637703131524085
0.0006799279568711806
0
0.0008884693657174163
0.0011083327488850333
0.0011434049010624564
0.0008395756113147283
0.0009040125656819985
0.0008894560057681852
0.0008894560057681852
0
0.0003260554175429476
0.0009779671955973757
0.0017958635273413693
0.0003260554175429476
0.0003260554175429476
0
0.000458081288644124
0.0007993564203535435
0.0009761793213823898
0.0006799279568711806
0.0004587371896874288
0.000458343423859371
0
0.0005244140985558167
0.000729910510201322
0.0008407506646545669
0.0007215812010759016
0.0008325936935491172
0.0005244140985558167
0.0005244140985558167
0
0
0.0011032439851160478
0
0.0007898965810594189
0
0
0
0
0.000623068948420265
0.0006346712624360148
0.0006206548881784198
0
0.0004348290625375954
0.0011942670972081273
0.0009986971735589162
0
0
0.0004348290625375954
0.0004348290625375954
0
0
0.0008325936935491172
0.0009094872822039183
0
0
0
0.001225639071452564
0.0009277472585261591
0.0007922404878281411
0.001230345826719279
0.0012275174455084303
0
0.002057952551886564
0.0009986971735589162
0.00207716580185231
0.00207716580185231
0
0
0.0010882542570574058
0.0009371549920369548
0
0.000996212852231655
0
0
0
0.0009949753207381996
0.0006940685729586228
0.0009949753207381996
0.0009949753207381996
0.00046280150223088453
0.0011155363972064772
