0.40047756659712536
0.000471334915571352
0
0
0
0
0
0
0.00016569200107452434
0.00031092978773068736
0.000151523861746926
0.0001564976813587829
0.00017966692086008316
0.00031189841635290133
0
0.0004722612813645346
0.00016624224433255515
0.0004993485867794581
0.00015942578288102125
0.00016998198921779515
0
0.00022211734142935408
0.0007388884992566889
0.0005717024505312282
0.0002798585371049094
0.0003013375218939995
0.00011118200072102316
0.00011118200072102316
0
8.15138543857369e-05
0.0002444917988993439
0.0002993105878902282
8.15138543857369e-05
8.15138543857369e-05
0
0.000114520322161031
0.00026645214011784786
0.00024404483034559744
0.00022664265229039354
0.0001146842974218572
0.00011458585596484275
0
0.00017480469951860556
0.00024330350340044066
0.0005605004431030445
0.0002405270670253005
0.00027753123118303904
0.00017480469951860556
0.00017480469951860556
0
0
0.0003677479950386826
0
0.0002632988603531396
0
0
0
0
0.00015576723710506625
0.0001586678156090037
0.00015516372204460495
0
0.00014494302084586513
0.00039808903240270906
0.0006657981157059441
0
0
0.00014494302084586513
0.00014494302084586513
0
0
0.00027753123118303904
0.0003031624274013061
0
0
0
0.000306409767863141
0.00030924908617538637
0.00039612024391407055
0.00030758645667981977
0.0003068793613771076
0
0.0008231810207546256
0.00033289905785297203
0.00041543316037046196
0.00041543316037046196
0
0
0.0003627514190191353
0.0003123849973456516
0
0.00033207095074388505
0
0
0
0.0004974876603690998
0.0002313561909862076
0.0004974876603690998
0.0004974876603690998
0.00015426716741029483
0.0002788840993016193
