0.47803580094299974
0.0003750771290255
0
0.001010646513621564
0.0018315547928850564
0
0
0
0.0005933419126309472
0.0005567187122783382
0.00018086863448467643
0.000186805705722157
0.0004289240026406458
0.00037230202565654186
0.000647744987727642
0.00037581430891745263
0.00019843744331382305
0.00019868487154738144
0.00038060175234315267
0.00020290144352419343
0.003251944224102039
0.00013256677785440925
0.0004409924362942802
0.00034121042180085634
0.0010021714904465404
0
0.00013271399248833976
0.00013271399248833976
0
0
0
0.0007145527667309413
0
0
0
0.0001366988278361452
0.0003180544251117763
0.0002913076178811699
0.0002705352580322579
0.00013689455926202743
0.00013677705320257503
0.000616820388313548
0.0004173162819231774
0.0005808454446452001
0.00033452470324912506
0
0.0009938374239979206
0.0004173162819231774
0.0004173162819231774
0
0
0
0.0006314871875072652
0
0.0007040291619189982
0
0
0
0.000185933800444574
0.0001893961176477812
0.00018521340602208438
0.0007612035046863053
0
0
0
0
0
0
0
0
0
0.0013251165653305607
0
0
0
0
0.000731500843065034
0.000369139614627799
0.0007092519301824923
0.0007343099860875573
0.0007326219171540226
0
0.000982601851886947
0.0007947394861895257
0.0009917755206286301
0.0009917755206286301
0
0
0.00216501721441576
0.0011186485201474254
0.0014185038603649845
0.0015855250445870638
0
0
0
0.0005938332930968941
0.000552323282429809
0.0005938332930968941
0.0005938332930968941
0.0007365728828089364
0.000998682035396239
