1.7719568419318754
0
0.0016529448152349585
0
0.003394553337034244
0
0
0
0
0
0
0.0013848822523891172
0.0007949559631816399
0
0
0
0
0
0
0
0
0
0
0
0
0
0
0
0
0.0018033348686463215
0
0
0.0018033348686463215
0.0018033348686463215
0.004429892104829689
0.000506707704298506
0
0
0
0.0005074332307937788
0.0005069976657888056
0
0
0
0
0
0
0
0
0
0
0.0032542825379832424
0
0.0011649946363786164
0
0
0
0
0
0
0
0
0
0
0
0
0.002127199089954232
0
0
0
0
0
0
0
0
0
0
0.0013683064416462358
0
0
0
0
0
0
0
0
0
0
0.003210066742630209
0.0013821816239718218
0
0
0
0
0
0
0
0
0
0
0
