0.9162907318741551
0.0010784120029903748
0
0
0.0017553462296439751
0
0
0
0
0.0017785146193209532
0
0
0
0
0.00041386211918435187
0.0010805315234365036
0.000380361449511895
0.0003808357156584186
0.00036476541873971144
0.0011667539030655626
0
0
0
0
0
0
0
0
0
0.00018650330386203035
0
0
0.00018650330386203035
0.00018650330386203035
0.002290726829685388
0.0005240438844004319
0
0.0005583733893200215
0.0005185572902513611
0.0005247942336048998
0.0005243437664515909
0
0
0
0
0
0
0
0
0
0.005206197340194063
0
0
0
0.0013494708864125995
0.005206197340194063
0.005206197340194063
0
0
0
0
0
0.00033162892937899205
0
0
0.0020182615239518835
0
0.00033162892937899205
0.00033162892937899205
0.01949554748668415
0.007233874199006488
0.014604772580114738
0.0006936341649312302
0.007233874199006488
0.007233874199006488
0
0
0
0
0
0
0
0.0009417170933958429
0
0.0019010181159214835
0.0019010181159214835
0
0
0
0.0007147353602762521
0.0027189635960657424
0
0
0
0
0
0.002117367375792386
0
0
0.005294437973078708
0.0006380854678789381
