0.7985076962177716
0.00031326312130944354
0
0
0
0
0.03629580437353507
0.030711834469914295
0.00033037140927503995
0.00030997969573671254
0.0003021217163139507
0.00031203895905344733
0.0003582358439738769
0.0003109453645707833
0.00036066291608752104
0.0003138788114063568
0.0003314685330916445
0.0003318818355019832
0.0003178772676026161
0.00033892516817392684
0
0.00022143862901213856
0.000736630716068055
0.000569955529063363
0.0005580067758335231
0.0006008334809765023
0.00022168453531864845
0.00022168453531864845
0
0
0
0.0005967920001627591
0
0
0
0
0.00053127591232054
0.00048659823048005586
0.00045190022423190245
0
0
0.002060665022497475
0
0
0.0005587877510271319
0.00047958420193259556
0.0005533663868453026
0
0
0
0
0
0.0010548318311991698
0.0015749658702520152
0
0
0
0
0
0
0
0.0012715090704104644
0
0
0.0006637636710039664
0
0.000958592672530338
0
0
0
0
0
0.0006044721394532715
0
0
0
0
0.0006166082596276228
0
0
0
0.006738461571457988
0
0.0006637636710039664
0
0
0.0020266692797405368
0
0
0.0006228609174865614
0
0.0006621125175935088
0
0
0.0020740459642020043
0
0.00046129849579305116
0
0
0
0.0005560638553048549
