0.653926467406664
0.0005130847135399483
0
0
0
0
0
0
0.0005411058894552453
0.00025385344231625156
0.0004948365247118155
0.0005110796931665995
0.0005867442507013585
0.00025464426300882554
0.0002953597413760903
0.0002570465673768334
0.000542902837199389
0.0002717898867026866
0.0005206420918842867
0.000555115846694961
0
0.00018134400094472106
0.0006032531987146347
0.0009335138721008766
0.0009139433506731852
0.0009840879870679669
0
0
0
0
0
0.0009774685611459851
0
0
0
0.00018699641618720735
0.0008701616332756674
0.000398492667523866
0.000740154462259948
0
0.00018710342415069074
0
0
0
0.0009152224876230427
0.00039274862907307147
0.00045317149508431327
0
0
0
0
0
0.0008638394549625681
0.0008598638624676714
0.0009630728533235111
0
0
0
0.0002543471285128993
0.0002590833864527195
0.00025336166889060985
0
0
0
0.0010871595468107465
0.001440366668296617
0.0007850257711964753
0
0
0
0
0
0.0009900476417966147
0
0
0
0.0005003262948788554
0.0010099250461878982
0.0003234057702307933
0
0.0005010930784725395
0
0.0006720724228228819
0.0010871595468107465
0.0006783469578907303
0.0006783469578907303
0
0
0
0.001020166095798228
0
0.0010844551698286303
0
0
0
0.0004061655077060025
0.0007555476226535691
0.0004061655077060025
0.0004061655077060025
0
0.0004553805483333315
