0.32850406697203605
0.0010310053102300073
0.001072541263434819
0.0031253029627360722
0.006922499495579304
0
0
0
0.000951397794292202
0.0022954476729412456
0.0008700448236111435
0.002310696836849023
0.0019159052806803358
0.001535065733514187
0.002522388951456465
0.0010330316571447674
0.000954557272230906
0.001092282849449829
0.0011769652081004476
0.0019520615185095519
0.004469443088054912
9.109929755186802e-05
0.0012121921290481035
0.0009379131105554206
0.0009182503619064599
0.0007415441692371017
9.120046279068187e-05
9.120046279068187e-05
0
6.686425136821414e-05
0
0.0009820749386309
6.686425136821414e-05
6.686425136821414e-05
0.0032850406697203607
9.39388238410169e-05
0.0015299590610806735
0.0010009264685314932
0.0009295531040521676
9.407332960253037e-05
0
0.005086514585373461
0
0.0007983087897254825
0.0016091871720113732
0.0013810981794620135
0.0011382677303258353
0
0
0.005028123474061776
0
0.0012066265086208853
0.0017358206973423305
0.0008639160209652493
0.0004838056950987276
0
0
0
0.00012777287707974952
0.00013015216599525993
0
0.005492504304468755
0
0.0003265447981829384
0.0013653535618122863
0.0007235772400265111
0.0015774505016664395
0
0
0.005242086175085681
0
0.00022765354606516704
0.001989426597862444
0
0
0
0.0002513420558317032
0.0010146843767476017
0
0.00025230727109987406
0
0.0083165586575199
0.0006752396032313177
0.007372909233786345
0.0017038592685271578
0.0017038592685271578
0.01000520000930059
0
0
0.0010249736879002684
0
0.0013619571599172307
0
0
0.006826058534483866
0.0004080795863006659
0.003415986831598295
0.0004080795863006659
0.0004080795863006659
0.00012654239867952082
0.004346502278877914
