1.1086626245216111
0.00043494022146787413
0
0.0011719478060482147
0.004247749519239889
0
0
0
0
0
0
0.00043324057230230997
0
0
0
0.00043579505680880944
0.00046021694666733545
0
0
0
0
0
0.0010227514986361726
0
0
0
0
0
0
0
0
0
0
0
0
0.0003170324919993169
0
0
0
0.0003174864331390639
0.0003172139125955969
0.0042915972562126885
0
0.000673549589624308
0.0007758310878387761
0
0.0015366079341948872
0
0
0.002828220980922477
0
0
0.0014645477206362103
0
0
0
0
0
0
0
0
0.0026480795171694533
0.0004012532119151687
0
0
0
0
0.0004012532119151687
0.0004012532119151687
0.011794283239591608
0
0.005378127769682105
0
0
0
0
0
0
0
0
0
0
0.0011394271577817175
0
0
0
0.016883187175456008
0.00615923680289784
0.005021116958884108
0.0025943743163532244
0.02302860050935097
0.0009192890750593791
0.00615923680289784
0.00615923680289784
0.00431946477086342
0
0
0
0
0.000427065725932824
0
