0.7985076962177716
0.00031326312130944354
0.001117314873439046
0.0008440884738031413
0.004589124690906734
0
0
0
0.00033037140927503995
0.001549898478683563
0.0003021217163139507
0.00031203895905344733
0.0010747075319216307
0.0003109453645707833
0.00036066291608752104
0.0003138788114063568
0.0003314685330916445
0.0003318818355019832
0.0003178772676026161
0.00033892516817392684
0
0
0.000736630716068055
0.000569955529063363
0.0005580067758335231
0.0006008334809765023
0
0
0
0
0
0.0005967920001627591
0
0
0
0
0.00053127591232054
0.00048659823048005586
0.00045190022423190245
0
0
0.0010303325112487375
0
0
0.0005587877510271319
0.00047958420193259556
0.0005533663868453026
0
0
0
0
0
0.0010548318311991698
0.0005249886234173384
0
0
0
0
0
0
0
0.002543018140820929
0.0005780005039578513
0
0.0006637636710039664
0
0.000958592672530338
0.0005780005039578513
0.0005780005039578513
0
0
0
0.0006044721394532715
0
0
0
0
0.0006166082596276228
0
0
0
0
0
0.0006637636710039664
0
0
0
0
0.004339715740313976
0.0006228609174865614
0
0.0013242250351870176
0
0
0.0010370229821010022
0
0.00046129849579305116
0
0
0
0.0005560638553048549
