1.5141277326297755
0.0005940085259434192
0.0007062162932041864
0.006402231427610045
0.0029006278402869262
0
0
0
0.000626449206714843
0.0005877825049028631
0.0017186466885695522
0
0
0.000589613603048978
0
0.0005951759955305721
0.0006285295693772418
0.000629313272082201
0.0006027578553462482
0
0
0
0
0
0
0
0
0
0
0
0
0
0
0
0.003785319331574439
0
0
0
0
0
0
0.0019537132033932585
0
0.0018397663822962034
0
0.0018187720512069375
0
0
0
0.0038625707465045293
0
0
0
0
0
0
0
0
0
0
0
0.002411031421384993
0
0
0.002517253088328804
0
0
0
0
0
0
0
0
0
0
0
0
0
0
0
0
0
0
0
0
0
0
0
0
0.00118106687412619
0
0
0
0
0.003932799305531884
0
0
0
0
0
0.0010544064990458046
