1.8971199848858813
0.001488520976764128
0
0
0
0
0
0
0.0007849069031385524
0
0
0
0.0008511081134526161
0
0
0.0014914465289983345
0.000787513484801113
0
0
0
0
0
0
0
0
0
0
0
0
0
0
0
0
0
0
0
0
0
0
0
0
0.0024478967546914597
0
0
0
0
0
0
0
0
0.02155818164643047
0.003484150569120076
0.0050122060366866086
0.00374185401358162
0.01955793798851424
0.02155818164643047
0.02155818164643047
0
0
0
0
0.003020891695678155
0
0
0
0
0
0
0
0
0
0
0
0
0
0
0
0
0
0
0
0
0
0
0
0
0
0
0
0
0
0
0
0
0.002463792188163482
0
0
0
0
0
0
