1.8971199848858813
0
0.001769701478438322
0.0020054122461795787
0
0
0
0
0.0007849069031385524
0.0007364596214619104
0.0007177903839901179
0
0
0
0
0
0
0
0
0.0016104583912443815
0
0
0
0
0
0
0
0
0
0
0
0
0
0
0
0
0
0
0
0
0
0
0
0
0
0
0
0
0
0
0
0
0
0
0
0
0
0
0
0
0
0
0.0006866159916344123
0.003771610307924217
0
0
0.002277454963848597
0.0006866159916344123
0.0006866159916344123
0
0.0049924210128575825
0
0.001436124136931023
0.0049924210128575825
0.0049924210128575825
0
0
0
0
0
0
0
0
0
0
0
0
0
0
0
0
0
0
0
0
0
0
0
0
0
0
