1.8971199848858813
0.000744260488382064
0
0
0.003634329472961458
0
0
0
0.0015698138062771047
0.0029458384858476417
0
0
0.0017022162269052321
0
0
0.0007457232644991673
0.002362540454403339
0.0007884954218145807
0.0007552229239195388
0.0008052291956221907
0
0
0
0
0.0026514604959970386
0
0
0
0
0
0
0
0
0
0
0
0
0.002312151108940745
0
0
0
0
0
0
0
0
0
0
0
0
0
0
0.0050122060366866086
0
0
0
0
0
0
0
0
0
0
0
0.003153981687258323
0
0
0
0
0
0
0
0
0
0
0
0
0
0
0
0
0
0
0
0
0
0
0
0
0
0
0
0
0
0
0
0
0
0
0
0.005284456782411926
