1.5606477482646683
0
0
0
0
0
0
0
0
0
0
0
0
0
0.0007048996152956948
0
0
0
0
0
0
0.0008655838870020346
0
0
0
0
0.0008665451128621147
0.0008665451128621147
0
0.0006353135551657515
0
0
0.0006353135551657515
0.0006353135551657515
0
0.00044628188397617056
0
0
0.0008832188728153189
0.00044692089011015703
0.00044653726702851746
0
0
0
0
0
0
0
0
0
0.008867316751503799
0
0
0
0
0.008867316751503799
0.008867316751503799
0
0
0
0
0
0.0005648381282173971
0.0015513397100046403
0
0
0
0.0005648381282173971
0.0005648381282173971
0
0
0
0
0
0
0
0
0
0
0
0
0
0.0016039545203131228
0
0.0016189291994446768
0.0016189291994446768
0
0
0
0
0
0
0
0
0
0
0
0
0
0
0
