0.28768207245178085
0.00011286075812153034
0.00040254021331872315
0
0
0
0
0
0.0017853666060309115
0.0014518117010377139
0.0009796211320718985
0.001124197235059714
0.0010325063165609002
0.0017924116663662357
0.0002598754042021507
0.00011308257564928493
0.00035825911886896744
0.00035870582599972675
0
0
0
0.00015955744451013915
0.0007961680971912753
0.0008213620912256413
0.0008041427601726928
0.0006493951974080831
0.0001597346321220327
0.0001597346321220327
0
0.00011711055259588066
0
0.0006450270682775355
0.00011711055259588066
0.00011711055259588066
0
0.00016453078207136454
0.0007656209513021446
0.0005259270063103854
0.0004884245712254344
0.0001647663645199203
0.00016462493416410923
0
0.00012557052485891786
0
0.0006039511667987001
0.0006911281019862603
0.0005980916267188791
0.00012557052485891786
0.00012557052485891786
0
0
0
0.00038002915779627587
0.0009457004354101935
0.0004236849373369379
0
0
0
0.00011189501067747213
0.00011397863409341555
0.0001114614771219608
0
0.00010411946161845127
0
0.0007174116519994535
0.0006336609525369623
0.00034535662959397456
0.00010411946161845127
0.00010411946161845127
0.0015302237896371322
0.0015141161707988464
0.0001993638755729597
0.0013066558930436678
0.0015141161707988464
0.0015141161707988464
0
0.0002201087011872845
0.000666444955486751
0.00014227600022343265
0.00022095397269722032
0.00022044603253010026
0
0.0002956650282135466
0.0009565488693326047
0.0002984253863607685
0.0002984253863607685
0
0.003196467471686454
0.0002605815873657435
0.0011220049627604558
0.000853656001340596
0.0009541693945332698
0.003196467471686454
0.003196467471686454
0
0.00017868451705079557
0.0006647765972311515
0.00017868451705079557
0.00017868451705079557
0.00011081743931116365
0.0006010071151499601
