1.6094379124341003
0
0
0
0
0
0
0
0
0
0
0
0
0
0
0
0
0
0
0
0
0.0004463222164265392
0
0.0011487779532006427
0
0
0.0004468178546457802
0.0004468178546457802
0
0
0
0
0
0
0
0.0004602338897438091
0
0
0
0.0004608928729765465
0.0004604972567765666
0
0
0
0
0
0
0
0
0
0
0
0
0
0
0
0
0
0.0006259968543112019
0.0006376536895539225
0.0006235714499938397
0
0
0
0
0
0
0
0
0
0
0
0
0
0
0
0.001231398555802678
0
0.0007959633592651336
0.001236127428904839
0.001233285756654483
0
0.0016540985739302162
0
0.001669541402939938
0.001669541402939938
0
0
0
0
0
0
0
0
0
0.000999650877288261
0
0.000999650877288261
0.000999650877288261
0
0
