0.18632957819149354
7.309908912965616e-05
0.0001738149050293783
0.00019696572747515174
0.0003569532149262328
0
0.008469526281431525
0
7.709126114666675e-05
7.233291078862326e-05
7.049927286851818e-05
7.28134342287978e-05
8.359335046724699e-05
7.255824695930433e-05
0
7.324275872307136e-05
7.73472719765436e-05
7.744371495905799e-05
7.417578749661367e-05
7.908725729689879e-05
0.001267548150962541
5.1672096004296604e-05
0.0001718907547892007
0.00013299755759564136
0.00013020934884101575
0.00014020284288298986
5.172947756565618e-05
5.172947756565618e-05
0.0012762299876129693
3.792582499318004e-05
0.0002275086424804561
0.0001392597744331043
3.792582499318004e-05
3.792582499318004e-05
0.00046582394547873385
5.328269322032987e-05
0.00012397177524384135
0.00011354636087233001
0.00010544967639586506
5.335898573639563e-05
5.331318403190087e-05
0.0002404252621825723
8.13311122616733e-05
0.00011320144483079801
0.0001303915872578681
0.00011190965657146758
0.00012912652681323184
8.13311122616733e-05
8.13311122616733e-05
0.00047533055661095285
0
0.0001711015410390207
0
0.00012250465364332252
0
0
0
0.0018448473088266688
7.247358156028532e-05
7.382312923593246e-05
7.219278504126057e-05
0.00014835157499322734
0.00013487483039557982
0.0005556548057400404
0.00015488742991811598
0
0
0.00013487483039557982
0.00013487483039557982
0.0009911147776143273
0
0.00012912652681323184
0.00014105191384670214
0
0
0.001741397927023304
0.0001425627989223363
0.00014388384416331548
9.21511267020245e-05
0.000143110275108674
0.00014278128597049314
0.0007862007518628419
0.00019150008036124722
0.00015488742991811598
0.00019328794418204724
0.00019328794418204724
0.00047291771114592264
0
0.00016877679184012096
0.00014534288470475316
0
0.00015450213780389182
0
0
0.00024198646518375783
0.00011573265726179723
0.000430570949027137
0.00011573265726179723
0.00011573265726179723
7.177564645280953e-05
0.0001297559736709565
