1.4271163556401458
0
0
0
0
0
0
0
0
0
0
0.0005576851721923196
0.0006402495987618419
0.0005557306680841689
0
0
0
0
0.0005681195683280836
0
0
0.0003957616072213383
0
0
0
0
0.0003962010981788301
0.0003962010981788301
0
0.0008714327431142758
0.0017425108127474308
0
0.0008714327431142758
0.0008714327431142758
0
0.001224291983677563
0
0
0.0008076493240747855
0.0012260449790722902
0.001224992579948623
0
0
0.0008670208721993594
0
0
0
0
0
0
0
0.0013104833385125306
0
0
0
0
0
0
0
0
0
0
0.0005165097197394664
0
0
0
0.0017132249167348687
0.0005165097197394664
0.0005165097197394664
0
0
0
0.001080330322210557
0
0
0
0
0
0.0007057944389911701
0
0
0
0
0
0
0
0
0
0
0
0
0
0
0
0
0
0.0008244461904333598
0
0
0
0
