0.9162907318741551
0.00035947066766345824
0
0
0
0
0
0
0.000379102495603705
0.0007114058477283812
0.0003466858614733845
0.0007161318732896875
0.001233231133074233
0.0007136220653225507
0.0008277242383687037
0.0003601771744788346
0.000380361449511895
0.0003808357156584186
0.00036476541873971144
0.00038891796768852086
0
0
0.0008452866530204383
0.0006540262183255926
0.0006403149768512613
0.0006894587899730286
0
0
0
0
0.0005593960512052229
0.0006848211747938379
0
0
0
0
0.0006096412055050933
0.0005583733893200215
0.0005185572902513611
0
0
0
0
0
0.0006412111489672184
0.0005503247638883814
0.0006349901121789017
0
0
0
0
0
0.0012104236880768231
0.0006024265166825477
0
0
0
0
0.0003563946837316823
0
0
0
0
0
0.0007616714313168372
0
0.0010999888737985054
0
0
0
0
0
0.0013872683298624604
0
0
0
0
0.0007075604107136333
0.0004531605993442903
0
0
0
0
0.0007616714313168372
0
0
0
0
0
0.0007147353602762521
0
0.0007597767262638103
0
0
0.0011899879634729288
0
0.002117367375792386
0
0
0.0003529625315385806
0.0012761709357578762
