0.5798184952529422
0.0006824070167747457
0.0008113131929845273
0
0
0
0
0
0
0
0
0
0.0005202498835827206
0.0006773580552020352
0.0005237746117912756
0.0006837482255341299
0.0007220653739140002
0.00048197713653611154
0.00023081946467075725
0.0002461029266778193
0
0.0004823781158510334
0.0005348879107499467
0.0012415813602846728
0.00040518413364985475
0.00043628178724826344
0.000482913793936376
0.000482913793936376
0
0
0
0.0004333471563923335
0
0
0
0.0011606318177782658
0.0011573223458142556
0.0010599972490913019
0.000984411706711277
0.0011622936617327018
0.001161295984769841
0.0007481528971005706
0.0012654266592163732
0.0003522591101172188
0.0004057512213106663
0.0003482393364882535
0.00040181461902490795
0.0012654266592163732
0.0012654266592163732
0
0
0
0
0.0003812087411261947
0
0
0
0
0.0006765676724071669
0.0006891661987950976
0.0006739463331107426
0.000923277858683029
0
0
0.00048197713653611154
0
0.0006960606185509509
0
0
0
0
0
0.00043892391767823025
0
0
0
0.001330876423686937
0.0004477362897706117
0.0008602648297521397
0.0013359873162510187
0.0013329160810412464
0
0.0017877240346956078
0.0009639542730722231
0.0018044144043141352
0.0018044144043141352
0
0
0
0.00045227651735798923
0
0.0004807781884352754
0
0
0
0.0010804071340116935
0.0003349615801576789
0.0010804071340116935
0.0010804071340116935
0
0.00040377332538505723
