1.8325814637483102
0.0007189413353269165
0
0
0.0035106924592879503
0
0
0
0.00075820499120741
0.0007114058477283812
0
0
0
0.0007136220653225507
0
0.0007203543489576692
0.00076072289902379
0
0
0.0007778359353770417
0
0
0
0
0
0
0
0
0
0
0
0
0
0
0
0.0005240438844004319
0
0
0
0.0005247942336048998
0.0005243437664515909
0
0.0015998092219540027
0
0
0.0011006495277767628
0
0.0015998092219540027
0.0015998092219540027
0
0
0
0
0
0
0
0
0
0
0
0
0
0
0
0
0
0
0
0
0
0
0
0
0
0
0
0
0
0
0
0
0
0
0
0
0
0
0
0
0
0
0
0
0
0
0
0
0
0
0
0.0012761709357578762
