1.6094379124341003
0
0
0
0
0
0
0
0.0006658824627364916
0.0006247817983051631
0
0
0.0007220448238825035
0
0
0
0.0006680937785114572
0
0
0
0
0
0
0
0
0.0012110142305749437
0
0
0.011023547345439042
0
0.0009825628281038463
0
0
0
0.00402359478108525
0
0
0
0
0
0
0.0020766940805601293
0
0
0.0011262686581064382
0.0009666293768372975
0
0
0
0.004105708960291072
0
0
0.002126073860547028
0
0
0
0
0
0
0
0
0.002562799223621179
0.000582496530015961
0
0.0013378536262960102
0
0
0.000582496530015961
0.000582496530015961
0
0
0
0
0
0
0
0
0
0
0
0
0
0
0
0
0
0
0
0
0
0
0
0
0
0.002090179107057273
0
0
0
0
0
0.0011207784905529947
