1.7719568419318754
0
0
0.009365522420358749
0
0
0
0
0
0
0
0.0006924411261945586
0
0
0
0
0
0
0.0007053968319792498
0.0007521039227215091
0
0
0
0.0012647800442054785
0.004953058957182042
0
0
0
0
0
0
0.003972997403434698
0
0
0
0.000506707704298506
0.0011789466679520129
0.001079803072475244
0
0.0005074332307937788
0.0005069976657888056
0.0022863959250733878
0
0
0
0
0
0
0
0.004520298066152743
0
0
0
0
0
0
0
0
0
0
0
0.0014107936639584995
0
0
0
0
0
0
0
0
0
0
0
0
0
0
0
0
0
0
0
0
0
0
0
0
0.004497352390690039
0
0
0
0
0
0
0
0.0023012426518595783
0
0
0
0
0
0
