1.8325814637483102
0.0007189413353269165
0
0.0038743794159583726
0
0
0
0
0
0
0.000693371722946769
0
0
0.0007136220653225507
0
0.0007203543489576692
0
0
0
0
0
0
0
0
0.0012806299537025227
0
0
0
0
0
0
0
0
0
0
0.0005240438844004319
0
0
0
0.0005247942336048998
0.0005243437664515909
0
0.0007999046109770013
0.0022267089474463063
0.0012824222979344367
0.0011006495277767628
0.0012699802243578034
0.0007999046109770013
0.0007999046109770013
0
0
0
0
0
0
0
0
0
0
0
0
0
0
0
0
0
0
0
0
0
0
0
0
0
0
0
0
0
0
0
0
0
0
0
0
0
0
0
0
0
0
0
0
0
0
0
0
0
0
0
0
