1.7719568419318754
0
0
0
0
0
0
0
0.0007331224004682976
0
0
0
0
0.0006900143465466804
0.0008003418436910006
0
0.0007355570120099109
0
0.0007053968319792498
0
0
0
0.0016346465331474865
0
0
0
0
0
0
0.00036066697372926426
0.0010817807337801437
0
0.00036066697372926426
0.00036066697372926426
0
0
0
0
0
0
0
0
0.000773442532488815
0
0
0
0
0.000773442532488815
0.000773442532488815
0
0
0
0
0
0
0
0
0
0.002067627586851663
0.0021061293683817856
0.0020596166314589795
0
0
0
0
0
0
0
0
0
0
0
0
0
0
0
0
0
0
0
0
0
0
0
0
0
0
0
0
0
0
0
0
0
0
0
0
0
0
0.0006825719730091971
0
