0.9416085398584451
0.0007388062297830091
0
0.0029860735936314323
0.003607695555013199
0
0
0
0
0
0.0007125301096166819
0.001471838280357085
0
0.0014666799686268615
0.0008505948869543316
0.0007402582860522367
0.0007817422497787007
0.0003913584953692623
0.00037484416395638736
0.0007993281323076784
0
0
0
0.004704682211997941
0.0006580073653797659
0
0
0
0
0
0
0.0028149732133286847
0
0
0.007062064048938338
0.0002692618072228897
0.008144318708023809
0.0017214050088819835
0.0015986562646153567
0.00026964734818397625
0.0002694158912327454
0
0.0004110032910774531
0.0005720586511898208
0.0013178565988221764
0.0005655306545696366
0.0006525353706572731
0.0004110032910774531
0.0004110032910774531
0
0
0
0
0
0
0
0
0
0
0
0
0
0
0
0
0
0
0
0
0.01001711212615367
0
0
0
0
0
0.008800079811761168
0.00072043499606614
0.0007271108415895329
0.00046568177045422604
0.0007232016435164708
0.0007215391110026399
0.003973031813748713
0
0
0
0
0
0
0
0
0
0
0
0
0.0036686047007471884
0
0.0005439679606345726
0
0
0
0
