1.6607312068216509
0.0013030452780083569
0.0007745947793011431
0
0.006362954815408624
0
0
0
0
0
0
0
0
0.0006467021833417644
0
0.0013056062946711093
0.0006893861381575969
0.0006902457218710104
0.0006611191109958802
0.0007048944001789689
0
0
0
0
0
0
0
0
0
0
0
0
0
0
0
0
0
0
0
0
0
0.006428636929632197
0.0036244679328276976
0.012107396404532084
0.002324326391632821
0.0009974361602532438
0.0011508878772152813
0.0036244679328276976
0.0036244679328276976
0
0
0
0
0
0
0
0
0
0
0
0
0.0026444764439835207
0
0
0
0
0
0
0
0
0
0
0
0
0
0
0
0
0
0
0
0
0
0
0
0
0
0
0
0.001295422158207216
0
0
0
0
0
0
0
0
0
0
0
