1.5606477482646683
0
0
0.0016497333491169856
0
0
0
0
0
0
0
0
0.0007001560108858987
0
0
0
0
0
0
0
0
0.0008655838870020346
0
0
0
0
0.0008665451128621147
0.0008665451128621147
0
0.00031765677758287573
0
0
0.00031765677758287573
0.00031765677758287573
0
0.00044628188397617056
0.0010383551219325805
0
0
0.00044692089011015703
0.00044653726702851746
0
0.0013624161922869212
0
0
0
0
0.0013624161922869212
0.0013624161922869212
0
0
0
0
0
0
0
0
0
0.0006070197387260475
0.0006183231966183314
0.0006046678606217235
0
0
0
0.001297296548848436
0
0
0
0
0
0
0.0010815299710773862
0
0
0
0
0
0
0.0007718337033949893
0
0
0
0
0
0
0
0
0
0
0
0
0
0
0
0
0
0
0
0
0
0
