1.1086626245216111
0
0
0
0
0
0
0
0
0.00043038145361863785
0.0008389425838226343
0
0
0.0004317222058105962
0.0015022528787555706
0
0
0
0.0008826931723898178
0.0014117096237541739
0
0.0015372471221874809
0
0
0.0015494935353202112
0.0016684162897240198
0.0015389542261543742
0.0015389542261543742
0
0.0004513179827077595
0
0.0008285968793136108
0.0004513179827077595
0.0004513179827077595
0
0
0.0007376331500476454
0
0.001254852998892599
0
0
0
0.00048392083130581015
0.001347099179248616
0
0.0013317268763022355
0
0.00048392083130581015
0.00048392083130581015
0
0
0
0
0
0
0
0
0
0.0004312184459438394
0.0004392482664507176
0.00042954770419279784
0
0
0
0
0
0
0
0
0
0.0029175332224252925
0.0015366079341948872
0
0.0029175332224252925
0.0029175332224252925
0
0
0
0.001096600024254808
0
0
0
0
0
0
0
0
0
0.0020084467835536435
0.0008647914387844081
0
0
0
0
0
0
0
0
0
0
0.0015440983628434695
