0.616186139423817
0.0004834728438005625
0
0
0
0
0
0
0.000509876822030465
0.0004784053877514106
0.000466277820222336
0.0007223753099927513
0.0005528812377064306
0.000719843620822216
0.0008349405683249552
0.0004844230655847618
0.0005115700617881419
0.0005122079296956085
0.0004905940600508097
0.0005230782168283675
0
0.0003417560396138752
0.001136874795984902
0.000879637600890531
0.0008611965610395764
0.0009272929110967899
0
0
0
0
0.00037618201430025453
0.0009210555148338071
0
0
0
0.00035240842975339836
0.0008199416359598363
0.000750988591619521
0.001046156433656735
0.0003529130237249811
0.0003526100940908824
0
0
0.0003743536691517721
0.0008624018746309544
0.0007401635308394197
0.0008540348432762536
0
0
0
0
0.001697482477751562
0.0016279686642637172
0.0008102381846467021
0
0
0
0
0.00047933577551444336
0
0
0
0
0.0006125110729859014
0.001024415859391217
0
0.001479438510021169
0
0
0
0
0.0012810522649143803
0.0009329086138135003
0
0
0
0.0009429015140379754
0.0009516388253649683
0.0006094818391926973
0.0009465224875941889
0.0009443465738296046
0
0.0018998544894876163
0.0015366237890868252
0.0031959862003310005
0.0031959862003310005
0
0
0.0005581396190433124
0.0009612888290543167
0
0.0010218675612335274
0
0
0
0
0.0007119423910153864
0
0
0.000474719675981369
0.0008581979657713328
