0.9675840262617057
0
0
0
0
0
0
0
0.0004003243799179585
0.0007512298340541192
0
0
0.00043408884085316537
0
0.00043702982215975864
0
0.00040165380915803476
0
0
0
0
0.0002683261304109001
0
0
0.0006761593474924568
0
0.00026862410501435476
0.00026862410501435476
0
0.0029541543647314443
0.0005907106387434101
0
0.0029541543647314443
0.0029541543647314443
0
0
0
0.0005896307289833673
0
0
0
0
0.00042234134712427134
0
0
0
0.0006705364007357628
0.00042234134712427134
0.00042234134712427134
0
0
0
0.001278182333238713
0
0.0014250132934634841
0
0
0
0
0
0
0
0.000350193277691533
0
0.0016086184975256954
0
0
0.000350193277691533
0.000350193277691533
0
0
0
0
0
0
0
0
0.0007471691322484214
0.0004785282028989642
0
0
0
0
0
0
0
0
0.010750933625130063
0.0008764348063964725
0
0.008613507652181357
0.0008023084794873182
0.010750933625130063
0.010750933625130063
0
0.0012019677344865909
0.0005589740186376116
0.0012019677344865909
0.0012019677344865909
0.00037272111951529497
0.0006738050322156725
