1.3093333199837622
0
0
0
0
0
0
0
0.0005417183781480191
0
0.0004953966401754681
0
0
0
0
0
0.0005435173598936331
0
0.0005212314171909882
0.000555744193541495
0
0
0.0012078720664056846
0
0
0.0009852018961503102
0
0
0
0.00026650383065006356
0
0.001957149955132679
0.00026650383065006356
0.00026650383065006356
0
0.00037441616242029236
0
0
0
0.00037495226803658713
0.0003746304205962124
0
0
0
0.0018325168929093942
0.001572772756737252
0.0009073688981176453
0
0
0
0
0
0.0017296345046020638
0.0008608371597526379
0
0
0
0
0.0005092700583367414
0.0005187532963485587
0.0005072969081688347
0
0
0
0
0
0
0
0
0
0
0
0
0
0
0
0
0
0.000647543679517192
0
0
0
0
0
0
0
0
0.00727407399990979
0.0011859903260722485
0
0
0
0.00727407399990979
0.00727407399990979
0
0
0
0
0
0
0
