1.6607312068216509
0
0
0
0
0
0
0
0
0
0.0006283508160505679
0
0.0007450566203775912
0
0
0
0
0
0
0
0
0.00046054664637317
0.0015320398586915597
0
0
0
0.000461058080738937
0.000461058080738937
0
0
0
0
0
0
0
0
0
0
0
0
0
0
0
0
0
0.0009974361602532438
0
0
0
0
0
0
0
0.0010918679860760362
0
0
0
0
0
0
0
0
0.000601060878328502
0
0
0
0
0.000601060878328502
0.000601060878328502
0
0
0
0
0
0
0
0
0
0.0008213309628198075
0
0
0
0.0017068152176995385
0
0.001722750214545281
0.001722750214545281
0
0.009226284482342506
0.0015042855134254085
0
0
0
0.009226284482342506
0.009226284482342506
0
0
0
0
0
0
0
