1.2729656758128876
0.0004993980681886574
0
0
0
0
0
0
0
0
0
0
0
0
0
0.0005003795895490911
0
0
0
0.0005403080118051305
0
0
0
0
0
0
0
0
0
0.0002591015012849354
0.0007771463222300901
0
0.0002591015012849354
0.0002591015012849354
0
0
0
0
0
0
0
0
0.0005556375712845428
0.000773369183361414
0
0
0
0.0005556375712845428
0.0005556375712845428
0
0
0
0.001681592702526932
0
0
0
0
0
0
0
0
0
0.0009214373331978918
0.0012653734352016774
0
0
0
0.0009214373331978918
0.0009214373331978918
0
0
0
0
0
0
0
0.0009739599661919568
0
0.0006295577031715567
0.0009777002118378552
0.0009754526251439751
0
0
0
0
0
0
0.00707203153229382
0.002306097238791463
0.0019859058905037246
0.0037773462190293402
0.001055527094372212
0.00707203153229382
0.00707203153229382
0
0
0
0
0
0.0004903565777399413
0
