1.8325814637483102
0
0
0
0
0
0
0
0.00075820499120741
0
0
0
0
0.0007136220653225507
0
0
0.00076072289902379
0
0
0
0
0.0005082034009285387
0
0
0
0
0.000508767757842396
0.000508767757842396
0
0.0003730066077240607
0
0
0.0003730066077240607
0.0003730066077240607
0
0
0
0.001116746778640043
0
0
0
0
0.0007999046109770013
0
0
0
0
0.0007999046109770013
0.0007999046109770013
0
0
0
0
0
0
0
0
0
0
0
0
0
0
0.0018216515544217794
0
0
0
0
0
0
0
0
0
0
0
0
0
0
0
0
0
0
0
0
0
0
0
0
0.0016599469780328897
0
0
0.0015195534525276205
0
0
0
0
0
0
0
0
0
