1.8971199848858813
0.000744260488382064
0
0
0
0
0
0
0
0.0007364596214619104
0
0
0
0
0.0008568744285844088
0.0007457232644991673
0
0
0
0
0
0
0
0
0
0.0014274792963776383
0
0
0
0
0
0
0
0
0
0
0
0
0.0010736389274962543
0
0
0
0
0
0
0.0011394114023338625
0
0
0
0
0
0
0
0.002494569342387747
0
0
0
0
0.0014757837299773484
0.0015032646472946762
0.0014700658542316013
0
0
0
0
0
0
0
0
0
0
0.00131470546423138
0
0
0
0
0
0
0
0
0
0
0
0
0
0
0
0
0
0
0
0.0031461359616681284
0
0
0
0
0
0
0
0.0007307858185230668
0.0013211141956029815
