1.6607312068216509
0.0006515226390041784
0.0015491895586022862
0
0
0
0
0
0
0
0.0006283508160505679
0.0012979532683248542
0.0022351698611327736
0.0006467021833417644
0.0015002088589174804
0.0006528031473355546
0.0006893861381575969
0
0
0
0
0
0
0.0011853898692517136
0
0
0
0
0
0
0
0
0
0
0
0.0004749016891111384
0.001104944249382336
0.0010120238920302564
0.0018797184004772506
0.0004755816743475518
0.00047517344973437795
0
0
0.0010089497003776737
0
0
0
0
0
0
0
0
0.002193832505708918
0
0
0
0
0
0
0
0
0
0
0
0
0
0.001993674918153242
0
0
0
0
0
0
0
0
0
0
0
0
0
0
0
0
0
0
0
0
0
0
0
0
0
0
0
0
0
0
0
0
0
0
