1.8971199848858813
0
0
0
0
0
0
0
0
0
0
0
0
0
0.0008568744285844088
0
0
0
0
0
0
0.0005261009386816088
0
0
0
0
0.0005266851707067966
0.0005266851707067966
0
0
0
0
0
0
0
0.001084998561558983
0
0
0.0010736389274962543
0.0010865521104730133
0.0010856194477172425
0
0
0
0.001327585713706005
0
0
0
0
0
0
0
0
0
0
0
0
0
0
0
0
0
0
0
0
0
0
0
0
0
0
0
0
0
0
0
0
0
0
0
0
0
0.001949763602143763
0
0.0019679667893007066
0.0019679667893007066
0
0
0
0
0
0
0
0
0
0.0035350061830171703
0
0.0035350061830171703
0.0035350061830171703
0
0
