1.8971199848858813
0.001488520976764128
0
0
0
0
0
0
0
0
0
0
0
0.0014775077763908733
0
0.0014914465289983345
0
0.0015769908436291614
0
0
0
0
0
0.002708236952014106
0.0013257302479985193
0
0
0
0
0.02085171568976951
0.002316385817931479
0.007089387088512262
0.02085171568976951
0.02085171568976951
0
0
0
0
0
0
0
0
0
0
0
0
0
0
0
0
0
0
0
0
0
0
0
0
0
0
0
0
0
0
0
0
0
0
0
0
0
0
0
0
0
0
0
0
0
0
0
0
0
0
0
0
0
0
0
0
0
0
0
0
0
0.0011783353943390568
0
0.0011783353943390568
0.0011783353943390568
0.0021923574555692002
0
