0.4620354595965586
0.00036252291847513427
0
0
0
0
0
0
0.0005734821592013554
0.00017936159145829137
0.0008740738925398385
0.00018055312997130078
0
0.00035984070062037275
0.0004173762055976139
0.000363235424211131
0.00019179554155108287
0.0007681387524464816
0
0.00039222025432645045
0
0.0005125185353261882
0.00042623197379756326
0.00032978976416599473
0.0003228759326321164
0.0003476564782517371
0.0005130876841716365
0.0005130876841716365
0
0.00028213034373899366
0.0002820729301566292
0.0003453179817612546
0.00028213034373899366
0.00028213034373899366
0
0.0005284935196986659
0.00030740882208686533
0.00028155725752380175
0.000261480169550967
0.000529250240087696
0.0005287959480361187
0
0.0004033482842396845
0.0005614039606276532
0.0003233278233705798
0.000832496323597403
0.0003201908936913088
0.0004033482842396845
0.0004033482842396845
0
0
0.0008485499717108514
0
0.0003037708478609853
0.0006804645943984663
0
0
0
0.0003594208164889604
0.0003661136763839609
0.0003580282523026413
0
0.0005016671656857314
0
0.0003840693762232408
0
0
0.0005016671656857314
0.0005016671656857314
0
0.0012158827884119964
0.0006403817873826176
0.0003497618922002715
0.0012158827884119964
0.0012158827884119964
0
0.0003535083853072369
0
0.0002285041837767352
0.000354865944390598
0.00035405016061038975
0
0
0
0
0
0
0
0
0.000720804149136597
0
0.000766227959529948
0
0
0
0.00028697854633326624
0.0002669182320026335
0.00028697854633326624
0.00028697854633326624
0.00017797976101562352
0.000321751712810974
