1.3093333199837622
0.0010273309689947134
0
0.0013840732769384379
0
0
0
0
0
0.0015248447049500337
0
0.0005116581946009232
0
0
0
0.0010293500943268571
0
0
0
0
0
0
0
0
0
0
0
0
0
0.00026650383065006356
0.0015986975823977562
0
0.00026650383065006356
0.00026650383065006356
0.0032733332999594056
0
0
0.0015957749177132996
0
0
0
0.0016894623483661448
0.0011430234133424375
0.0015909274847919345
0
0
0
0.0011430234133424375
0.0011430234133424375
0
0
0.0024046525619536496
0
0
0
0
0
0
0
0
0
0.0010424628343819763
0.0018955241693576
0.002603048349868314
0
0
0
0.0018955241693576
0.0018955241693576
0
0
0.005444213388705872
0
0
0
0
0
0
0
0
0
0
0
0
0
0
0.0033231810151872136
0
0.002371980652144497
0
0
0
0
0
0
0
0
0
0
0.01866153036956826
0.006382544038918061
