1.3470736479666094
0.0010569428387340993
0
0
0
0
0
0
0.0005573329118604093
0.0015687969502716725
0.0020387039696808315
0
0
0
0
0.0010590201634957622
0.0005591837475992567
0.0005598809841922733
0.0010725108662154534
0.0022870520338991672
0
0.001120693550720973
0
0
0
0.0010135994341358987
0.0011219380743752994
0.0011219380743752994
0
0.00027418555830787896
0
0
0.00027418555830787896
0.00027418555830787896
0
0
0
0
0
0
0
0
0
0.0008183922527136144
0.0009426687529507413
0
0
0
0
0
0.0076538275452648265
0.0012369822295377497
0
0
0.0019839081707902937
0.0076538275452648265
0.0076538275452648265
0
0
0
0
0
0
0
0
0
0
0
0
0
0
0
0
0
0
0
0
0.003120633933513381
0
0
0
0
0
0
0
0
0
0
0
0
0
0
0
0
0
0
0.0007782054580974057
0
0
0.0005189035623908358
0
