0.27443684570176036
0.0006459870828601657
0.00012800226012208972
0.0002901023738919243
0.0005257410837198474
0
0
0
0.0005677220639258592
0.00021307208517217419
0.00020767071184393522
0.0009651940646017363
0.0001231210613287395
0.0006412075834153279
0.0002479104297215541
0.0006472567115607555
0.00034176444047541763
0.0006843811613510233
0.00032775100999414054
0.000931873839394772
0
0.0008371617589349317
0.0005063410437301852
0.0007835455980064536
0.0005753392991651161
0.0008259950209232817
0.0008380914221874969
0.0008380914221874969
0
0.0015082016759510543
0.0010052631710687192
0.0010255487507539625
0.0015082016759510543
0.0015082016759510543
0
0.0005493445581676644
0.0005477781351332542
0.0006689502637459119
0.0006212492262631814
0.0005501311339955104
0.0005496589184298491
0
0.0008385237537810225
0.0008336477694464166
0.0007681927101518834
0.0009889616061324697
0.0005705547727687326
0.0008385237537810225
0.0008385237537810225
0
0
0.0002520081227748029
0
0.0007217274048698498
0.00040417797599670157
0
0
0
0.0006404593832013076
0.000652385528609573
0.0006379779442892531
0.0004370013466588541
0.00019865135410912803
0.0008184001362875557
0.0004562541075673489
0.002417945777108021
0.00032945599724100883
0.00019865135410912803
0.00019865135410912803
0
0
0.0003803698485124884
0.00041549863088835787
0
0
0
0.0008398985331346912
0.0006357610325137305
0.000950078100846846
0.0008431239499286032
0.0008411857339517559
0
0.001128209026523167
0.0006843811613510233
0.0011387420983475533
0.0011387420983475533
0
0
0.0007457522981026097
0.00042813860483893973
0.0008143526578687252
0.001592917014852672
0
0
0
0.0011932036769641756
0.0006341694874679615
0.0011932036769641756
0.0011932036769641756
0.00021143054368394482
0.0003822240190832317
