1.4696759700589417
0.0005765696234048417
0
0
0
0
0
0
0
0
0
0
0
0.0005723037266584664
0.0006638102845794678
0.0005777028184193953
0
0.0006108378927925776
0
0
0
0.005298332670761576
0.0013557896402757764
0.001049019250577403
0.0020540544654911834
0.003317552979817024
0.005304216438302677
0.005304216438302677
0
0.000897420702254595
0
0
0.000897420702254595
0.000897420702254595
0
0
0
0
0
0
0
0
0.0006414997686857013
0
0
0
0
0.0006414997686857013
0.0006414997686857013
0
0
0
0
0.0009662563905712963
0
0
0
0
0.0011432718553550693
0.0011645609905379887
0.0011388422859813575
0
0
0
0
0
0
0
0
0
0
0
0
0
0
0
0
0
0.0007268427151626814
0
0
0
0
0
0
0
0
0
0
0
0
0
0
0
0
0
0
0
0
0
0
