1.1086626245216111
0.0017397608858714965
0.0005171001047209007
0
0.0021238747596199446
0
0
0
0.0018347747199364685
0.00043038145361863785
0.005453126794847122
0.0012997217169069296
0.0004973811684708888
0.0004317222058105962
0.0010015019191703803
0.0017431802272352378
0.0013806508400020063
0.00184316313303676
0.0008826931723898178
0.0009411397491694491
0
0
0
0.0007913366342052899
0
0.0008342081448620099
0
0
0
0.00022565899135387974
0.004737874463767569
0
0.00022565899135387974
0.00022565899135387974
0
0
0.0007376331500476454
0
0
0
0
0.0028610648374751257
0
0.000673549589624308
0
0.0013317268763022355
0
0
0
0.005656441961844954
0
0
0
0
0.0016327873704294715
0
0
0
0
0
0
0.004413465861949089
0
0
0
0
0.0013309275204341068
0
0
0
0
0
0
0
0
0
0
0
0
0
0
0.009355802738578996
0
0.00092158156651838
0
0
0.01125545811697067
0
0
0
0
0
0
0
0.007199107951439034
0
0
0
0
0
0
