0.40047756659712536
0.00015711163852378398
0
0
0
0
0
0
0.00016569200107452434
0.00015546489386534368
0.000151523861746926
0.0001564976813587829
0.00017966692086008316
0.00015594920817645067
0
0.00015742042712151155
0.00016624224433255515
0.00033289905785297203
0.00015942578288102125
0.00016998198921779515
0
0.0005552933535733852
0.00036944424962834444
0.0002858512252656141
0.0002798585371049094
0.0003013375218939995
0.0005559100036051157
0.0005559100036051157
0
0.0001630277087714738
0.0002444917988993439
0.0002993105878902282
0.0001630277087714738
0.0001630277087714738
0
0.000114520322161031
0.00026645214011784786
0.00024404483034559744
0.00022664265229039354
0.0001146842974218572
0.00011458585596484275
0
0.00017480469951860556
0.00024330350340044066
0.00028025022155152225
0.0002405270670253005
0.0005550624623660781
0.00017480469951860556
0.00017480469951860556
0
0
0.0007354959900773652
0
0.0002632988603531396
0
0
0
0
0.00046730171131519874
0.0004760034468270111
0.00046549116613381483
0
0.00014494302084586513
0.00039808903240270906
0.00033289905785297203
0
0
0.00014494302084586513
0.00014494302084586513
0
0
0.00027753123118303904
0.0003031624274013061
0
0
0
0.000306409767863141
0.00030924908617538637
0.00019806012195703528
0.00030758645667981977
0.0003068793613771076
0
0.0004115905103773128
0.00033289905785297203
0.00041543316037046196
0.00041543316037046196
0
0
0.0003627514190191353
0.0003123849973456516
0
0.00033207095074388505
0
0
0
0.0002487438301845499
0.0002313561909862076
0.0002487438301845499
0.0002487438301845499
0.00015426716741029483
0.0002788840993016193
