1.7147984280919266
0.0006727337889729018
0
0
0
0
0
0
0
0.0006656826196009032
0
0
0
0
0
0.0006740559858851913
0
0.0007127175511604018
0
0
0
0.00047554032947640784
0
0
0
0
0.00047606841423984643
0.00047606841423984643
0
0.0006980657146720646
0
0
0.0006980657146720646
0.0006980657146720646
0
0.0009807254378564065
0
0
0
0.0009821296839014472
0.000981286654129858
0
0
0
0
0
0
0
0
0
0
0
0
0
0
0
0
0
0.001333954436477578
0.0013587943170300528
0.0013287860736861112
0
0
0
0.0014254351023208036
0
0
0
0
0
0
0
0
0
0
0
0
0
0.0008480704392146027
0
0
0
0
0
0
0
0
0
0
0
0
0
0
0
0
0
0
0
0
0
0
