1.4696759700589417
0.0005765696234048417
0
0
0
0
0
0
0
0
0
0.0005743165181941938
0
0.0005723037266584664
0.0006638102845794678
0.0005777028184193953
0.0006100771980319393
0
0
0
0
0.0004075640515970443
0
0.001049019250577403
0
0
0.00040801664910020596
0.00040801664910020596
0
0
0
0
0
0
0
0.0012608029482919145
0.0009778283233925094
0.0008955977879701047
0.0008317351273678221
0.0012626082217001217
0.001261524437818834
0
0
0
0
0
0
0
0
0
0
0
0
0
0
0
0
0
0.0005716359276775346
0.0005822804952689943
0.0005694211429906787
0
0.003191478762342979
0
0
0
0
0.003191478762342979
0.003191478762342979
0
0
0
0
0
0
0
0
0
0
0
0
0
0
0
0
0
0
0
0
0
0.004361056290976088
0
0
0
0
0
0
0
0
0
0
