1.3862943611198906
0
0.0006465925191790535
0
0
0
0
0
0
0
0
0
0.0006219355590488517
0
0
0
0
0.0011523643899583463
0.0005518687743311666
0.0005884101702546225
0
0.00038444103192453985
0
0
0.0009687591622081694
0.0010431108812038303
0.00038486795144916457
0.00038486795144916457
0
0
0
0
0
0
0
0
0
0
0
0
0
0
0
0
0
0.0008326092258978321
0
0
0
0
0
0
0
0
0
0
0
0
0.0005392043411590395
0.0005492449925197665
0.0005371152115923636
0
0.000501735201273938
0
0
0
0.0016642189209122335
0.000501735201273938
0.000501735201273938
0
0
0
0
0
0
0
0
0
0
0
0
0
0.0014247629610687467
0.0011523643899583463
0.0014380646899583927
0.0014380646899583927
0
0
0
0.0010813528557877463
0
0
0
0
0
0
0
0
0
0.0005340116953466451
0.0009653860453481132
