1.6607312068216509
0
0.0007745947793011431
0
0
0
0
0
0
0
0
0
0
0
0.0007501044294587402
0
0
0
0.0019833573329876403
0
0
0.00184218658549268
0
0
0.002321077857193083
0
0.001844232322955748
0.001844232322955748
0
0
0
0.0012412041904496644
0
0
0
0.0009498033782222768
0
0
0
0.0009511633486951036
0.0009503468994687559
0
0
0
0.0011621631958164105
0
0
0
0
0
0
0
0
0
0
0
0
0
0
0
0
0
0.000601060878328502
0.003301652498651393
0
0
0
0.000601060878328502
0.000601060878328502
0
0
0
0
0
0
0
0
0
0
0
0
0
0
0
0
0
0
0
0
0
0
0
0
0
0
0.002063020132697703
0
0.002063020132697703
0.002063020132697703
0
0
