1.6607312068216509
0.0006515226390041784
0
0
0
0
0
0
0.000687104347050745
0.0006446937914680322
0.0006283508160505679
0.0006489766341624271
0.0007450566203775912
0.0006467021833417644
0.0007501044294587402
0.0006528031473355546
0.0006893861381575969
0.0006902457218710104
0.0006611191109958802
0.0007048944001789689
0
0
0
0
0
0
0
0
0
0
0
0
0
0
0
0
0
0
0
0
0
0
0
0
0
0
0
0
0
0
0
0
0
0
0
0
0
0
0
0
0
0
0.000601060878328502
0
0
0
0
0.000601060878328502
0.000601060878328502
0
0
0
0
0
0
0
0
0
0
0
0
0
0
0
0
0
0
0
0
0
0
0
0
0
0
0.0010315100663488516
0
0.0010315100663488516
0.0010315100663488516
0
0
