1.4271163556401458
0.002239492123405486
0.0006656326285635008
0
0
0
0
0
0
0
0.000539960785334902
0
0.0025609983950473677
0.0016671920042525066
0
0.0022438936409436257
0.0005924102763138837
0
0
0
0
0
0
0
0.0019945721252832226
0
0
0
0
0
0
0
0
0
0
0
0
0.0008696626176966154
0
0
0
0
0.014950149513471627
0.010404250466392314
0.0019973636887895673
0.0017142538806488238
0.001977985246902489
0.014950149513471627
0.014950149513471627
0
0
0.003931450015537592
0.001885226361479717
0
0
0
0
0
0
0
0
0
0
0
0
0
0.0034264498334697375
0
0
0
0
0
0
0
0
0
0
0
0
0
0
0
0
0
0
0
0
0
0
0.0011131952852107222
0
0
0
0
0
0.0017728153486212992
0.0008244461904333598
0.0017728153486212992
0.0017728153486212992
0
0
