1.8971199848858813
0
0
0
0
0
0
0
0
0
0
0
0.0008511081134526161
0
0
0
0
0
0
0
0
0.0005261009386816088
0
0
0
0
0.0005266851707067966
0.0005266851707067966
0
0
0
0
0
0
0
0.0005424992807794915
0
0
0.0010736389274962543
0.0005432760552365066
0.0005428097238586213
0
0
0
0.001327585713706005
0
0
0
0
0
0
0
0
0.0012472846711938735
0
0
0
0
0.0007378918649886742
0.0007516323236473381
0.0007350329271158006
0
0
0
0
0
0
0
0
0
0
0
0
0
0
0
0
0
0.0018764787189771328
0
0
0
0
0
0
0
0
0
0
0
0
0
0
0
0
0
0
0
0
0
0.0013211141956029815
