1.3470736479666094
0.0010569428387340993
0
0
0
0
0
0
0
0.0005229323167572241
0
0.0010528125423732782
0.0006043399048751051
0.0005245613893950971
0
0.0010590201634957622
0
0
0.0005362554331077267
0
0
0.000747129033813982
0
0.0019230173418509772
0
0
0.0007479587162501996
0.0007479587162501996
0
0
0
0
0
0
0
0
0.0017925131709469189
0
0
0
0
0
0.00176395501697941
0.0008183922527136144
0.0009426687529507413
0.0008090532420219876
0.0009335229715638319
0.00176395501697941
0.00176395501697941
0
0
0
0
0
0
0
0
0
0.0005239492990924191
0.0005337058827126028
0.0005219192746867918
0
0
0
0
0
0
0
0
0
0
0.0009335229715638319
0
0
0
0
0
0
0
0
0
0
0
0
0
0
0
0
0
0
0.00399725118090982
0
0
0
0
0
0
0
0
0.0005189035623908358
0.0009380735710073882
