1.8971199848858813
0
0
0
0
0
0
0
0
0.0007364596214619104
0
0
0.0008511081134526161
0
0
0
0.000787513484801113
0.0007884954218145807
0.0007552229239195388
0.0008052291956221907
0
0.0005261009386816088
0
0
0
0
0.0005266851707067966
0.0005266851707067966
0
0.00038614288314387977
0
0
0.00038614288314387977
0.00038614288314387977
0
0
0
0
0.0010736389274962543
0
0
0
0
0
0
0
0
0
0
0
0
0
0
0
0
0
0
0
0
0
0
0
0
0
0
0
0
0
0
0
0
0
0
0
0
0
0
0
0.0009382393594885664
0
0
0
0
0
0
0
0
0
0
0
0
0
0
0
0
0
0.0010959676400265055
0
0
0
0
