1.6094379124341003
0.0012627994605210672
0
0
0
0
0
0
0
0.0012495635966103262
0
0
0.0007220448238825035
0
0.0007269367264833334
0.0012652813776997645
0
0
0
0.000683123052815832
0
0
0
0
0.001124694557955346
0.0012110142305749437
0
0
0
0
0.0009825628281038463
0
0
0
0
0
0
0
0
0
0
0
0
0
0
0.0009666293768372975
0.0011153415886584201
0
0
0
0
0
0
0
0.0023703062038793817
0
0
0
0
0
0
0
0
0
0
0
0
0
0
0
0
0.0011153415886584201
0.0012183481547570782
0
0
0
0.001231398555802678
0
0.0007959633592651336
0.001236127428904839
0.001233285756654483
0
0
0
0
0
0
0
0
0
0
0
0
0
0
0
0.0009297734907187176
0
0
0.000619968379211903
0
