0.37106368139083196
0.00014557225633222125
0.00017307074691736565
0
0
0
0
0
0.0001535224167938899
0.0004321393805017453
0.0001403948851270647
0.00014500339249348652
0.00033294184063780346
0.00014449520303381306
0.00016759877208257992
0.00014585836532658489
0.0001540322463224707
0.0003084486129599601
0.00029543286734938853
0.0003149946361552054
0
0.0003087052257827221
0.00034230966917973425
0.000264856303633713
0.00025930376058059537
0.0002792051778712054
0.0003090480411361732
0.0003090480411361732
0
7.552690441498716e-05
0.00022653460402370694
0.0002773271161366457
7.552690441498716e-05
7.552690441498716e-05
0
0.00021221829075826823
0.00024688202354679437
0.00022612046397978792
0.00041999284820694056
0.00021252215429028176
0.0002123397318402472
0
0.0001619658146620829
0.00022543358529212147
0.0002596666769704912
0.00022286106990440356
0.0002571473883512349
0.0001619658146620829
0.0001619658146620829
0
0
0.0006814759988812341
0
0.00024396034279476132
0
0
0
0
0.0002886531943919346
0.00029402827368528683
0.0002875348170405517
0
0.00013429738740167643
0.00036885057792329217
0.0003084486129599601
0
0
0.00013429738740167643
0.00013429738740167643
0
0
0.0002571473883512349
0.0002808960495010083
0
0
0
0.0005678097649438898
0.00028653566130566174
0.00036702639108885456
0.0005699902939951336
0.0005686799714802023
0
0.0007627208250582363
0.0003084486129599601
0.0007698416626365809
0.0007698416626365809
0
0
0.000336108407056913
0.0002894412491348143
0
0.0003076813278530945
0
0
0
0.000460948672535195
0.00021436376741238125
0.000460948672535195
0.000460948672535195
0.0001429367031551741
0.00025840089233344844
