0.9675840262617057
0.0011387807292213092
0
0
0
0
0
0
0
0
0
0.0003781102095590878
0.00043408884085316537
0.0007535701139109857
0.00043702982215975864
0.0011410188988935208
0.00040165380915803476
0.0008043092487628477
0.0011555541714908905
0.0004106893150516578
0
0
0
0.0013812762687533272
0
0.0007280541958327357
0
0
0
0.0009847181215771482
0.0005907106387434101
0.0007231569703002285
0.0009847181215771482
0.0009847181215771482
0
0.0005533794831350905
0.0012875369610934207
0.0005896307289833673
0.0005475857534022104
0.0005541718363469105
0.0005536961523672136
0
0
0.001175679254266957
0.0006771056866771908
0.0017433946419129832
0
0
0
0
0
0
0.001278182333238713
0.0006361499186467493
0
0
0
0
0
0
0
0
0
0
0
0.0021312423485940657
0
0
0
0
0.005092547506640556
0.0006705364007357628
0.002197389915810081
0.005092547506640556
0.005092547506640556
0
0
0
0.0014355846086968928
0
0
0
0
0.0016086184975256954
0
0
0
0
0
0
0
0.0024069254384619545
0
0
0
0
0
0
0
0
0.001347610064431345
