1.3862943611198906
0.0005438581251941509
0
0
0
0
0
0
0.0005735599342655732
0
0.0010490309202572006
0.0010834656984133573
0
0
0.0006261492145979632
0.0005449270287420954
0
0
0.0005518687743311666
0
0
0.0011533230957736194
0
0
0.0009687591622081694
0
0.0011546038543474935
0.0011546038543474935
0
0.00028216860596781815
0.000846333553797247
0
0.00028216860596781815
0.00028216860596781815
0
0
0
0
0.00078454689367283
0
0
0
0
0
0
0.0008326092258978321
0
0
0
0
0
0
0
0
0
0
0
0
0
0
0
0
0.001003470402547876
0.0013780262038965113
0.0011523643899583463
0
0
0.001003470402547876
0.001003470402547876
0
0
0
0
0
0
0
0
0
0
0
0
0
0.0014247629610687467
0
0.0014380646899583927
0.0014380646899583927
0
0
0
0
0
0
0
0
0
0
0
0
0
0
0
