1.3093333199837622
0.0010273309689947134
0
0
0
0
0
0
0.0010834367562960383
0.0005082815683166779
0.0004953966401754681
0
0.0005874083983776412
0.0010197299999873538
0.0011827762601479333
0.0010293500943268571
0.0005435173598936331
0.0005441950623373908
0
0
0
0
0
0.0009345705353203157
0
0
0
0
0
0.00026650383065006356
0.002398046373596634
0.0009785749775663396
0.00026650383065006356
0.00026650383065006356
0
0
0
0
0
0
0
0
0.0005715117066712187
0
0
0
0.0009073688981176453
0.0005715117066712187
0.0005715117066712187
0
0
0.0012023262809768248
0.0034592690092041275
0
0
0
0
0
0
0
0
0
0
0
0.0010883901246747816
0
0.0015718287154667012
0
0
0
0
0
0.0009911682967325983
0
0
0
0
0
0
0
0
0
0
0.0021767802493495633
0
0
0
0
0
0
0
0
0
0
0
0
0
0
0
0
0.001823584011119446
