1.3862943611198906
0.0021754325007766035
0
0.0029308548860885637
0.0026557363239844644
0
0
0
0
0
0
0
0
0.000539834252772543
0.0006261492145979632
0.0021797081149683814
0.0005754646579991244
0
0
0
0
0
0.0025577386736529346
0.0029685104092503013
0
0
0
0
0
0
0
0
0
0
0
0
0
0.0008447863260937785
0.00078454689367283
0
0
0.0017887669175740523
0
0
0.0009701150182784398
0
0.0009607029529590371
0
0
0.003536465206938496
0.03150669002545206
0.006364987883929709
0.007325201379761641
0.003645744539434295
0.008166682539734259
0.03150669002545206
0.03150669002545206
0
0
0
0
0.0022074750973246665
0
0
0
0
0
0
0
0
0
0
0
0
0
0
0
0
0
0
0
0
0
0
0
0
0
0
0
0
0
0.0011494978118738728
0
0
0.0018003822871686891
0
0
0
0
0
0
