1.7147984280919266
0.0006727337889729018
0
0
0
0
0
0
0
0
0
0
0
0.0006677563972320586
0
0.0006740559858851913
0
0.0007127175511604018
0
0
0
0
0
0.0012239817473889555
0
0
0
0
0
0.0006980657146720646
0.0010468854872356084
0.001281613174956597
0.0006980657146720646
0.0006980657146720646
0
0.0004903627189282033
0
0.0010449716198000772
0
0.0004910648419507236
0.000490643327064929
0
0
0
0
0
0
0
0
0
0
0
0
0.001127415140099886
0
0
0
0
0
0
0
0
0
0
0
0
0
0
0
0
0
0
0
0
0
0
0.001312011039090992
0
0
0.001317049483941572
0.0013140217839784879
0
0
0
0
0
0
0
0
0
0
0
0
0
0
0
0
0
0
0
0
