1.6094379124341003
0.0012627994605210672
0
0
0
0
0
0
0.0006658824627364916
0
0.0012178871830753693
0
0
0.0006267281590475468
0.0007269367264833334
0.0012652813776997645
0.0006680937785114572
0.0013378536262960102
0.0006406998059052948
0
0
0
0.0014847213214336718
0
0
0
0
0
0
0.0003275876068459394
0
0
0.0003275876068459394
0.0003275876068459394
0
0
0
0
0
0
0
0
0.0007025045449297688
0.002933361930317315
0
0.001933258753674595
0
0.0007025045449297688
0.0007025045449297688
0
0
0
0
0
0
0
0
0
0
0
0
0
0
0
0
0
0
0
0
0
0
0
0
0
0
0
0
0
0.0007959633592651336
0
0
0
0
0
0
0
0
0
0
0
0
0
0
0
0
0
0.0009297734907187176
0
0
0
0
