1.7147984280919266
0.0013454675779458036
0
0
0
0
0
0
0
0.0006656826196009032
0
0
0
0.0006677563972320586
0
0.0013481119717703826
0
0
0
0
0
0
0
0.0012239817473889555
0
0
0
0
0
0
0
0
0
0
0
0
0.0011409171178256331
0.0010449716198000772
0
0
0
0
0.000748493421253569
0
0
0
0.0011883564990242041
0.000748493421253569
0.000748493421253569
0
0
0
0
0
0
0
0
0
0
0
0
0
0
0
0.0014254351023208036
0
0
0
0
0
0
0
0.0012981063043845016
0
0
0
0.001312011039090992
0.0013241686703412562
0
0.001317049483941572
0.0013140217839784879
0
0
0
0
0
0
0
0
0
0
0
0
0
0
0
0
0
0
0.0006605540940261659
0
