1.8971199848858813
0
0
0
0
0
0
0
0.0007849069031385524
0
0
0.0007413520847541546
0
0
0
0
0
0
0
0
0
0.0005261009386816088
0
0
0
0.0014274792963776383
0.0005266851707067966
0.0005266851707067966
0
0
0
0
0
0
0
0
0
0
0
0
0
0
0
0
0
0
0
0
0
0
0
0
0
0.0012472846711938735
0
0
0
0
0
0
0
0
0
0
0
0.004178678380805907
0
0
0
0
0
0
0
0
0
0
0
0
0
0
0
0
0.001949763602143763
0
0.0019679667893007066
0.0019679667893007066
0
0
0
0
0
0
0
0
0
0.0011783353943390568
0.0010959676400265055
0.0011783353943390568
0.0011783353943390568
0
0
