0.27443684570176036
0.0007536515966701932
0.0005120090404883589
0.0005802047477838486
0.0005257410837198474
0
0
0
0.00011354441278517184
0.0008522883406886967
0.00010383535592196761
0.00021448756991149698
0.000984968490629916
0.0005343396528461066
0.0003718656445823311
0.0007551328301542147
0.0002278429603169451
0.0007984446882428606
0.0004370013466588541
0.0001164842299243465
0
0.0002283168433458905
0.0002531705218650926
0.0003917727990032268
0.000383559532776744
0.00020649875523082043
0.00022857038786931735
0.00022857038786931735
0.003759408845229594
5.585932133152053e-05
0.0010052631710687192
0.0002051097501507925
5.585932133152053e-05
5.585932133152053e-05
0
0.0007847779402395206
0.00036518542342216947
0.00033447513187295595
0.000465936919697386
0.0007859016199935863
0.0007852270263283558
0.001770560294850067
0.001677047507562045
0.0013338364311142666
0.0046091562609113
0.0011537885404878814
0.0038036984851248837
0.001677047507562045
0.001677047507562045
0
0
0.0002520081227748029
0
0.00018043185121746245
0
0
0
0
0.0003202296916006538
0.0003261927643047865
0.00031898897214462655
0.0006555020199882811
0.00019865135410912803
0.0002728000454291852
0.0004562541075673489
0
0
0.00019865135410912803
0.00019865135410912803
0
0
0.0003803698485124884
0.00041549863088835787
0
0
0
0.0004199492665673456
0.00021192034417124352
0.0002714508859562417
0.0004215619749643016
0.00042059286697587793
0.001157961374269031
0.0005641045132615835
0.0004562541075673489
0.0005693710491737766
0.0005693710491737766
0
0
0.00024858409936753654
0.00021406930241946986
0
0.00022755957355038173
0
0
0.0010692344637730923
0.0003409153362754787
0.0011097966030689326
0.0003409153362754787
0.0003409153362754787
0.0003171458155259172
0.0005733360286248475
