1.7719568419318754
0
0
0
0
0
0
0
0.0007331224004682976
0
0
0
0
0.0006900143465466804
0.0008003418436910006
0
0.0007355570120099109
0
0
0
0
0
0.0016346465331474865
0
0
0.0013333008592414412
0
0
0
0
0
0
0
0
0
0.001013415408597012
0
0
0
0.0010148664615875576
0.0010139953315776112
0.0022863959250733878
0
0
0
0.001064238343502628
0
0
0
0
0
0
0
0
0
0
0
0
0
0
0
0
0
0
0
0
0
0
0
0
0
0
0
0
0
0
0.0013557435668950844
0.0013683064416462358
0.0008763386953174458
0.001360949955400826
0.0013578213348136978
0
0
0
0
0
0
0
0
0
0
0
0
0
0
0
0
0
0
0.0006825719730091971
0
