0.9162907318741551
0.00035947066766345824
0
0
0
0
0
0
0.000379102495603705
0.0017785146193209532
0.0010400575844201534
0.00035806593664484374
0
0
0
0.0003601771744788346
0
0
0
0.0007778359353770417
0
0
0
0
0
0.0006894587899730286
0
0
0
0.0009325165193101518
0
0
0.0009325165193101518
0.0009325165193101518
0
0.00026202194220021594
0
0
0
0.0002623971168024499
0.00026217188322579546
0
0
0.0005566772368615766
0.0006412111489672184
0.0005503247638883814
0
0
0
0
0
0.0008414056307384344
0
0
0
0
0
0
0.0003563946837316823
0.0003630311932940393
0.00035501384419765796
0
0.00033162892937899205
0
0
0
0
0.00033162892937899205
0.00033162892937899205
0
0.002411291399668829
0.0006349901121789017
0
0.002411291399668829
0.002411291399668829
0
0
0.0007075604107136333
0.002265802996721452
0
0
0
0
0.0007616714313168372
0
0
0
0.010181008131935057
0
0
0
0
0.010181008131935057
0.010181008131935057
0
0.000569124678182705
0.003176051063688579
0.000569124678182705
0.000569124678182705
0.0010588875946157417
0.0006380854678789381
