1.4696759700589417
0.0005765696234048417
0.000685483194990178
0
0
0
0
0
0
0.0005705263858924463
0.0011121271056064638
0.0005743165181941938
0
0.0005723037266584664
0.0006638102845794678
0.0005777028184193953
0.0006100771980319393
0
0
0
0
0.0004075640515970443
0.0013557896402757764
0.001049019250577403
0
0
0.00040801664910020596
0.00040801664910020596
0
0
0
0
0
0
0
0
0.0009778283233925094
0.0008955977879701047
0
0
0
0
0.0012829995373714025
0
0
0.0008826882703056706
0
0.0012829995373714025
0.0012829995373714025
0
0
0
0
0.0019325127811425926
0
0
0
0
0
0
0
0
0
0
0
0
0.0035286337816541214
0
0
0
0
0
0
0
0
0
0
0.0011348849189644337
0
0
0
0
0
0
0
0
0
0
0
0
0
0
0
0
0
0
0
0
0
0
0
