1.5141277326297755
0.0011880170518868383
0.0007062162932041864
0.0032011157138050225
0.0058012556805738524
0
0
0
0
0.0011755650098057263
0
0.0011833745467993556
0.0006792856584252021
0.000589613603048978
0
0.0011903519910611443
0
0.000629313272082201
0
0
0
0
0
0
0
0
0
0
0
0
0
0
0
0
0
0
0
0
0
0
0
0
0
0
0
0
0.0010492915680040025
0
0
0
0
0
0
0
0
0
0
0
0
0
0
0.0012055157106924965
0.0005480013509336864
0.001505097149731387
0.002517253088328804
0
0
0.0005480013509336864
0.0005480013509336864
0
0
0
0
0
0
0
0
0
0
0
0
0
0.0015561436101025443
0.001258626544164402
0.0015706719218151197
0.0015706719218151197
0
0
0
0
0
0
0
0
0
0
0
0
0
0.0005832541342949829
0
