1.8971199848858813
0.000744260488382064
0.004424253696095805
0
0
0
0
0
0.0007849069031385524
0
0
0
0
0.0007387538881954367
0.0008568744285844088
0.0007457232644991673
0.000787513484801113
0.0007884954218145807
0
0.0008052291956221907
0
0.0005261009386816088
0
0
0
0
0.0005266851707067966
0.0005266851707067966
0
0
0
0
0
0
0
0
0
0
0.0010736389274962543
0
0
0
0
0
0
0.0011394114023338625
0
0
0
0
0
0
0
0
0
0
0
0
0
0
0
0
0
0
0
0
0
0
0
0
0
0
0
0
0
0
0
0
0
0
0
0
0
0
0
0
0
0
0
0
0
0
0
0
0.002463792188163482
0
0
0
0
0
0
