0.9162907318741551
0
0
0
0
0
0.08329915744310501
0.0704839024518581
0
0
0
0
0
0
0
0
0
0.0003808357156584186
0.0014590616749588458
0.0011667539030655626
0
0.00025410170046426934
0
0
0
0
0.000254383878921198
0.000254383878921198
0
0.000559509911586091
0
0.0006848211747938379
0.000559509911586091
0.000559509911586091
0
0.00026202194220021594
0
0.0005583733893200215
0
0.0002623971168024499
0.00026217188322579546
0
0.0003999523054885007
0
0.0006412111489672184
0
0.0006349901121789017
0.0003999523054885007
0.0003999523054885007
0
0
0.0008414056307384344
0
0
0
0
0
0
0.0003563946837316823
0.0003630311932940393
0.00035501384419765796
0
0.00033162892937899205
0
0
0
0.0010999888737985054
0.00033162892937899205
0.00033162892937899205
0
0
0
0
0
0
0
0.0007010640641730337
0
0.0009063211986885806
0.0007037563224839901
0.0007021384918575902
0
0.0009417170933958429
0
0.0009505090579607418
0.0009505090579607418
0
0
0
0
0
0
0
0
0
0.000569124678182705
0
0.000569124678182705
0.000569124678182705
0.0003529625315385806
0
