1.6607312068216509
0
0
0
0
0
0
0
0
0
0.0006283508160505679
0.0006489766341624271
0.0014901132407551824
0
0.0007501044294587402
0
0
0
0
0.0007048944001789689
0
0
0
0
0
0
0
0
0
0
0
0
0
0
0
0.0004749016891111384
0
0
0
0.0004755816743475518
0.00047517344973437795
0
0.002174680759696618
0.0010089497003776737
0
0
0.0011508878772152813
0.002174680759696618
0.002174680759696618
0
0
0.0015250056995607447
0
0
0
0
0
0
0.002583790286770363
0.0026319036558187813
0.0025737794758956233
0
0
0
0
0
0
0
0
0
0
0
0
0
0
0
0
0
0
0
0
0
0
0.0013804914437420207
0
0
0
0
0
0
0
0
0
0
0
0
0
0
0
0.0006397269671886175
0
