1.8971199848858813
0
0
0
0
0
0
0
0
0
0
0.0007413520847541546
0
0
0
0
0
0
0.0007552229239195388
0.0008052291956221907
0
0.0005261009386816088
0
0.001354118476007053
0
0
0.0005266851707067966
0.0005266851707067966
0
0.0007722857662877595
0
0.0014178774177024524
0.0007722857662877595
0.0007722857662877595
0
0
0.001262222212166255
0
0
0
0
0
0
0
0
0
0
0
0
0
0
0
0
0
0
0
0
0
0.0014757837299773484
0.0015032646472946762
0.0014700658542316013
0
0
0
0
0
0
0
0
0
0
0
0
0
0
0
0
0
0
0
0
0
0
0
0
0
0
0
0
0
0
0
0
0
0
0
0
0
0
0
0
