1.7147984280919266
0.0006727337889729018
0
0
0
0
0
0
0.0007094739048787449
0
0.0006488075777873352
0
0.0007693128883319545
0.0013355127944641172
0
0.0006740559858851913
0.001423659965207079
0.0007127175511604018
0
0
0
0
0
0
0
0
0
0
0
0
0
0
0
0
0
0
0
0.0020899432396001543
0
0
0
0
0
0
0
0
0
0
0
0
0
0
0
0.001127415140099886
0
0
0
0
0.000666977218238789
0.0006793971585150264
0.0006643930368430556
0
0
0
0
0
0
0
0
0
0
0.0047534259960968165
0.0012981063043845016
0
0
0
0
0
0
0
0
0
0
0
0
0
0
0
0
0.005350385111051253
0
0
0
0
0
0
0.0019812806794822953
0
0
0.0006605540940261659
0
