1.8971199848858813
0
0
0
0
0
0
0
0.0007849069031385524
0
0
0.0007413520847541546
0
0
0
0
0
0.0007884954218145807
0
0
0
0
0
0
0
0.0014274792963776383
0
0
0
0
0
0
0
0
0
0
0.001262222212166255
0
0
0
0
0
0.0008280750697886867
0
0.001327585713706005
0
0
0.0008280750697886867
0.0008280750697886867
0
0
0
0
0
0
0
0
0
0
0
0
0
0.0006866159916344123
0
0
0.004178678380805907
0
0.0006866159916344123
0.0006866159916344123
0
0
0
0
0
0
0
0
0.0014649575172863947
0
0
0
0
0
0
0
0
0
0
0
0
0
0
0
0
0
0
0
0
0
0.0014615716370461336
0
