1.4696759700589417
0.0005765696234048417
0
0
0
0
0
0
0
0
0.0011121271056064638
0
0
0.0005723037266584664
0
0.0005777028184193953
0
0.0006108378927925776
0
0
0
0.0032605124127763545
0.002711579280551553
0.001049019250577403
0.0010270272327455917
0.005529254966361707
0.0032641331928016477
0.0032641331928016477
0
0.000897420702254595
0.0008972380769590608
0.001098412533676339
0.000897420702254595
0.000897420702254595
0
0
0
0
0.0008317351273678221
0
0
0
0
0
0
0.0017653765406113412
0.0010184864657373123
0
0
0
0
0
0
0
0
0
0
0
0.0005716359276775346
0.0005822804952689943
0.0005694211429906787
0
0
0
0
0
0
0
0
0
0
0
0
0
0
0
0
0
0
0
0
0
0
0
0
0
0
0
0
0
0
0
0
0
0
0
0
0
0
0
0
