1.3862943611198906
0
0
0
0
0
0
0
0
0
0
0
0
0
0
0
0
0
0
0
0
0.003075528255396319
0
0
0
0.0010431108812038303
0.0030789436115933166
0.0030789436115933166
0
0.00028216860596781815
0
0.001036094440298872
0.00028216860596781815
0.00028216860596781815
0
0
0
0
0
0
0
0
0.0012102089577650725
0
0.0009701150182784398
0.0008326092258978321
0.0019214059059180742
0.0012102089577650725
0.0012102089577650725
0
0
0
0
0
0
0
0
0
0
0
0
0
0.0035121464089175655
0.0013780262038965113
0
0
0
0.0035121464089175655
0.0035121464089175655
0
0
0.022096167918057852
0.001049427979651696
0
0
0
0
0
0
0
0
0
0
0
0
0
0
0
0
0.010813528557877462
0
0
0
0
0
0.0008610523982111122
0
0.0008610523982111122
0.0008610523982111122
0.0005340116953466451
0
