1.5606477482646683
0.0006122588263101877
0
0
0
0
0
0
0
0.0012116830343669785
0.0005904834461841348
0.000609866255672008
0
0.001823186621804519
0.0007048996152956948
0.000613462165198376
0.0019435214797816542
0
0.001242553939701169
0.0006624141546114891
0
0.0004327919435010173
0
0.0011139527111096847
0
0
0.0004332725564310573
0.0004332725564310573
0
0
0
0
0
0
0
0.00044628188397617056
0.0010383551219325805
0.0009510345815141184
0.0008832188728153189
0.00044692089011015703
0.00044653726702851746
0
0
0
0
0
0
0
0
0
0
0
0
0
0
0
0
0
0
0
0
0
0
0
0
0
0
0
0
0
0
0
0
0
0
0
0
0
0
0
0
0
0
0
0
0
0
0
0
0
0
0
0
0
0
0
0
0
0
0.0006011740170511049
0
