0.6733445532637655
0.0013208013991050716
0
0
0
0
0
0
0.0008357607198143553
0.001306957595620663
0.0012738262452965674
0.0013156400024692564
0.0015104184685145032
0.0013110291146101354
0.0006082606623882253
0.0013233973138045707
0.0013975603015022116
0.001399302895394359
0.0013402558783116353
0.0014289994763662258
0
0.000373457877572804
0.003105832810257221
0.0014418512917853653
0.00235270633565257
0.0015199651315209153
0.0003738726003685539
0.0003738726003685539
0
0
0
0.002516235251359363
0
0
0
0.00038509840049400374
0.0022400018405314887
0.002051628742424636
0.0011431995810929805
0.00038564980141109136
0
0
0
0
0.002355999136682175
0.002022055715506803
0.0023331412102001576
0
0
0
0
0
0.0017789816466678085
0.0013280957658062438
0.00198334183582847
0
0
0
0.0005237997302713073
0.0005335535287351549
0
0
0
0
0.0016791634744732307
0.002966275565038615
0.001616673597271946
0
0
0
0
0
0.0015291700679722154
0
0
0
0.00103036656964616
0.002599785919937319
0
0.0010343234305126966
0
0
0
0.002798605790788718
0.0013969804009621692
0.0013969804009621692
0
0
0
0.0015756892822084998
0
0.0027916440848414826
0
0
0
0.0008364528611972243
0.0019449582705481385
0.0008364528611972243
0.0008364528611972243
0
0.0023445144612248103
