1.8971199848858813
0
0
0
0
0
0
0
0
0.0007364596214619104
0
0
0
0
0
0
0
0
0
0.0016104583912443815
0
0.0005261009386816088
0
0
0
0
0.0005266851707067966
0.0005266851707067966
0
0.00038614288314387977
0
0
0.00038614288314387977
0.00038614288314387977
0
0
0
0
0
0
0
0
0.0008280750697886867
0
0
0
0
0.0008280750697886867
0.0008280750697886867
0
0
0
0
0
0
0
0
0
0
0
0
0
0
0
0
0
0
0
0
0
0
0
0
0
0
0
0.0014515072569899626
0
0.0009382393594885664
0.0014570814016020594
0.0014537317891845833
0
0
0
0
0
0
0
0
0
0
0
0
0
0
0
0
0
0
0
0
