1.7719568419318754
0.0006951576468936349
0.0008264724076174792
0
0
0
0
0
0
0
0
0
0.0007949559631816399
0
0
0.0006965239158537247
0
0.0007364741653914694
0.0014107936639584995
0.0007521039227215091
0
0.0004913912484558723
0
0
0.0012382647392955104
0
0.0004919369355724252
0.0004919369355724252
0
0
0
0.001324332467811566
0
0
0
0
0
0.001079803072475244
0
0
0
0
0.000773442532488815
0.0010765229902380774
0
0
0
0.000773442532488815
0.000773442532488815
0
0
0
0
0
0
0
0
0
0
0
0
0
0
0
0
0
0
0
0
0
0
0
0
0
0
0
0
0
0
0
0
0
0
0
0
0
0
0
0
0
0
0
0
0
0
0
0
0
0
0
0
