1.8971199848858813
0
0
0
0
0
0
0
0
0
0
0
0
0
0
0
0
0
0
0
0
0.0005261009386816088
0
0
0
0
0.0005266851707067966
0.0005266851707067966
0
0.0023168572988632786
0
0
0.0023168572988632786
0.0023168572988632786
0
0.001084998561558983
0
0
0
0.0010865521104730133
0.0010856194477172425
0
0
0
0
0
0
0
0
0
0
0
0
0
0
0
0
0
0.0014757837299773484
0.0015032646472946762
0.0014700658542316013
0
0
0
0
0
0
0
0
0
0
0
0
0
0
0
0
0
0
0
0
0
0
0
0
0
0
0
0
0
0
0
0
0
0
0.0011783353943390568
0
0.0011783353943390568
0.0011783353943390568
0
0
