1.7147984280919266
0.0006727337889729018
0
0
0.0032850544599462195
0
0
0
0
0
0
0
0
0
0
0.0006740559858851913
0.0007118299826035395
0.0014254351023208036
0.0006826426863423275
0.0007278431358624476
0
0
0
0
0.002396643505369569
0
0
0
0
0.0003490328573360323
0
0.002563226349913194
0.0003490328573360323
0.0003490328573360323
0
0
0
0
0
0
0
0
0.000748493421253569
0
0
0.001029908965820977
0
0.000748493421253569
0.000748493421253569
0
0
0
0
0
0
0
0
0
0
0
0
0.001365285372684655
0
0
0
0
0
0
0
0
0
0
0
0
0
0
0
0
0.0008480704392146027
0
0
0
0
0
0
0
0
0
0
0
0
0
0
0
0
0
0
0
0
0
0
