1.7147984280919266
0.0006727337889729018
0
0
0
0
0
0
0
0.0006656826196009032
0.0006488075777873352
0
0
0
0
0.0006740559858851913
0
0
0
0
0
0
0
0
0
0.001290292270949531
0
0
0
0.0003490328573360323
0
0
0.0003490328573360323
0.0003490328573360323
0
0
0
0
0
0
0
0
0
0
0
0
0
0
0
0
0
0
0
0
0
0
0
0
0.000666977218238789
0.0006793971585150264
0.0006643930368430556
0
0
0
0
0
0
0
0
0
0
0.0011883564990242041
0
0
0
0
0
0.0013241686703412562
0
0
0
0
0
0
0
0
0
0
0
0
0
0
0
0
0
0.001065092191361445
0
0.001065092191361445
0.001065092191361445
0.0006605540940261659
0.001194149323183793
