1.8325814637483102
0.0007189413353269165
0
0
0
0
0
0
0
0
0
0
0
0
0
0.0007203543489576692
0
0.0007616714313168372
0
0
0
0
0
0
0
0
0
0
0
0.0014920264308962428
0
0
0.0014920264308962428
0.0014920264308962428
0
0.0005240438844004319
0
0
0
0.0005247942336048998
0.0005243437664515909
0
0
0
0
0
0
0
0
0
0.010412394680388126
0.0016828112614768688
0.0024208473761536463
0.0012048530333650955
0.005397883545650398
0.010412394680388126
0.010412394680388126
0
0
0
0
0
0
0
0
0
0
0
0
0
0
0
0
0
0
0
0
0
0
0
0
0
0
0
0
0
0
0
0
0
0
0
0
0
0
0
0
0
0
0
0
