1.8971199848858813
0
0
0
0
0
0
0
0
0
0
0
0
0
0
0
0
0
0
0
0
0
0
0
0
0
0
0
0
0.00038614288314387977
0
0
0.00038614288314387977
0.00038614288314387977
0
0
0.001262222212166255
0
0
0
0
0
0.0008280750697886867
0
0
0
0
0.0008280750697886867
0.0008280750697886867
0
0
0
0
0
0
0
0
0
0.0007378918649886742
0.0007516323236473381
0.0007350329271158006
0
0.0006866159916344123
0.005657415461886326
0
0
0
0.0006866159916344123
0.0006866159916344123
0
0
0
0
0
0
0
0
0
0
0
0
0
0
0
0
0
0
0
0
0
0
0
0
0
0
0
0
0
0
0.0014615716370461336
0
