1.4696759700589417
0.0005765696234048417
0
0
0
0
0
0
0
0.0005705263858924463
0
0
0
0
0
0.0005777028184193953
0
0.0006108378927925776
0.0005850620899916169
0.0006238013455258666
0
0.0004075640515970443
0
0
0
0
0.00040801664910020596
0.00040801664910020596
0
0.00059828046816973
0
0.001098412533676339
0.00059828046816973
0.00059828046816973
0
0.0008405352988612764
0
0
0
0.0008417388144667478
0.0008410162918792228
0
0
0
0
0
0
0
0
0
0
0
0
0
0
0
0
0
0
0
0
0
0
0
0
0
0
0
0
0
0
0.0010184864657373123
0
0
0
0
0
0
0
0
0
0
0.0015104583453843183
0
0.0015245601349159147
0.0015245601349159147
0
0
0
0
0
0
0
0
0
0
0.0016980658232916715
0
0
0.0005661309591906555
0.00204690246526315
