1.7719568419318754
0
0
0
0
0
0
0
0
0
0.0006704339167354807
0
0
0.0006900143465466804
0
0
0.0007355570120099109
0
0.0007053968319792498
0
0
0
0
0.0012647800442054785
0.0012382647392955104
0
0
0
0
0
0
0
0
0
0
0.001013415408597012
0.0011789466679520129
0
0
0.0010148664615875576
0.0010139953315776112
0
0.00154688506497763
0
0
0
0
0.00154688506497763
0.00154688506497763
0
0
0
0
0.0011649946363786164
0
0
0
0
0
0
0
0
0
0
0
0
0
0
0
0
0
0
0
0
0
0
0.0013557435668950844
0
0
0.001360949955400826
0.0013578213348136978
0
0
0
0
0
0
0
0
0
0
0
0
0
0
0
0
0
0
0
0
