1.3470736479666094
0.0005284714193670496
0.0006282992761038291
0
0
0
0
0
0
0.0015687969502716725
0.0005096759924202079
0.0010528125423732782
0
0.0020982455575803884
0.000608434348675072
0.0005295100817478811
0.0022367349903970267
0
0
0
0
0
0
0.0009615086709254886
0
0
0
0
0
0.0005483711166157579
0
0
0.0005483711166157579
0.0005483711166157579
0
0.0003852083637308006
0.0008962565854734594
0
0
0.0003857599220981127
0.00038542879770146196
0
0
0
0.0009426687529507413
0.0016181064840439753
0.0009335229715638319
0
0
0
0
0
0
0
0
0
0
0
0
0
0
0
0
0
0
0
0
0
0
0
0
0
0
0
0
0
0
0
0
0
0
0
0
0.002239523936769093
0
0
0
0
0
0
0
0.0011169764908512516
0
0
0
0.0008366917068115587
0.0007782054580974057
0.0008366917068115587
0.0008366917068115587
0
0
