1.4696759700589417
0
0
0
0
0
0
0
0.0006080579106574024
0
0.0005560635528032319
0
0.0006593431897976409
0
0.0006638102845794678
0
0.0006100771980319393
0
0.0011701241799832339
0
0
0.0004075640515970443
0
0
0
0
0.00040801664910020596
0.00040801664910020596
0
0.00059828046816973
0
0
0.00059828046816973
0.00059828046816973
0
0.0004202676494306382
0
0
0
0.0004208694072333739
0.0004205081459396114
0
0
0
0.0010284646396493643
0
0.0010184864657373123
0
0
0
0
0
0
0.0009662563905712963
0.0021644712372002085
0
0
0
0.0011432718553550693
0.0011645609905379887
0.0011388422859813575
0
0
0
0
0
0
0
0
0
0
0
0
0
0
0
0
0
0.0007268427151626814
0
0
0
0
0
0
0
0
0
0
0
0
0
0
0
0
0
0
0
0
0
0
