1.8971199848858813
0
0
0.0020054122461795787
0.003634329472961458
0
0
0
0
0
0
0
0
0
0.0008568744285844088
0
0
0
0.0007552229239195388
0
0
0
0
0
0.0013257302479985193
0
0
0
0
0.00038614288314387977
0
0
0.00038614288314387977
0.00038614288314387977
0
0.0005424992807794915
0
0
0.0010736389274962543
0.0005432760552365066
0.0005428097238586213
0
0
0
0
0
0
0
0
0
0
0
0
0
0
0
0
0
0
0
0
0.0015104458478390776
0
0
0
0
0
0
0
0
0
0
0
0
0
0
0
0
0.0009382393594885664
0
0
0
0
0
0
0
0
0
0
0
0
0
0
0
0
0
0
0
0
0.0007307858185230668
0
