1.7719568419318754
0
0.0008264724076174792
0
0
0
0
0
0
0
0
0
0
0.0006900143465466804
0
0
0.0007355570120099109
0
0
0.0007521039227215091
0
0.0004913912484558723
0
0
0
0
0.0004919369355724252
0.0004919369355724252
0
0
0
0
0
0
0
0
0
0
0
0
0
0
0.000773442532488815
0
0
0
0
0.000773442532488815
0.000773442532488815
0
0
0
0
0
0
0
0
0
0.0006892091956172211
0.0007020431227939285
0.0006865388771529932
0
0
0
0
0
0
0
0
0
0
0
0
0
0
0
0.0013557435668950844
0
0
0.001360949955400826
0.0013578213348136978
0
0
0
0
0
0
0
0
0
0
0
0
0
0
0
0
0
0
0.0020477159190275913
0
