1.3470736479666094
0
0
0
0
0
0
0
0
0
0
0
0.0006043399048751051
0
0
0
0
0
0
0
0
0.000373564516906991
0
0
0
0
0.0003739793581250998
0.0003739793581250998
0
0.00027418555830787896
0
0
0.00027418555830787896
0.00027418555830787896
0
0.0003852083637308006
0
0
0.0022870520338991672
0.0003857599220981127
0.00038542879770146196
0
0
0
0
0
0
0
0
0
0
0
0
0
0
0
0
0
0.0005239492990924191
0.0005337058827126028
0.0005219192746867918
0
0
0
0
0
0
0
0
0
0
0
0
0
0
0
0.0010306607865085
0
0.0006662085301516367
0.0010346187772400995
0.0010322403432694327
0
0.0013844539033572554
0
0.0013973793028699269
0.0013973793028699269
0
0
0
0
0
0
0
0
0
0.0008366917068115587
0.0015564109161948115
0.0008366917068115587
0.0008366917068115587
0.0010378071247816715
0
