1.6094379124341003
0
0
0
0
0
0
0
0.0013317649254729832
0
0
0.0006289323612481831
0
0.0006267281590475468
0
0
0.0006680937785114572
0.0006689268131480051
0.0006406998059052948
0
0
0
0
0
0
0
0
0
0
0.0003275876068459394
0
0
0.0003275876068459394
0.0003275876068459394
0
0.0004602338897438091
0
0.001961533104733821
0
0.0004608928729765465
0.0004604972567765666
0
0
0
0
0
0.0011153415886584201
0
0
0
0
0
0
0
0
0
0
0
0
0
0
0
0
0
0
0.003545017428268944
0
0
0
0
0
0
0.0012183481547570782
0
0
0
0
0
0.0007959633592651336
0
0
0
0
0
0
0
0
0
0.0014578241960453808
0
0
0.0013345256322007464
0
0
0
0
0.0009297734907187176
0
0
0
0
