1.2378743560016172
0.0014568941027873095
0
0
0
0
0
0
0.0005121532296241693
0.000961082574535417
0.001405078724178907
0
0
0
0
0.0014597574952849258
0
0.0015434842344159815
0
0.0005254135636679191
0
0.0003432818513592949
0.003425851538749863
0
0
0.005588597544025359
0.0003436630638538638
0.0003436630638538638
0
0
0
0.0009251676801207902
0
0
0
0
0.0032944094637434923
0
0
0
0
0
0.001080641079006213
0
0.0017325043470981345
0.002973872326730612
0.0017156955731138146
0.001080641079006213
0.001080641079006213
0
0
0
0
0
0
0
0
0
0
0
0
0
0
0
0
0.008179786493402758
0
0
0
0
0.045605897326375364
0.003431391146227629
0.0028112210961429612
0.045605897326375364
0.045605897326375364
0
0
0
0.0006122029455992172
0
0
0
0
0
0
0
0
0
0
0
0
0
0
0
0
0
0
0
0
0.0009536782403710457
0.0025860884874685597
