1.8971199848858813
0
0
0
0
0
0
0
0
0
0
0
0
0
0
0
0
0
0
0
0
0.0005261009386816088
0
0
0
0
0.0005266851707067966
0.0005266851707067966
0
0.00038614288314387977
0
0
0.00038614288314387977
0.00038614288314387977
0
0.001084998561558983
0
0
0
0.0010865521104730133
0.0010856194477172425
0
0
0
0
0
0
0
0
0
0
0
0
0
0
0
0
0
0.0007378918649886742
0.0007516323236473381
0.0007350329271158006
0
0
0.0018858051539621084
0
0
0
0
0
0
0
0
0
0
0
0
0
0
0
0
0
0
0
0
0
0
0
0
0
0
0.005629436156931399
0
0
0
0
0
0
0
0
0.0014615716370461336
0
