0.5978370007556204
0.00046907571655992186
0
0.001263926005825836
0
0
0
0
0.0002473467111111379
0.000464159162077345
0.00045239273609959927
0.0004672426735096682
0.0005364172281342489
0.0004656051407754053
0.0005400514911974891
0.0004699976421034752
0.0004963362397306935
0.0004969551128475647
0.0004759848732130736
0.0005075016984343127
0
0.0003315790353608544
0.0011030202965970856
0.0004267216279483372
0.0008355513637395114
0.00044983972968820195
0.00033194725194648556
0.00033194725194648556
0
0
0
0.0008936278038200605
0
0
0
0.001025742637842071
0.0007955249511052833
0.0007286252294401224
0.0003383344656228752
0.0010272113415045023
0.00085527467919259
0.0007714025816201554
0
0
0.0008367207848224218
0.0007181225234301746
0.0008286029116502015
0
0
0
0
0
0.0007897450472333162
0.00039305522732124945
0.0008804668641467163
0
0
0
0.00023253092211420476
0.00023686093532314598
0
0
0
0
0.0004969551128475647
0.001316821587567446
0.0007176914774977435
0
0
0
0
0
0.0009051279345278129
0
0
0
0.00045741163026443793
0.0009233003872673674
0
0.00045916820334533057
0
0
0
0.0009939102256951294
0.0006201628638543781
0.0006201628638543781
0
0
0
0.0004663315138499379
0
0.0009914378121983756
0
0
0.0007764116892930135
0.00037132732966187605
0.000690741768637343
0.00037132732966187605
0.00037132732966187605
0
0.0008326420623337332
