1.7719568419318754
0
0
0
0
0
0
0
0
0
0
0
0
0
0
0
0
0
0
0
0
0.0009827824969117446
0
0
0
0
0.0009838738711448504
0.0009838738711448504
0
0
0
0
0
0
0
0.000506707704298506
0
0
0
0.0005074332307937788
0.0005069976657888056
0
0
0
0
0
0
0
0
0
0
0
0
0
0
0
0
0
0
0
0
0
0.0006413162656286194
0
0
0
0
0.0006413162656286194
0.0006413162656286194
0
0
0
0
0
0
0
0.0013557435668950844
0
0.0008763386953174458
0.001360949955400826
0.0013578213348136978
0
0
0
0
0
0
0
0
0.0013821816239718218
0
0.001469284280208852
0
0
0
0
0.0010236607983430822
0
0
0.0020477159190275913
0
