1.0216512475319812
0.0008016094527516526
0
0
0
0
0
0
0.0004226939377459583
0.0003966037451599306
0.0007730996954460698
0
0
0.0003978392708457871
0.00046145042797289125
0.0008031849430282872
0.00042409765360397727
0.00042462645367081516
0.0012201248975302324
0.0008672761014702727
0
0.0002833198135141379
0
0.0007292300125139053
0
0
0.0002836344385152641
0.0002836344385152641
0
0.0004158971087042464
0.0006237187103369849
0
0.0004158971087042464
0.0004158971087042464
0
0.00058430154276922
0.0006797413489900074
0.0012451569135063757
0.0005781840676468484
0.0005851381715532538
0.0005846359070283154
0
0.00044594118181230083
0
0
0
0
0.00044594118181230083
0.00044594118181230083
0
0
0
0
0.0006716970726705991
0
0
0
0
0
0
0
0
0.0003697615807209487
0
0
0
0
0.0003697615807209487
0.0003697615807209487
0
0
0
0.0007733923145586535
0
0
0
0
0
0.0005052676792937593
0
0
0
0
0
0
0
0
0
0
0
0
0
0
0
0
0
0.0005902086929705264
0
0
0.0003935482463528433
0
