1.4696759700589417
0.0005765696234048417
0
0
0
0
0
0
0.0018241737319722074
0.001711579157677339
0
0.0005743165181941938
0.0013186863795952818
0.001716911179975399
0
0.0005777028184193953
0.0030503859901596965
0.0006108378927925776
0
0
0
0
0
0.001049019250577403
0
0
0
0
0
0.000299140234084865
0.0008972380769590608
0.001098412533676339
0.000299140234084865
0.000299140234084865
0
0
0
0
0
0
0
0
0
0.0008928772600601103
0
0
0
0
0
0
0
0
0.005824343342373613
0
0
0
0
0
0
0
0
0
0.0005319131270571631
0
0.0012216757855851553
0
0
0.0005319131270571631
0.0005319131270571631
0
0
0
0
0
0
0
0
0
0
0
0
0
0
0
0
0
0
0
0
0.0011463931123704694
0
0
0
0
0
0
0
0
0
0
0.00204690246526315
