1.7147984280919266
0
0
0
0
0
0
0
0.0007094739048787449
0
0
0.0013402097913965821
0
0
0.0007745250352718729
0
0
0
0
0
0
0.00047554032947640784
0
0
0
0.001290292270949531
0.00047606841423984643
0.00047606841423984643
0
0.0003490328573360323
0
0
0.0003490328573360323
0.0003490328573360323
0
0
0
0
0
0
0
0
0
0
0
0
0
0
0
0
0
0
0
0
0
0
0
0
0
0
0
0
0.0012412583627158353
0
0
0.0037770890486606315
0
0.0012412583627158353
0.0012412583627158353
0
0
0
0.0012981063043845016
0
0
0
0
0.0013241686703412562
0.0008480704392146027
0
0
0
0
0
0
0
0
0
0
0
0
0
0
0
0
0
0
0
0
0.0006605540940261659
0
