1.3862943611198906
0.0005438581251941509
0
0
0
0
0
0
0
0.0005381577488819451
0
0.0010834656984133573
0.0006219355590488517
0.000539834252772543
0
0.0005449270287420954
0
0.0005761821949791732
0.0005518687743311666
0.0005884101702546225
0
0
0
0
0
0.0010431108812038303
0
0
0
0.0005643372119356363
0
0
0.0005643372119356363
0.0005643372119356363
0
0.0007928477901743727
0
0
0
0.0007939830246963864
0.0007933014942030848
0
0
0
0
0
0
0
0
0
0
0.0025459951535718836
0
0.0018228722697171474
0.0020416706349335647
0
0
0
0
0
0
0
0
0.0027560524077930226
0.0023047287799166927
0
0
0
0
0
0
0.0019214059059180742
0
0
0
0
0
0
0.0013712110396833733
0
0
0
0
0.0011523643899583463
0
0
0
0
0.0012557014140578719
0
0
0
0
0
0
0
0
0
0
0
0
