1.6094379124341003
0.0006313997302605336
0
0
0
0
0
0
0
0
0
0
0
0.0006267281590475468
0
0.0006326406888498823
0
0.0013378536262960102
0
0.002732492211263328
0
0.0040168999478388525
0
0.0011487779532006427
0
0
0.004021360691812022
0.004021360691812022
0
0.0003275876068459394
0.0009825628281038463
0.0012028683949432738
0.0003275876068459394
0.0003275876068459394
0
0
0
0
0
0
0
0.0020766940805601293
0
0
0
0
0
0
0
0.004105708960291072
0
0
0
0
0
0
0
0
0
0
0
0.0012813996118105895
0
0
0.0013378536262960102
0
0
0
0
0
0
0
0
0
0
0
0
0
0
0
0
0
0
0
0
0
0.0040848677980560915
0
0
0
0
0
0
0
0.002090179107057273
0
0
0
0
0
0
