1.6607312068216509
0.0006515226390041784
0.0007745947793011431
0
0
0
0
0
0.000687104347050745
0
0.0006283508160505679
0.0006489766341624271
0
0.0006467021833417644
0.0007501044294587402
0.0006528031473355546
0.0006893861381575969
0
0
0
0
0
0
0
0
0.0012496096364346507
0
0
0
0
0
0
0
0
0
0
0
0
0.0018797184004772506
0
0
0
0
0
0
0.0009974361602532438
0
0
0
0
0
0.004575017098682234
0
0
0
0
0
0
0
0
0
0
0.000601060878328502
0.003301652498651393
0
0
0
0.000601060878328502
0.000601060878328502
0
0
0.003452663631645844
0
0
0
0
0
0
0
0
0
0
0
0
0
0
0
0
0
0.001295422158207216
0
0
0
0
0
0
0
0
0
0
0
