1.2729656758128876
0
0
0
0
0
0
0
0
0.000494163694026742
0.001444909961195105
0.0004974465321660366
0
0.00049570314478695
0
0
0.0005284207869708956
0
0
0.0005403080118051305
0
0
0
0
0
0
0
0
0
0.0005182030025698708
0
0.001902788753083539
0.0005182030025698708
0.0005182030025698708
0
0
0.0008469498841070444
0
0
0
0
0
0.0005556375712845428
0.000773369183361414
0
0
0
0.0005556375712845428
0.0005556375712845428
0
0
0
0
0
0
0
0
0
0.0004951247280485755
0.0005043445625249159
0.0004932063834997627
0
0.0023035933329947295
0
0.0010581593315152848
0
0
0.0023035933329947295
0.0023035933329947295
0
0
0.0008821660955044266
0.0009636379075040784
0
0
0
0
0
0.0006295577031715567
0
0
0
0
0
0
0
0
0
0
0
0
0.001055527094372212
0
0
0
0
0
0
0
0.002942139466439648
0.0008864663480591139
