1.6607312068216509
0
0
0
0
0
0
0
0
0.0006446937914680322
0.0006283508160505679
0
0
0
0
0
0
0
0
0.0007048944001789689
0
0
0
0
0
0
0
0
0
0.0006760558545986774
0
0
0.0006760558545986774
0.0006760558545986774
0
0.0004749016891111384
0
0
0
0.0004755816743475518
0.00047517344973437795
0
0
0
0
0
0
0
0
0
0
0
0
0
0
0
0
0
0
0
0
0
0.001803182634985506
0
0
0
0
0.001803182634985506
0.001803182634985506
0
0
0
0
0
0
0
0.0038119308496288853
0.001282417920325599
0.00328532385127923
0.0038265696009715457
0.0038177728892451746
0
0
0
0
0
0
0
0.0015042855134254085
0
0
0.0013770573854242545
0
0
0
0
0
0
0
0
0
