1.4696759700589417
0.0005765696234048417
0
0
0
0.02332819000093558
0
0
0
0
0.0005560635528032319
0
0
0.0005723037266584664
0
0.0005777028184193953
0
0.0006108378927925776
0
0
0
0
0.0013557896402757764
0
0
0
0
0
0
0.000897420702254595
0
0
0.000897420702254595
0.000897420702254595
0
0.0004202676494306382
0
0
0
0.0004208694072333739
0.0004205081459396114
0
0.0012829995373714025
0.0008928772600601103
0.0010284646396493643
0.0017653765406113412
0.0010184864657373123
0.0012829995373714025
0.0012829995373714025
0
0
0
0
0
0
0
0
0
0
0
0
0
0.0010638262541143263
0
0
0
0
0.0010638262541143263
0.0010638262541143263
0
0
0
0
0
0
0
0
0
0
0
0
0
0
0
0
0
0
0
0
0
0
0
0
0
0
0
0
0
0
0
0
