1.0498221244986776
0.0008237129262445489
0.0004896558416505026
0
0.006033460485624584
0
0
0
0.0013030477341729554
0.0004075396446035239
0.0015888340892904695
0.0016409880804981285
0.0018839338259285375
0.0004088092385119461
0.003793395210473993
0.0008253318588826083
0.00043579166645856275
0.0004363350475888103
0.00041792282026221247
0.00044559512924392087
0
0
0
0
0
0
0
0
0
0.00021368250040681408
0.0019227511437704718
0
0.00021368250040681408
0.00021368250040681408
0
0
0
0
0.0011882536779837891
0
0
0
0
0.0006378020197440325
0
0
0
0
0
0
0
0
0
0
0
0
0
0
0.0004083322148964129
0.00041593586549075977
0.00040675014509828657
0
0.00037995733785692277
0
0
0
0
0.00037995733785692277
0.00037995733785692277
0
0
0
0
0
0
0
0
0
0
0
0
0.004429629217293998
0.0010789538792381065
0.0034906803807104826
0.0010890271001023626
0.0010890271001023626
0
0
0
0
0.003115199182488658
0
0
0
0
0
0.0006064830297508247
0
0
0.0004043998938746832
0
