0.9942522733438669
0.0003900558153565582
0
0.0010510066314417198
0
0
0
0
0
0.0007719349948321948
0.0003761832286582925
0
0.00044605306116817715
0
0
0.00039082243449051375
0
0
0
0
0
0.000551443301910076
0.0009172068942286595
0
0
0
0.0005520556764818806
0.0005520556764818806
0
0.0012142303358565441
0
0
0.0012142303358565441
0.0012142303358565441
0
0.0008529473320078927
0.0006615118252454204
0
0.0005626781399795512
0.0008541686197112258
0.0008534354277629758
0
0.0008679635734123674
0.0012080829566754154
0.000695767860982412
0.0005971485125188389
0
0.0008679635734123674
0.0008679635734123674
0
0
0
0
0
0
0
0
0
0.0003867181148750941
0.00039391928420913903
0.00038521978819987094
0
0.0003598451948403427
0
0
0
0.001193580160076671
0.0003598451948403427
0.0003598451948403427
0
0
0
0
0
0
0
0
0
0
0
0
0
0
0
0
0
0
0
0.0009005908273042272
0
0
0
0
0
0
0.0006175479958657558
0.0011487605700102447
0.0006175479958657558
0.0006175479958657558
0
0.0006923762349191274
