1.4271163556401458
0
0
0
0
0
0
0
0
0
0.000539960785334902
0
0
0
0.0006445873331707976
0
0
0
0
0
0
0.0007915232144426766
0
0.0010186412245825453
0
0
0.0007924021963576602
0.0007924021963576602
0
0.00029047758103809197
0.0008712554063737154
0
0.00029047758103809197
0.00029047758103809197
0
0.00040809732789252103
0
0.0008696626176966154
0
0.00040868165969076343
0.0004083308599828744
0
0
0
0.0009986818443947837
0
0
0
0
0
0
0.0013104833385125306
0
0
0
0
0
0
0
0
0
0
0.0010330194394789329
0
0
0
0
0.0010330194394789329
0.0010330194394789329
0
0.003755569356947752
0
0
0.003755569356947752
0.003755569356947752
0
0
0
0
0
0
0
0
0
0
0
0
0
0
0
0
0
0
0
0
0
0.004122230952166799
0
0
0.0005497366547150023
0
