1.3093333199837622
0.0010273309689947134
0
0
0
0
0
0
0.0005417183781480191
0
0
0.0010233163892018463
0.0005874083983776412
0.0010197299999873538
0.0005913881300739667
0.0010293500943268571
0.0010870347197872662
0
0.0005212314171909882
0
0
0
0
0.0009345705353203157
0
0.0009852018961503102
0
0
0
0.00026650383065006356
0
0
0.00026650383065006356
0.00026650383065006356
0
0
0
0
0.0007409922580553267
0
0
0
0
0
0
0.002359159135105878
0
0
0
0
0
0
0
0
0
0
0
0
0
0
0
0
0.0004738810423394
0
0.0021767802493495633
0
0
0.0004738810423394
0.0004738810423394
0
0
0
0.0009911682967325983
0
0
0
0
0
0
0
0
0
0
0
0
0
0
0
0.0011859903260722485
0
0
0
0
0
0
0.0016265010186133693
0.003782014211391572
0.0016265010186133693
0.0016265010186133693
0
0.000911792005559723
