0.9675840262617057
0.0007591871528142061
0
0.0010228160954140653
0
0
0
0
0.0004003243799179585
0.0007512298340541192
0.0010982792579588032
0.0003781102095590878
0.00043408884085316537
0
0
0.0007606792659290139
0
0
0
0
0
0
0.0008926051902783263
0
0
0
0
0
0
0
0
0
0
0
0
0.0005533794831350905
0
0.0005896307289833673
0
0.0005541718363469105
0.0005536961523672136
0
0
0
0.0006771056866771908
0.0005811315473043278
0.0006705364007357628
0
0
0
0.005497636512850601
0.0008885069111677738
0.001278182333238713
0.0006361499186467493
0.0014250132934634841
0.005497636512850601
0.005497636512850601
0
0
0
0
0
0.003151739499223797
0
0
0
0
0.003151739499223797
0.003151739499223797
0
0
0.0026821456029430513
0.0014649266105400541
0
0
0
0
0.0007471691322484214
0
0
0
0
0.0009944337371651651
0
0.0010037178695660848
0.0010037178695660848
0
0
0.001752869612792945
0.000754745730313343
0
0
0
0
0
0.0012019677344865909
0.0011179480372752232
0.0012019677344865909
0.0012019677344865909
0
0
