1.07880966137193
0
0
0
0
0
0
0
0
0
0
0
0
0
0.00048726723639201896
0
0
0.0004483830679018828
0
0
0
0.0005983414649872047
0
0
0
0
0.0005990059196956858
0.0005990059196956858
0
0.0006587480122360656
0
0
0.0006587480122360656
0.0006587480122360656
0
0.0006169915135098256
0
0
0.0006105317834589304
0.0006178749492393643
0.0006173445844760687
0
0.0009417805860950938
0
0
0
0.0007476158429465904
0.0009417805860950938
0.0009417805860950938
0
0
0
0
0
0
0
0
0
0.0008392140500754026
0.0008548412530680904
0.0008359625427136226
0
0.0007808973299833008
0
0
0
0
0.0007808973299833008
0.0007808973299833008
0
0
0
0
0
0
0
0.00165081815053088
0
0.0010670718707932046
0.001657157697959954
0.0016533481400336093
0
0.002217491595831305
0
0.002238194318199025
0.002238194318199025
0
0
0.0009771826642861684
0
0
0
0
0
0
0.0013401362253067455
0
0.0013401362253067455
0.0013401362253067455
0.0012466983760076233
0
