1.4696759700589417
0
0.000685483194990178
0.0015535686787092407
0
0
0
0
0.0018241737319722074
0.0005705263858924463
0.0005560635528032319
0.001722949554582581
0.001978029569392923
0
0
0
0
0
0.0005850620899916169
0.0006238013455258666
0
0
0.0013557896402757764
0
0
0.0011058509932723413
0
0
0
0.00059828046816973
0
0
0.00059828046816973
0.00059828046816973
0
0
0
0
0
0
0
0.0018963560903986344
0
0.0008928772600601103
0
0
0
0
0
0
0
0
0.0019414477807912043
0
0
0
0
0
0
0
0
0.0011701241799832339
0.0010638262541143263
0
0
0.0097115152206538
0
0.0010638262541143263
0.0010638262541143263
0
0
0
0
0
0
0
0
0
0
0
0
0
0
0
0
0
0
0
0
0.0011463931123704694
0
0
0
0
0
0
0
0
0
0
0
