1.7147984280919266
0.0006727337889729018
0
0
0
0
0
0
0
0
0
0
0
0.0006677563972320586
0
0.0006740559858851913
0
0.0007127175511604018
0
0
0
0
0
0.0012239817473889555
0.0011983217526847845
0
0
0
0
0.001047098572008097
0.002093770974471217
0.001281613174956597
0.001047098572008097
0.001047098572008097
0
0.003922901751425626
0
0
0
0.003928518735605789
0.003925146616519432
0
0.000748493421253569
0
0
0
0
0.000748493421253569
0.000748493421253569
0
0
0
0
0
0
0
0
0
0
0
0
0
0
0
0
0
0
0
0
0
0
0
0
0
0
0
0
0
0
0
0
0
0
0
0
0
0
0
0
0
0
0
0
0
0
0
0
0
0
0.0006605540940261659
0
