1.4271163556401458
0
0
0
0
0
0
0
0
0
0
0.0027884258609615978
0
0.0016671920042525066
0
0
0
0
0
0
0
0.0007915232144426766
0
0
0
0
0.0007924021963576602
0.0007924021963576602
0
0
0
0
0
0
0
0.0008161946557850421
0
0
0
0.0008173633193815269
0.0008166617199657488
0
0
0
0
0
0
0
0
0
0
0
0
0
0
0
0
0
0.0011101644151226338
0.0011308370488432218
0.0011058631194421898
0
0.0005165097197394664
0
0
0
0
0.0005165097197394664
0.0005165097197394664
0
0
0
0
0
0
0
0.002183804675807415
0
0.0014115888779823401
0.002192191022488703
0.0021871515028967755
0
0.0029334354689417182
0
0.0029608223146061117
0.0029608223146061117
0
0
0
0
0
0
0
0
0
0.0017728153486212992
0
0.0017728153486212992
0.0017728153486212992
0
0
