1.0216512475319812
0
0
0
0
0
0
0
0.0004226939377459583
0.0003966037451599306
0
0
0
0
0
0
0.00042409765360397727
0
0
0
0
0.0002833198135141379
0
0
0
0
0.0002836344385152641
0.0002836344385152641
0
0.0002079485543521232
0
0
0.0002079485543521232
0.0002079485543521232
0
0.00029215077138461
0.0006797413489900074
0
0
0.0002925690857766269
0.0002923179535141577
0
0.00044594118181230083
0
0
0
0
0.00044594118181230083
0.00044594118181230083
0
0
0
0.0013496053468057877
0
0
0
0
0
0.00039737504765926927
0.00040477466225514314
0.0003958354310468738
0
0.0003697615807209487
0
0.0008492529073416303
0
0.0012264720858727264
0.0003697615807209487
0.0003697615807209487
0
0
0
0
0
0
0
0.0007816765474613476
0
0.0005052676792937593
0.0007846783775207229
0.0007828745191815949
0
0.0010500012821500321
0
0.001059804198684628
0.001059804198684628
0
0
0
0
0
0
0
0
0
0.000634565992255889
0
0.000634565992255889
0.000634565992255889
0.0003935482463528433
0
