1.6094379124341003
0.0012627994605210672
0
0
0
0
0
0
0
0
0
0.0006289323612481831
0
0
0
0.0012652813776997645
0
0.0006689268131480051
0
0
0
0
0.0014847213214336718
0
0
0
0
0
0
0.0003275876068459394
0.0009825628281038463
0
0.0003275876068459394
0.0003275876068459394
0
0
0
0
0
0
0
0
0
0
0
0
0
0
0
0
0.00914453359337557
0.0014779044191314053
0.002126073860547028
0.0010581445841118347
0.0023703062038793817
0.00914453359337557
0.00914453359337557
0
0.0006259968543112019
0.0006376536895539225
0.0006235714499938397
0
0
0
0
0
0
0
0
0
0
0
0
0
0
0
0
0.001242809198790811
0
0
0
0
0
0
0
0
0
0
0
0
0
0
0
0
0
0
0
0
0
0
0
