1.8971199848858813
0
0
0
0
0
0
0
0
0
0
0
0.0017022162269052321
0
0.0008568744285844088
0
0
0
0
0
0
0
0
0
0
0.0028549585927552766
0
0
0
0.00038614288314387977
0
0
0.00038614288314387977
0.00038614288314387977
0
0.001627497842338474
0
0
0
0.00162982816570952
0.0016284291715758638
0
0.0008280750697886867
0
0
0
0
0.0008280750697886867
0.0008280750697886867
0
0
0
0
0
0
0
0
0
0
0
0
0
0
0
0
0
0
0
0
0
0
0
0
0
0
0
0
0
0
0
0
0
0
0
0
0
0
0
0
0
0
0
0
0
0
0.0023566707886781136
0
0.0023566707886781136
0.0023566707886781136
0
0
