1.6607312068216509
0
0
0
0
0
0
0
0.000687104347050745
0
0
0.0012979532683248542
0
0
0
0
0.0006893861381575969
0
0.0019833573329876403
0.0007048944001789689
0
0
0
0
0.0011605389285965415
0
0
0
0
0.0003380279272993387
0
0
0.0003380279272993387
0.0003380279272993387
0
0
0
0.002024047784060513
0
0
0
0
0.0007248935865655394
0.0010089497003776737
0
0
0.0023017757544305626
0.0007248935865655394
0.0007248935865655394
0
0
0
0.002193832505708918
0
0.0024458486109302665
0
0
0
0
0
0
0
0
0
0
0.0036579982529111256
0
0
0
0
0
0
0
0
0
0
0
0
0
0
0
0
0
0
0
0
0
0
0
0
0
0
0
0
0
0
0
0
0
0.001279453934377235
0
