1.2039728043259361
0.00047233142578498863
0.0005615544796296343
0
0
0
0
0
0.0009962538720115317
0.0004673807470209379
0.0004555326539258177
0.00047048566015081523
0.0005401403339281903
0.00046883676180916516
0.0005437998212854273
0.0004732597501281196
0.0004997811558015509
0.0010008086486499885
0.000958577073507911
0.0005110241104948795
0
0.00033388042271933897
0.002221352037501727
0.000859366741132003
0.0016827013337888694
0.0027177715673271695
0.0003342511949822144
0.0003342511949822144
0
0
0
0
0
0
0
0
0
0
0.0006813654806598394
0
0
0
0
0
0
0
0.001668707975503723
0
0
0
0
0
0
0.0007915666037645866
0
0
0
0
0
0
0
0
0
0
0.0010008086486499885
0.0026519224764888463
0
0
0
0
0
0.0008343539877518614
0.0009114101471051749
0
0
0
0
0
0
0
0
0
0
0
0
0
0
0
0
0
0
0
0
0
0
0
0.0006955359932558845
0
0
0
0.0008384211729289249
