1.3470736479666094
0.0005284714193670496
0
0
0
0
0
0
0.0005573329118604093
0
0.0010193519848404158
0.0010528125423732782
0
0
0
0.0005295100817478811
0
0
0
0
0
0
0
0.0009615086709254886
0
0
0
0
0
0
0
0
0
0
0
0.0003852083637308006
0.0008962565854734594
0
0
0.0003857599220981127
0.00038542879770146196
0
0.0005879850056598033
0
0
0.0008090532420219876
0
0.0005879850056598033
0.0005879850056598033
0
0
0
0
0
0
0
0
0
0.0005239492990924191
0.0005337058827126028
0.0005219192746867918
0
0.0024377011363854676
0
0.0011197619683845465
0
0
0.0024377011363854676
0.0024377011363854676
0
0.003544930652543709
0
0
0.003544930652543709
0.003544930652543709
0
0
0
0.0006662085301516367
0
0
0
0
0
0
0
0
0
0
0
0
0
0
0
0
0
0
0
0
0
0.0009380735710073882
