0.02020270731751947
3.1702953813290654e-05
1.884580906485025e-05
4.2711854793910084e-05
7.740500887938493e-05
0.0006413557878577609
0
0
5.0151528301661906e-05
3.1370663536520914e-05
3.821927226167134e-05
3.9473832195231474e-05
3.625429756396495e-05
2.360129359523302e-05
9.124980721553509e-06
3.1765263077860804e-05
2.51590377553169e-05
2.5190408126582878e-05
3.2169916110699795e-05
5.145001863544857e-05
0.00027486676622475467
1.120505120217386e-05
9.318591936125216e-05
5.768082032125473e-05
2.8235789402542933e-05
4.560430545715456e-05
1.1217494346207369e-05
1.1217494346207369e-05
0.00027674941530848586
8.224183723801942e-06
2.4667530302221575e-05
4.5297550039281324e-05
8.224183723801942e-06
8.224183723801942e-06
0.00010101353658759734
1.1554307873903043e-05
4.0324765104829273e-05
4.924486853752461e-05
2.2866674949088252e-05
1.1570851842794656e-05
1.1560919781127021e-05
5.213601888392121e-05
1.763658430163201e-05
2.4547639510959254e-05
4.241296147834738e-05
6.066879074330171e-05
2.8000980343062327e-05
1.763658430163201e-05
1.763658430163201e-05
0.000103075037334283
0.00011478810975863335
3.710322739672997e-05
5.337571286002502e-05
6.641258158290425e-05
8.926085707298734e-05
0.00011478810975863335
0.00011478810975863335
0.0004000536102479103
1.5715836108533233e-05
1.6008484403739674e-05
1.565494561605538e-05
3.2169916110699795e-05
1.4623747605877286e-05
4.01644280666391e-05
6.717442167088768e-05
4.4499355324932755e-05
4.850589992201553e-05
1.4623747605877286e-05
1.4623747605877286e-05
0.0002149224182714837
5.316501925663018e-05
2.8000980343062327e-05
0.00010705446723893738
5.316501925663018e-05
5.316501925663018e-05
0.00037762069752372834
3.091462481640317e-05
4.680163857340417e-05
2.9974343201067464e-05
3.103334457376262e-05
3.0962003551753976e-05
0.00017048698158244276
4.1526633746185964e-05
5.0380816253165755e-05
4.1914330534272755e-05
4.1914330534272755e-05
0.00010255181379451507
0.00011223726287510817
3.65991074592744e-05
4.727622617204244e-05
0.00017984605920640478
6.700732111946756e-05
0.00011223726287510817
0.00011223726287510817
5.247456446108953e-05
2.5096530829216732e-05
3.501335756935783e-05
2.5096530829216732e-05
2.5096530829216732e-05
1.5564489458797744e-05
2.813747537258979e-05
