1.7719568419318754
0
0
0
0
0
0
0
0
0
0.0006704339167354807
0
0.0007949559631816399
0
0.0008003418436910006
0
0
0.0007364741653914694
0.0007053968319792498
0
0
0
0
0.002529560088410957
0
0
0
0
0
0.00036066697372926426
0.0010817807337801437
0.001324332467811566
0.00036066697372926426
0.00036066697372926426
0
0.000506707704298506
0
0
0.0010028052302953456
0.0005074332307937788
0.0005069976657888056
0
0
0
0
0
0
0
0
0
0
0
0
0
0
0
0
0
0
0
0
0
0
0
0
0
0
0
0
0
0
0
0
0
0
0
0
0
0
0
0
0
0
0
0
0
0
0
0.0016050333713151046
0
0
0
0
0
0
0
0
0
0
0.0006825719730091971
0
