0.47803580094299974
0.0011252313870765002
0
0
0
0
0
0
0.0005933419126309472
0
0.0005426059034540292
0.000186805705722157
0.0004289240026406458
0.00037230202565654186
0.000647744987727642
0.0011274429267523578
0.0007937497732552922
0.00019868487154738144
0.00038060175234315267
0.00020290144352419343
0
0.0002651335557088185
0.0004409924362942802
0.0006824208436017127
0.0003340571634821801
0.0010790875867787804
0.00026542798497667953
0.00026542798497667953
0
0.00019460036675880308
0
0.0003572763833654707
0.00019460036675880308
0.00019460036675880308
0
0.0005467953113445809
0.0009541632753353287
0.0008739228536435096
0.0005410705160645158
0.0005475782370481097
0.0005471082128103001
0
0
0
0.0010035741097473752
0.0008613257674648645
0.0006625582826652803
0
0
0
0
0.0004389676776336086
0.0006314871875072652
0.0009428714022544374
0
0
0
0
0.000185933800444574
0.0001893961176477812
0.00018521340602208438
0
0.0010380799151856672
0.000475184692786282
0.00039736974309476287
0.0010529422928259907
0.0005738725101356539
0.0010380799151856672
0.0010380799151856672
0
0
0
0.0003618741869364116
0
0
0
0.000365750421532517
0.000369139614627799
0.0002364173100608307
0.0003671549930437786
0.0003663109585770113
0
0.001965203703773894
0.0015894789723790515
0.0019835510412572603
0.0019835510412572603
0
0
0
0.0003728828400491418
0
0.0011891437834402978
0
0
0
0.00029691664654844704
0.0002761616412149045
0.00029691664654844704
0.00029691664654844704
0
0.00033289401179874636
