1.7147984280919266
0
0
0
0
0
0
0
0
0.0006656826196009032
0
0.0006701048956982911
0
0.0006677563972320586
0
0
0.0007118299826035395
0
0
0.0007278431358624476
0
0
0
0
0.0011983217526847845
0
0
0
0
0.0003490328573360323
0
0
0.0003490328573360323
0.0003490328573360323
0
0
0
0
0
0
0
0
0
0
0
0
0
0
0
0
0
0
0
0
0
0
0
0
0.001333954436477578
0.0013587943170300528
0.0013287860736861112
0
0.0012412583627158353
0
0
0
0
0.0012412583627158353
0.0012412583627158353
0
0
0
0
0
0
0
0
0
0
0
0
0
0
0
0
0
0
0
0
0
0
0
0
0
0
0.00213018438272289
0
0.00213018438272289
0.00213018438272289
0
0
