1.2729656758128876
0
0.0005937339905843691
0
0
0
0
0
0
0
0
0
0
0
0
0
0
0
0
0.0005403080118051305
0
0.0003530132212459478
0
0.001817224376606549
0
0
0.000353405240370041
0.000353405240370041
0
0.0010364060051397416
0
0
0.0010364060051397416
0.0010364060051397416
0
0.00036401649294048833
0
0
0
0.0003645377078501969
0.00036422479994646287
0
0.0005556375712845428
0
0
0
0
0.0005556375712845428
0.0005556375712845428
0
0
0
0
0
0
0
0
0
0.0014853741841457263
0.0015130336875747476
0.001479619150499288
0
0
0
0
0
0
0
0
0
0
0
0
0
0
0
0.0009739599661919568
0
0.0006295577031715567
0.0009777002118378552
0.0009754526251439751
0
0.0013082894920995762
0
0.0013205038130839084
0.0013205038130839084
0
0
0
0
0
0
0
0
0
0.0007906619104427874
0
0.0007906619104427874
0.0007906619104427874
0
0
