1.2039728043259361
0.0009446628515699773
0
0
0
0
0
0
0
0
0
0
0
0.0009376735236183303
0.0005437998212854273
0.0009465195002562392
0.0004997811558015509
0
0.0004792885367539555
0.001022048220989759
0
0
0
0.000859366741132003
0.0016827013337888694
0
0
0
0
0
0
0
0
0
0
0.0010328619997076948
0.0008010464433306295
0.0007336823914234834
0.0006813654806598394
0.0010343408971872302
0.0010334530509235502
0
0.0005255228303474186
0.0007314537085819781
0.0016850564091335704
0.0007231067893849466
0.0008343539877518614
0.0005255228303474186
0.0005255228303474186
0
0
0.0011055764961670671
0
0
0.0017731558237495378
0
0
0
0
0
0
0
0.0004357483909974434
0
0
0
0
0.0004357483909974434
0.0004357483909974434
0
0
0
0
0
0
0
0
0
0
0
0
0
0.003712146364828169
0
0.0037468033329645313
0.0037468033329645313
0
0
0
0
0
0
0
0
0
0
0
0
0
0
0
