0.6348782724359695
0.0004981390917504665
0
0
0
0
0
0
0.0005253440400794121
0.00024645895669098193
0.0004804224536027011
0.0004961924755263537
0.0005696530035316012
0.00024722674160279184
0.00028675622061245234
0.0002495590693537616
0.000527088644612677
0.00026387293118701976
0.0005054763315573005
0.0005389459018981065
0
0.00017606163961064047
0.0005856810631328132
0.0009063215880599137
0.0008873211354800412
0.0009554225318825725
0
0
0
0
0
0.0009489959229237213
0
0
0
0.0003630988118020987
0.0008448147337803986
0.0003868849923436743
0.000718594535864142
0.00018180935636768886
0.0003633065936686521
0
0
0
0.0008885630125066052
0.000381308271733315
0.0004399710827692096
0
0
0
0
0
0.0008386767139180575
0.0008348169262800388
0.0009350195470338284
0
0
0
0.00024693826232437553
0.0002515365580174206
0.0002459815081115728
0
0
0
0.001055491724748079
0.001398410291709184
0.0007621587904393391
0
0
0
0
0
0.0009612085880938221
0
0
0
0.000485752312498829
0.0009805069844570958
0.00031398529794063773
0
0.000486496760487333
0
0.0006524956551243263
0.001055491724748079
0.0006585874195393875
0.0006585874195393875
0
0
0
0.000990449722989032
0
0.0010528661234427356
0
0
0
0.00039433433070557115
0.0007335393095736216
0.00039433433070557115
0.00039433433070557115
0
0.0004421157886044356
