1.3093333199837622
0.0010273309689947134
0
0
0
0
0
0
0
0.0010165631366333557
0
0.0005116581946009232
0.0011748167967552824
0
0.0005913881300739667
0.0010293500943268571
0
0
0
0
0
0.00036309853576920755
0
0
0
0
0.0003635017545762805
0.0003635017545762805
0
0.00026650383065006356
0
0
0.00026650383065006356
0.00026650383065006356
0
0.0007488323248405847
0
0.0007978874588566498
0
0.0007499045360731743
0.0007492608411924248
0
0
0
0
0
0
0
0
0
0
0
0
0.0008608371597526379
0
0
0
0
0.0010185401166734828
0.0010375065926971174
0.0010145938163376694
0
0
0
0
0
0
0
0
0
0.003445613999957269
0.0009073688981176453
0
0.003445613999957269
0.003445613999957269
0
0
0
0
0
0
0
0
0
0
0
0
0
0
0
0
0.0010856826865537
0
0
0
0
0
0
0
0.000504365685664007
0.000911792005559723
