1.3470736479666094
0.0010569428387340993
0
0
0
0
0
0
0.0011146658237208187
0.0005229323167572241
0.0005096759924202079
0.0010528125423732782
0.0006043399048751051
0.0005245613893950971
0.000608434348675072
0.0010590201634957622
0.0011183674951985134
0.0011197619683845465
0.00160876629932318
0.0011435260169495836
0
0.000373564516906991
0
0
0.0009413512564406774
0
0
0
0
0
0
0
0
0
0
0.0003852083637308006
0
0
0
0.0003857599220981127
0.00038542879770146196
0
0.0005879850056598033
0.0008183922527136144
0
0
0
0.0005879850056598033
0.0005879850056598033
0
0
0
0
0.0008856499986631226
0
0
0
0
0.0005239492990924191
0
0
0
0
0
0
0.0029671225726136774
0
0
0
0
0
0
0
0
0
0
0
0
0
0
0
0
0
0
0
0
0
0
0.0012201754057668563
0
0
0
0
0
0
0
0
0
0
0
0
