1.7147984280919266
0.0006727337889729018
0
0
0
0
0
0
0.0007094739048787449
0
0.0006488075777873352
0
0
0.0006677563972320586
0
0.0006740559858851913
0.0007118299826035395
0.0007127175511604018
0.0006826426863423275
0
0
0.0014266209884292234
0
0
0
0
0.0014282052427195392
0.0014282052427195392
0
0.001047098572008097
0
0
0.001047098572008097
0.001047098572008097
0
0
0
0
0
0
0
0
0
0
0
0.001029908965820977
0
0
0
0
0
0
0
0
0
0
0
0
0.001333954436477578
0.0013587943170300528
0.0013287860736861112
0
0
0
0
0
0
0
0
0
0
0
0
0
0
0
0
0
0
0
0
0
0
0
0
0
0
0
0
0
0
0
0
0
0
0
0
0
0
0
0
