1.5606477482646683
0
0
0
0
0
0
0
0
0.0006058415171834893
0
0
0
0
0
0
0
0
0
0.0013248283092229783
0
0.0004327919435010173
0
0
0
0
0.0004332725564310573
0.0004332725564310573
0
0.00031765677758287573
0
0
0.00031765677758287573
0.00031765677758287573
0
0.00044628188397617056
0.0010383551219325805
0
0
0.00044692089011015703
0.00044653726702851746
0
0
0
0
0
0
0
0
0
0
0
0
0
0
0
0
0
0
0
0
0
0.0005648381282173971
0.0015513397100046403
0
0
0
0.0005648381282173971
0.0005648381282173971
0
0
0
0
0
0
0
0
0
0
0
0
0
0
0
0
0
0
0
0.001413630206761475
0
0
0.0012940694430055293
0
0
0
0.0009693464274935829
0
0.0009693464274935829
0.0009693464274935829
0
0
