1.1394342831883648
0
0
0
0
0
0
0
0
0
0
0
0
0
0
0
0
0.0009471606676545011
0.000907192900627679
0.0009672617004994608
0
0.0006319657699325374
0
0
0
0
0.0006326675642356274
0.0006326675642356274
0
0.0002319223047401516
0
0
0.0002319223047401516
0.0002319223047401516
0
0.000977495810570516
0
0
0
0.0009788954322924096
0.000978055178702459
0
0.0004973523715357332
0
0
0
0
0.0004973523715357332
0.0004973523715357332
0
0
0
0
0
0
0
0
0
0.00044318719688384473
0.00045143989032819527
0.000441470082599134
0
0.0004123902581210151
0
0
0
0
0.0004123902581210151
0.0004123902581210151
0
0
0
0
0
0
0
0.0008717936367164229
0
0.001690555316303212
0.0008751415385471312
0.0008731297189182873
0
0.0011710527062573123
0
0.0011819857709422872
0.0011819857709422872
0
0
0
0
0
0
0
0
0
0.000707723157259854
0
0.000707723157259854
0.000707723157259854
0.0008778384308076771
0
