0.9416085398584451
0
0
0
0
0
0
0
0.0003895773851296835
0
0.0007125301096166819
0.0007359191401785425
0.0004224354149207919
0.00036666999215671537
0.0004252974434771658
0
0.00039087112488935037
0
0.00037484416395638736
0.0007993281323076784
0
0.00026112272319979066
0
0
0.0006580073653797659
0.000708509059336678
0.00026141269846153393
0.00026141269846153393
0
0.0005749695948657307
0.0011497051768723384
0
0.0005749695948657307
0.0005749695948657307
0
0
0
0
0.0005328854215384522
0
0
0
0.0012330098732323592
0.0011441173023796416
0.0006589282994110882
0
0
0.0012330098732323592
0.0012330098732323592
0
0
0
0.0012438686127588443
0
0.0027735155813208984
0
0
0
0.0018312106959518573
0.0018653101027306758
0.0018241157300628538
0
0.0006815841765171516
0
0.0007827169907385246
0
0.0011303824007904502
0.0006815841765171516
0.0006815841765171516
0
0.004955834420307606
0
0
0.004955834420307606
0.004955834420307606
0
0
0
0
0
0
0
0
0.0007827169907385246
0
0
0
0
0
0
0
0
0
0
0
0
0
0
0
0.00036271515402867686
0
