1.171182981502945
0.00045946762710982546
0
0.004952147913331692
0.004487291116869521
0
0
0
0.0009691212093528714
0.00045465177853375193
0
0
0
0.0009121362784290849
0.0005289896032081956
0.00046037066882977405
0.0009723395446267705
0.000486775969036968
0
0.0004971065286515047
0
0
0
0
0
0
0
0
0
0
0.0007150079252154732
0
0
0
0
0.0006698215507594768
0
0
0.000662808704868673
0.000670780630872248
0.0006702048535066925
0.0030224076942011488
0
0.0014230655911335905
0.000819582212388345
0.0007034132021038709
0
0
0
0.002987711687507513
0
0
0
0.0015400170696948654
0
0
0
0
0
0
0
0.004662352633371596
0.0004238809198345802
0
0
0
0.0014059819705917707
0.0004238809198345802
0.0004238809198345802
0
0
0.0008116306178121588
0
0
0
0
0
0
0
0
0
0
0
0
0
0
0
0
0
0.0009135592679430149
0
0.0009711301670837024
0
0
0.001521016859094734
0
0
0
0
0
0
