0.7985076962177716
0.00031326312130944354
0
0
0
0
0
0
0.00033037140927503995
0
0.0003021217163139507
0.0018722337543206837
0.0003582358439738769
0.0006218907291415666
0.0007213258321750421
0.0003138788114063568
0
0.0003318818355019832
0.0003178772676026161
0.00033892516817392684
0
0.0004428772580242771
0.000736630716068055
0.001139911058126726
0
0.0006008334809765023
0.0004433690706372969
0.0004433690706372969
0
0.00032505910694800394
0.0004874894360303856
0
0.00032505910694800394
0.00032505910694800394
0
0.00022834077672798732
0.00053127591232054
0.00048659823048005586
0.00045190022423190245
0.00022866772514827367
0.00022847144383913353
0
0.001742705578825342
0.0009702402141163689
0.0005587877510271319
0.00047958420193259556
0.0005533663868453026
0.001742705578825342
0.001742705578825342
0
0
0
0
0
0
0
0
0
0
0
0
0
0
0
0
0.0017588275247087482
0.000958592672530338
0
0
0
0
0.0005533663868453026
0
0
0
0
0
0
0.0003949098398703124
0
0
0
0
0.0006637636710039664
0
0
0
0
0.0007232859567189961
0
0
0.0006621125175935088
0
0
0
0.0009919350263574802
0
0.0009919350263574802
0.0009919350263574802
0.0009227746874627562
0
