1.3862943611198906
0.0005438581251941509
0
0
0
0
0
0
0
0
0
0
0
0.000539834252772543
0
0.0005449270287420954
0
0.0005761821949791732
0
0
0
0.00038444103192453985
0
0.0009895034697501004
0
0.0010431108812038303
0.00038486795144916457
0.00038486795144916457
0
0.0005643372119356363
0.005078001322783482
0.001036094440298872
0.0005643372119356363
0.0005643372119356363
0
0.00039642389508718636
0
0
0
0.0003969915123481932
0.0003966507471015424
0
0.0006051044788825362
0
0
0
0.0019214059059180742
0.0006051044788825362
0.0006051044788825362
0
0
0
0
0
0
0
0
0
0
0
0
0
0
0
0
0
0
0
0
0
0
0
0
0
0
0
0
0
0
0
0
0
0.0014247629610687467
0
0.0014380646899583927
0.0014380646899583927
0
0
0.0012557014140578719
0
0
0
0
0
0
0
0
0
0
0
0
