1.0498221244986776
0.0008237129262445489
0.0004896558416505026
0
0
0
0
0
0.0004343492447243184
0
0.0007944170446452347
0.0008204940402490642
0
0.0004088092385119461
0
0.0008253318588826083
0
0.0004363350475888103
0.0012537684607866373
0
0
0.0002911320367439483
0
0.001498675409705464
0.0007336283190067628
0
0.00029145533717342523
0.00029145533717342523
0
0
0.0006409170479234907
0
0
0
0
0.0003002064982838655
0.0020954533423127295
0.0019192360594125733
0
0.0003006363472218435
0.0003003782902714385
0
0.00045823750523731017
0
0.0029386203624875507
0
0
0.00045823750523731017
0.00045823750523731017
0
0
0
0
0
0
0
0
0
0
0
0
0
0.00037995733785692277
0.0010435607599390434
0
0
0
0.00037995733785692277
0.00037995733785692277
0
0
0
0
0
0
0
0.0032129215745942694
0.000810673455211334
0.0020767994549924385
0.003225259983098856
0.003217845592333112
0
0
0
0
0
0
0
0
0.0008188940128694834
0
0
0
0
0
0
0
0
0
0.0016175995754987328
0
