1.7147984280919266
0
0
0
0.0032850544599462195
0
0
0
0
0
0.0006488075777873352
0.0006701048956982911
0.0038465644416597724
0
0
0
0
0
0.001365285372684655
0
0
0
0.0015819173690884932
0
0
0
0
0
0
0.0003490328573360323
0.0010468854872356084
0.002563226349913194
0.0003490328573360323
0.0003490328573360323
0
0
0
0
0.0029113725434497906
0
0
0
0
0
0
0.002059817931641954
0.0011883564990242041
0
0
0
0
0
0
0
0
0
0
0
0
0
0
0.001365285372684655
0
0.0017045710020794497
0
0
0
0
0
0
0
0
0
0
0
0
0
0
0
0
0
0
0
0
0
0
0.004352280274344991
0
0
0
0
0
0
0
0.0022270109455739305
0
0
0
0
0
0
