0.7133498878774648
0.0005597096021007962
0
0.000754069648919096
0
0
0
0
0.0005902771103661272
0.00027692154032510276
0.0005398031690332689
0.0002787611910423856
0
0.0002777842242513492
0.0006443991760410702
0.0005608096602810258
0.0005922373498360023
0.00029648790019844753
0
0
0
0.00019782304156335686
0
0.0005091719399553639
0
0
0.00019804272289768597
0.00019804272289768597
0
0.00043558918453743016
0.0004355005420497343
0
0.00043558918453743016
0.00043558918453743016
0
0.0002039891014805447
0.0004746173572039021
0.0004347043801812705
0.0012111203529328774
0.00020428118209549393
0.00020410583344133472
0
0.00031137053159208415
0
0.0019967806518613428
0
0
0.00031137053159208415
0.00031137053159208415
0
0
0
0
0.00046900058374586774
0.0010505889364911115
0
0
0
0.0002774600886337864
0.0002826267384617531
0.00027638507860420954
0
0.00025817947443990764
0.0007090953159815753
0.0005929758003968951
0.0031425105192839863
0.0008563624104171245
0.00025817947443990764
0.00025817947443990764
0
0
0.0004943519666510498
0
0
0
0
0
0
0.0007055884153090651
0
0
0
0.0014662895948149327
0
0.0014799790204926655
0.0014799790204926655
0
0
0.0006461502607585732
0.0005564351699512206
0
0
0
0
0
0
0
0
0
0.0010991523696108857
0
