0.9416085398584451
0.0011082093446745137
0
0
0
0
0
0
0.0003895773851296835
0.00036553126547299883
0.00035626505480834095
0.00036795957008927126
0.0008448708298415837
0.001100009976470146
0.0004252974434771658
0.0011103874290783549
0.00039087112488935037
0
0
0.0007993281323076784
0
0
0
0
0.0006580073653797659
0.000708509059336678
0
0
0
0
0.0011497051768723384
0.0007037433033321712
0
0
0
0
0.00062648605446337
0
0
0
0
0
0.0004110032910774531
0.0011441173023796416
0.0006589282994110882
0.0011310613091392733
0.0006525353706572731
0.0004110032910774531
0.0004110032910774531
0
0
0.001729308613146823
0.0012438686127588443
0
0
0
0
0
0
0
0
0
0.0003407920882585758
0
0
0
0.0011303824007904502
0.0003407920882585758
0.0003407920882585758
0
0
0.0013050707413145462
0
0
0
0
0.0036021749803307004
0
0.0009313635409084521
0.0036160082175823545
0.003607695555013199
0
0
0
0
0
0
0
0
0
0
0
0
0
0
0.0005848500247567982
0.0005439679606345726
0.0005848500247567982
0.0005848500247567982
0
0.0006557162533833183
