1.5141277326297755
0.0005940085259434192
0
0
0
0
0
0
0
0
0
0
0
0.000589613603048978
0.0006838878647830964
0.0005951759955305721
0
0
0
0
0
0
0
0
0
0
0
0
0
0
0.0009243759051463832
0
0
0
0
0
0
0
0
0
0
0
0
0
0
0
0
0
0
0
0
0
0
0
0
0
0
0
0.001766776817537661
0.0017996763858515558
0.0017599314986010564
0
0.0038360094565358044
0
0
0
0
0.0038360094565358044
0.0038360094565358044
0
0
0.0010492915680040025
0
0
0
0
0.0011584756944374717
0
0
0.0011629245258293207
0.0011602511361147704
0
0
0
0
0
0
0.008411820736832087
0
0
0
0.001255495632362998
0.008411820736832087
0.008411820736832087
0
0.0009404520078445811
0
0.0009404520078445811
0.0009404520078445811
0
0
