1.8971199848858813
0.000744260488382064
0
0
0
0
0
0
0
0
0
0
0
0.0007387538881954367
0.0008568744285844088
0.0007457232644991673
0.000787513484801113
0
0
0
0
0
0
0.001354118476007053
0
0
0
0
0
0.00038614288314387977
0
0
0.00038614288314387977
0.00038614288314387977
0
0.001084998561558983
0.001262222212166255
0.0011560755544703725
0.0010736389274962543
0.0010865521104730133
0.0010856194477172425
0
0
0
0
0
0
0
0
0
0
0
0
0
0
0
0
0
0
0
0
0
0
0
0
0
0
0
0
0
0
0
0
0
0
0
0
0
0
0
0
0
0
0
0
0
0
0
0
0
0
0
0
0
0
0
0
0
0
0
0
