1.3470736479666094
0.0005284714193670496
0
0
0
0
0
0
0
0
0
0
0
0
0.000608434348675072
0.0005295100817478811
0
0.0005598809841922733
0
0.0005717630084747918
0
0
0
0
0
0
0
0
0
0
0.0008223892844728995
0
0
0
0
0.0003852083637308006
0
0
0.000762350677966389
0.0003857599220981127
0.00038542879770146196
0
0.0005879850056598033
0
0
0
0
0.0005879850056598033
0.0005879850056598033
0
0.0076538275452648265
0.0012369822295377497
0.0017794896274327735
0.0017712999973262453
0.0019839081707902937
0.0076538275452648265
0.0076538275452648265
0
0.0010478985981848383
0.0010674117654252055
0.0010438385493735836
0
0
0
0
0
0
0
0
0
0
0
0
0
0
0
0
0
0
0
0
0
0
0
0
0
0
0
0
0
0
0
0
0
0
0.0008366917068115587
0
0.0008366917068115587
0.0008366917068115587
0
0
