1.3470736479666094
0.0005284714193670496
0
0
0
0
0
0
0
0
0
0
0
0
0
0.0005295100817478811
0
0.0005598809841922733
0.0010725108662154534
0.0011435260169495836
0
0
0
0
0
0
0
0
0
0
0
0.002013563001444857
0
0
0
0.0003852083637308006
0.0008962565854734594
0
0
0.0003857599220981127
0.00038542879770146196
0
0.0005879850056598033
0
0
0
0.0009335229715638319
0.0005879850056598033
0.0005879850056598033
0
0
0
0
0
0
0
0
0
0
0
0
0
0.00048754022727709353
0
0
0.0029671225726136774
0.0016171352316525923
0.00048754022727709353
0.00048754022727709353
0
0.007089861305087418
0.0009335229715638319
0.0010197378107241555
0.007089861305087418
0.007089861305087418
0
0
0
0
0
0
0
0
0.0011197619683845465
0
0
0
0
0.0012201754057668563
0
0
0
0
0
0
0
0
0
0
0
0
