1.4696759700589417
0.0005765696234048417
0
0
0
0
0
0
0.0006080579106574024
0
0
0
0
0.0005723037266584664
0
0.0005777028184193953
0.0006100771980319393
0.0012216757855851553
0
0
0
0
0
0.001049019250577403
0
0
0
0
0
0.00059828046816973
0.0017944761539181217
0
0.00059828046816973
0.00059828046816973
0
0.0008405352988612764
0.0009778283233925094
0.0008955977879701047
0
0.0008417388144667478
0.0008410162918792228
0
0
0
0
0
0
0
0
0
0
0
0
0
0
0
0
0
0
0
0
0
0
0
0
0
0
0
0
0
0
0.0010184864657373123
0.0022250960939575195
0
0
0
0.004497860658175797
0.0011348849189644337
0.0007268427151626814
0.004515133548568177
0.004504753931215147
0
0
0
0
0
0
0
0
0
0
0
0
0
0
0
0
0
0
0
0
