1.3862943611198906
0.0005438581251941509
0
0
0
0.06601401719618526
0
0
0.0005735599342655732
0
0.0015735463803858009
0
0
0.001079668505545086
0
0.0005449270287420954
0.0005754646579991244
0
0.002759343871655833
0
0
0.00038444103192453985
0.0025577386736529346
0
0.004843795811040848
0
0.00038486795144916457
0.00038486795144916457
0
0
0
0
0
0
0
0
0.0009223515376712512
0
0
0
0
0
0
0
0.0009701150182784398
0
0.0019214059059180742
0
0
0
0
0
0
0.0009114361348585737
0
0
0
0
0.0005392043411590395
0.0005492449925197665
0.0005371152115923636
0
0
0
0
0
0.0016642189209122335
0
0
0
0
0
0.001049427979651696
0
0
0
0
0.0010704975761543557
0
0
0
0
0
0
0
0
0
0
0.0025114028281157438
0.0010813528557877463
0
0
0
0
0
0
0
0
0
0
0
