1.2729656758128876
0
0
0
0
0
0
0
0
0
0.0009632733074634034
0
0.0005710927213157862
0.0009914062895739
0
0
0.0010568415739417912
0.0005290796657576424
0.0010135077036726812
0.001080616023610261
0
0.0010590396637378432
0
0.001817224376606549
0
0
0.001060215721110123
0.001060215721110123
0
0.0002591015012849354
0
0.0009513943765417695
0.0002591015012849354
0.0002591015012849354
0
0.001092049478821465
0.0016938997682140887
0
0
0.0010936131235505906
0.0010926743998393885
0
0
0
0.0008908087304498862
0
0
0
0
0
0.007232759521664134
0
0
0.0008369268085554817
0
0.007232759521664134
0.007232759521664134
0
0
0
0
0
0
0
0
0
0
0
0
0
0
0
0
0
0
0
0
0
0
0
0
0
0
0
0
0
0
0
0
0
0
0
0
0
0
0.0015813238208855747
0.0007353932269283001
0.0015813238208855747
0.0015813238208855747
0
0
