0.5621189181535412
0.00022052527193155795
0
0
0
0
0
0
0.0002325688531872326
0.000654641597228503
0.00042536429674880155
0
0.0007565530526965561
0.00021889365971711105
0.0010155716678474096
0.0002209586942427442
0
0.0004672642711168256
0.00089509381871583
0.0007157711181921153
0
0.002026496377148096
0.0005185598875955177
0
0.0003928154564315452
0.0016918552841340593
0.002028746789560254
0.002028746789560254
0
0.0021738773549597563
0.0003431739427066796
0.00042011877290997103
0.0021738773549597563
0.0021738773549597563
0
0.0014466886655367089
0
0
0.0009543614909228203
0.0014487600983338692
0.0014475165274340117
0
0.0014721577952515265
0.0006830120512193696
0.00039336523313753755
0.0006752179197039534
0.0003895487998292039
0.0014721577952515265
0.0014721577952515265
0
0
0
0
0.0007391438765990023
0
0
0
0
0.001093191206055117
0.001113547777641722
0.001088955672517515
0.000447546909357915
0.00020344513867301528
0
0
0
0.0006748126268349833
0.00020344513867301528
0.00020344513867301528
0
0.002958520621860743
0
0
0.002958520621860743
0.002958520621860743
0
0
0
0.0008340043296046606
0
0
0
0
0.0004672642711168256
0
0
0
0
0.0005091656867332801
0.000876940589943122
0.0016680086592093211
0.0004661019221836992
0
0
0
0.0003491421851885349
0.0009742095635243348
0.0003491421851885349
0.0003491421851885349
0.00043306542230627215
0.0011743431437748076
