1.7719568419318754
0.0013903152937872697
0
0
0
0
0
0
0
0
0
0
0
0.0013800286930933609
0
0.0013930478317074493
0
0.0014729483307829388
0
0
0
0.0004913912484558723
0.0016346465331474865
0.002529560088410957
0.0012382647392955104
0.0013333008592414412
0.0004919369355724252
0.0004919369355724252
0
0.0007213339474585285
0.0010817807337801437
0.001324332467811566
0.0007213339474585285
0.0007213339474585285
0
0
0
0
0
0
0
0
0
0
0
0
0
0
0
0
0
0
0
0.0011649946363786164
0
0
0
0
0
0
0
0
0
0
0
0
0
0
0
0
0
0
0
0
0
0
0
0
0
0
0
0
0
0
0
0
0
0
0
0
0
0
0
0
0
0
0
0
0
0
0
