0.02020270731751947
3.1702953813290654e-05
2.8268713597275374e-05
6.406778219086512e-05
0.00011610751331907741
0.00032067789392888047
0
0
0.00011702023270387777
0.0001097973223778232
3.821927226167134e-05
7.894766439046295e-05
7.25085951279299e-05
0.00011800646797616512
9.124980721553509e-06
3.1765263077860804e-05
3.3545383673755864e-05
3.358721083544384e-05
6.433983222139959e-05
5.145001863544857e-05
0.0005497335324495093
3.361515360652158e-05
5.5911551616751294e-05
5.768082032125473e-05
4.23536841038144e-05
7.600717576192427e-05
3.3652483038622104e-05
3.3652483038622104e-05
0.0005534988306169717
3.700882675710874e-05
4.933506060444315e-05
6.0396733385708434e-05
3.700882675710874e-05
3.700882675710874e-05
0.00020202707317519469
4.044007755866065e-05
4.0324765104829273e-05
3.6933651403143455e-05
3.4300012423632375e-05
4.049798144978129e-05
4.046321923394457e-05
0.00010427203776784242
7.054633720652804e-05
4.909527902191851e-05
4.241296147834738e-05
6.066879074330171e-05
4.2001470514593494e-05
7.054633720652804e-05
7.054633720652804e-05
0.000206150074668566
0.00011478810975863335
5.565484109509496e-05
2.668785643001251e-05
3.984754894974254e-05
2.9753619024329115e-05
0.00011478810975863335
0.00011478810975863335
0.0008001072204958206
4.714750832559969e-05
4.8025453211219023e-05
4.696483684816614e-05
6.433983222139959e-05
3.655936901469321e-05
6.024664209995865e-05
5.0380816253165755e-05
4.4499355324932755e-05
2.4252949961007766e-05
3.655936901469321e-05
3.655936901469321e-05
0.0004298448365429674
5.316501925663018e-05
4.2001470514593494e-05
6.117398127939279e-05
5.316501925663018e-05
5.316501925663018e-05
0.0007552413950474567
9.274387444920951e-05
9.360327714680834e-05
5.994868640213493e-05
9.310003372128787e-05
9.288601065526193e-05
0.0003409739631648855
0.00012457990123855786
5.0380816253165755e-05
0.00012574299160281825
0.00012574299160281825
0.00020510362758903013
0.00011223726287510817
5.48986611889116e-05
4.727622617204244e-05
5.994868640213493e-05
0.00011726281195906822
0.00011223726287510817
0.00011223726287510817
0.00010494912892217906
8.783785790225856e-05
3.501335756935783e-05
8.783785790225856e-05
8.783785790225856e-05
4.669346837639323e-05
4.2206213058884685e-05
