1.0498221244986776
0.00041185646312227447
0
0
0
0
0
0
0
0
0.00039720852232261736
0
0.0009419669129642688
0.0004088092385119461
0.00047417440130924913
0.00041266592944130413
0
0.0013090051427664309
0
0
0
0
0
0.000749337704852732
0
0
0
0
0
0.0006410475012204423
0.0006409170479234907
0.0007846204218973675
0.0006410475012204423
0.0006410475012204423
0
0.001200825993135462
0.0006984844474375767
0
0
0.001202545388887374
0.001201513161085754
0
0.0013747125157119306
0.0006378020197440325
0.0007346550906218877
0
0
0.0013747125157119306
0.0013747125157119306
0
0
0
0
0
0
0
0
0
0.0012249966446892387
0.0012478075964722794
0.0012202504352948598
0
0.00037995733785692277
0
0
0
0.0012602906656646788
0.00037995733785692277
0.00037995733785692277
0
0.0027626898013123095
0.0007275274598050434
0
0.0027626898013123095
0.0027626898013123095
0
0
0
0
0
0
0
0
0.0008726700951776206
0
0
0
0
0
0.0016377880257389668
0
0
0
0
0
0
0
0
0
0
0
