0.127833371509885
0.00020060160299707335
0.00011924754805026585
0.0006756520692911469
0
0
0
0
0.000211557089797079
0.0007443713403137713
0.00024183384697291902
0.00014986327257899765
0.00017205029812905113
0.00019911740110573986
0.00017321595055539972
0.00020099586715390723
0.0002653245568905874
0.00015939323130908354
0.00045800172913573446
0.0004883278198594928
0
0.0002481513035410968
0.00011792746449251383
9.12443765238294e-05
0.00026799448953854297
0.00028856291537220086
0.0002484268741169336
0.0002484268741169336
0.0008755710377389383
0.00015611647243218195
0.00015608470269827228
0.00019108127280999251
0.00015611647243218195
0.00015611647243218195
0.0003195834287747125
0.00018277576710020731
0.00025515643015945106
7.789967794630408e-05
0.00014468972440281267
0.00018303747352503577
0.0001828803598138555
0.00016494628581920645
0.0002231922680224967
0.00023298913397913425
0.0006261956616999265
0.0002303303991169099
0.00035435446017986137
0.0002231922680224967
0.0002231922680224967
0.0003261055395660331
0.0007263259744879829
0.0004695440643154637
0.0006754735614789167
0.0010085473097426825
0.0001882671156257511
0.0007263259744879829
0.0007263259744879829
0
0.00024860632343423763
0.0002532356804870939
0.0002476431063732759
0.00010177816203016321
9.253229931949692e-05
0.00012707094583487574
0.0003187864626181671
0
0
9.253229931949692e-05
9.253229931949692e-05
0.0006799647420738564
0.0006728072184730789
0.00044294307522482675
9.677015254344058e-05
0.0006728072184730789
0.0006728072184730789
0
9.780671117818285e-05
9.871302819296138e-05
0.0003161062599156404
9.818231298762288e-05
9.795660652098468e-05
0
0.00039414194710139257
0.00042504861682422275
0.0003978216955701815
0.0003978216955701815
0.00032445018149717
0.0007101853972771389
0.0003473732921464266
0.00019942803667688768
0
0.0003179934614673756
0.0007101853972771389
0.0007101853972771389
0
0.00023819882890040682
0.00022154830417657712
0.00023819882890040682
0.00023819882890040682
0.00024621219474168913
0.0004451022684884575
