0.7339691750802005
0.0008638319047628881
0
0
0
0
0
0
0.0006073389946877951
0.0005698518440063669
0.0008331091658118053
0.0002868187475889803
0.00032928181923741614
0.0008574406250936922
0.0009945381776154478
0.0008655296875945761
0.0009140338419429645
0.0012202313800169584
0.001168740724650001
0.0006230638158575556
0
0.0004070821825181368
0.0006770933349448344
0.0005238894897074951
0.0005129064815375266
0.0005522717645449214
0.00040753424490849564
0.00040753424490849564
0
0.0017927193366501946
0
0
0.0017927193366501946
0.0017927193366501946
0
0.00041977076069785565
0.0004883361111644714
0.00044726945464972615
0.00041537587723837043
0.00042037180703333367
0.00042001097286420636
0
0
0
0
0
0.0015259234409151778
0
0
0
0
0.0006739845501195597
0
0.0009651139711771211
0
0
0
0
0.0002854800369817972
0.00029079602816172763
0.00028437395392491306
0
0.0010625684764099899
0.0007295916253282311
0
0
0
0.0010625684764099899
0.0010625684764099899
0
0
0.0005086411469717259
0.001666848997154127
0
0
0
0
0
0.00036299167907032667
0
0
0
0.0007543362539364856
0
0.0007613788123238595
0.0007613788123238595
0
0
0.0006648271513407613
0
0.00217795007442196
0
0
0
0
0
0.0016960581746509544
0
0
0
0
