1.1394342831883648
0
0
0
0
0
0
0
0
0
0
0
0.0005111863091917294
0
0
0
0
0
0
0
0
0.0006319657699325374
0
0
0
0
0.0006326675642356274
0.0006326675642356274
0
0.0009276892189606064
0
0
0.0009276892189606064
0.0009276892189606064
0
0.0006516638737136774
0
0
0
0.0006525969548616064
0.0006520367858016394
0
0.0004973523715357332
0
0
0
0
0.0004973523715357332
0.0004973523715357332
0
0
0
0
0.0007491349659358086
0
0
0
0
0.00044318719688384473
0.00045143989032819527
0.000441470082599134
0
0.0004123902581210151
0
0
0
0
0.0004123902581210151
0.0004123902581210151
0
0
0
0
0
0
0
0.0008717936367164229
0
0.0005635184387677373
0.0008751415385471312
0.0008731297189182873
0
0.0011710527062573123
0
0.0011819857709422872
0.0011819857709422872
0
0
0.0010320962710039536
0
0
0
0
0
0
0.000707723157259854
0
0.000707723157259854
0.000707723157259854
0.00043891921540383855
0
