0.8915981192837835
0.0006995669825686807
0
0
0
0
0
0
0.00036888627194198734
0.0006922345646613226
0.0006746864315427799
0.0006968332311713823
0.0003999991562511366
0.0003471955293161151
0.0012081275329048557
0.0007009419176759304
0.00037011129899700435
0.0011117183532216753
0.0010648066711191682
0.00037843723229362625
0
0
0
0
0.0006230594823786048
0.0013417578920749188
0
0
0
0.00018147732938810982
0
0
0.00018147732938810982
0.00018147732938810982
0
0.00025496085767337247
0
0
0.0005045829763915018
0.0002553259219025726
0.00025510675802111116
0
0
0.0005416756496256278
0.0006239315040474342
0.0010709887318724126
0.001235756229083553
0
0
0
0.005065898405021497
0.0008187310553570096
0.001177804648987825
0.000586192057385788
0.0026262094824264608
0.005065898405021497
0.005065898405021497
0
0
0
0
0
0.000322692044619538
0
0
0
0
0.000322692044619538
0.000322692044619538
0
0
0
0
0
0
0
0.0006821714761161312
0.0006884927562036938
0.000881897249538856
0.0006847911822456095
0.000683216949642746
0
0
0
0
0
0
0
0
0
0
0
0
0
0
0
0
0
0
0
0
