1.7719568419318754
0
0
0
0
0
0
0
0
0
0
0.0020773233785836755
0
0
0
0
0
0
0.0007053968319792498
0
0
0
0
0
0.0012382647392955104
0
0
0
0
0.0007213339474585285
0
0
0.0007213339474585285
0.0007213339474585285
0
0.001013415408597012
0.0035368400038560386
0
0
0.0010148664615875576
0.0010139953315776112
0
0
0.0010765229902380774
0
0.001064238343502628
0
0
0
0
0
0
0
0
0
0
0
0
0
0
0
0
0
0
0
0
0
0
0
0
0
0
0
0
0
0
0.0013557435668950844
0
0
0.001360949955400826
0.0013578213348136978
0
0
0.0014729483307829388
0
0
0
0
0
0.0013821816239718218
0
0
0
0
0
0
0
0
0
0
0
