1.2729656758128876
0.0019975922727546295
0.0005937339905843691
0
0
0
0
0
0.0005266717731952368
0
0.0024081832686585086
0
0
0.00049570314478695
0
0.0020015183581963644
0
0
0
0
0
0
0
0.0009086121883032745
0
0
0
0
0
0
0
0
0
0
0
0
0.0016938997682140887
0.0007757255794106567
0
0
0
0
0.0011112751425690856
0
0
0
0.0008821660955044266
0.0011112751425690856
0.0011112751425690856
0
0
0
0
0.006695414468443853
0
0
0
0
0
0
0
0
0.003685749332791567
0.0012653734352016774
0.0010581593315152848
0.0028038891537728802
0.0015281700790070677
0.003685749332791567
0.003685749332791567
0
0
0
0.002890913722512235
0
0
0
0.0009739599661919568
0.0009829850778477897
0.0006295577031715567
0.0009777002118378552
0.0009754526251439751
0
0
0
0
0
0
0
0
0
0
0
0
0
0
0
0
0
0
0.0004903565777399413
0
