0.5276327420823719
0.00041399195141810267
0
0
0
0
0
0
0.000436601358777304
0.0004096527500639533
0.0005989020908994005
0.0004123741634094349
0.0004734255200380187
0.0004109289268554298
0.00023831650500558802
0.000414805614844632
0.0004380512595121394
0.000657896187135127
0.0004200897628044362
0.0006718583303256009
0
0.00029264156521484856
0.0009734921440634168
0.0007532230436579184
0.0007374322041682346
0.0007940297096800178
0.0002929665419668917
0.0002929665419668917
0
0
0
0.0007886887026642331
0
0
0
0.00015088153905701228
0.0010531591658330774
0.000964593678395561
0.0005972074047338675
0.00015109757791591406
0.00015096788042414074
0
0
0
0.000738464299625433
0.0009506896253736431
0.0007312997118258792
0
0
0
0
0
0.0006970049433056432
0.001040695743752213
0.0007770732578532722
0
0
0
0.00041044942985793225
0.0004180925056120221
0.0004088591569797535
0
0
0
0.0008771949161801694
0.0011621866565691011
0.0006334126555610707
0
0
0
0.0013885072160062417
0
0.0007988383680278151
0.0013885072160062417
0.0013885072160062417
0
0.00040369758384267164
0.0008148768217488369
0.0002609459654215489
0.0004052478817836958
0.00040431627745775626
0
0.0005422741439695497
0.0008771949161801694
0.0005473368693800538
0.0005473368693800538
0
0
0
0.0008231400032486301
0
0.0008750128392742486
0
0
0
0.00032772220005116266
0.000609627662717934
0.00032772220005116266
0.00032772220005116266
0
0.0007348645432902115
