1.0216512475319812
0
0
0
0
0
0
0
0.0004226939377459583
0
0
0.0007984769421899034
0
0.0003978392708457871
0.0009229008559457825
0
0.00042409765360397727
0
0
0
0
0.0002833198135141379
0.0009424827006752594
0
0
0
0.0002836344385152641
0.0002836344385152641
0
0.0002079485543521232
0
0
0.0002079485543521232
0.0002079485543521232
0
0.00029215077138461
0
0
0
0.0002925690857766269
0.0002923179535141577
0
0.00044594118181230083
0
0
0
0
0.00044594118181230083
0.00044594118181230083
0
0
0
0
0
0
0
0
0
0.00039737504765926927
0.00040477466225514314
0.0003958354310468738
0
0.0033278542264885383
0
0.0016985058146832606
0
0
0.0033278542264885383
0.0033278542264885383
0
0
0
0
0
0
0
0.001563353094922695
0
0.0005052676792937593
0.0015693567550414459
0.0015657490383631898
0
0.003150003846450096
0
0.0031794125960538833
0.0031794125960538833
0
0
0
0
0
0
0
0
0
0.001269131984511778
0
0.001269131984511778
0.001269131984511778
0.0003935482463528433
0
