0.21072103131565253
0
9.82840631136439e-05
0.00022274950456200058
0.000403680136620024
0
0
0
0
0
0
0
0
0
0
0
0
0
8.388576087406551e-05
0
0.0028669528070156807
5.843622609973726e-05
0.00019439209530964255
0.00015040758837662566
0.00014725438945887667
0.0001585560807491742
5.85011191881323e-05
5.85011191881323e-05
0.002886589470077432
8.578100196037148e-05
0.00012864531826352414
0.00015748956002664615
8.578100196037148e-05
8.578100196037148e-05
0.0010536051565782627
6.025765836878826e-05
0.0001402002869698287
0.00012841013486633305
0.00011925355479097484
6.0343937948354105e-05
6.029214057672462e-05
0.0005437962098468452
0.0001839555052952008
0.00012802006762797845
0.000147460483775824
0.0001265591779673589
0.00014602982073156793
0.0001839555052952008
0.0001839555052952008
0.0010751073026308803
0
0
0.00027836331745792936
0.00013854111197610292
0.0003103402523058211
0
0
0.004172693689418862
8.196072785517408e-05
8.348693792220782e-05
8.164317369843182e-05
0.00033554304349626203
0.00015253060536782667
0.00020946424584060886
0.0001751629520495865
0.0004641432407833757
0.0002529664241484424
0.00015253060536782667
0.00015253060536782667
0.0022417130991026863
0.000554529029778033
0.00014602982073156793
0.00015951629925484674
0.000554529029778033
0.000554529029778033
0.003938710865713131
0.0001612249665766278
0.00016271894310088998
0.00010421415989893795
0.00016184411007346585
0.0001614720546480096
0.001778236551186941
0.00021656837750837877
0.0001751629520495865
0.00021859028144777235
0.00021859028144777235
0.0010696499051555965
0.0011706723961980698
0.00019087049938012004
0.0001643689791853764
0.0006252849593936277
0.00017472722331314473
0.0011706723961980698
0.0011706723961980698
0.00054732735406663
0.00013088262814636803
0.00012173369804485992
0.00013088262814636803
0.00013088262814636803
0.0002435142888855769
0.00014674166526159647
