0.6733445532637655
0.0005283205596420287
0
0
0
0
0
0
0.00027858690660478505
0.0005227830382482651
0.000509530498118627
0.0005262560009877027
0.0006041673874058013
0.0005244116458440541
0.00030413033119411267
0.0005293589255218283
0.0005590241206008846
0.0005597211581577436
0.0005361023513246542
0.0005715997905464902
0
0.000186728938786402
0.0012423331241028883
0.0004806170972617884
0.000941082534261028
0.0005066550438403051
0.00018693630018427695
0.00018693630018427695
0
0
0
0.0010064941005437451
0
0
0
0.00019254920024700187
0.0008960007362125955
0.0008206514969698544
0.0003810665270309935
0.00019282490070554568
0
0
0
0
0.0009423996546728699
0.0008088222862027213
0.0009332564840800631
0
0
0
0
0
0.0008894908233339043
0.00044269858860208124
0.000991670917914235
0
0
0
0.00026189986513565366
0.00026677676436757746
0
0
0
0
0.0005597211581577436
0.0014831377825193074
0.000808336798635973
0
0
0
0
0
0.0005097233559907384
0
0
0
0.00051518328482308
0.0010399143679749275
0
0.0005171617152563483
0
0
0
0.0011194423163154873
0.0006984902004810846
0.0006984902004810846
0
0
0
0.0005252297607361665
0
0.001116657633936593
0
0
0
0.00041822643059861216
0.0007779833082192553
0.00041822643059861216
0.00041822643059861216
0
0.0009378057844899241
