0.8915981192837835
0.00034978349128434035
0
0.0009424927265156275
0.001708042374106865
0
0.04052718724017198
0.0342922353570686
0.00036888627194198734
0.0006922345646613226
0.00033734321577138994
0.0006968332311713823
0
0.0006943910586322302
0.0008054183552699038
0.0003504709588379652
0.0007402225979940087
0.0014822911376289004
0
0
0
0.0004945081083104734
0.0008225074901141914
0.0006364012271832858
0
0.0006708789460374594
0
0
0.0061068364334505715
0
0.0016329635884318378
0
0
0
0.002228995298209459
0.0010198434306934899
0.0005932123215460968
0.0010866521868175302
0.0005045829763915018
0.0010213036876102904
0.0010204270320844447
0.002300898372345248
0.001167522635465452
0
0
0.0010709887318724126
0
0.001167522635465452
0.001167522635465452
0.004548969996345834
0
0
0
0
0
0
0
0
0
0
0
0.001419742228158891
0
0
0
0
0
0
0
0
0
0
0
0
0
0
0
0.0006884927562036938
0.000440948624769428
0
0
0
0
0
0
0
0
0
0
0.0006954743520154317
0
0
0
0
0.0034737589063004552
0
0.0005150769031102158
0
0
0.0020607044359409483
0.0018626701656346454
