1.8325814637483102
0
0
0
0
0
0
0
0
0
0.000693371722946769
0
0
0
0
0
0
0
0.0007295308374794229
0.0015556718707540834
0
0.0025410170046426934
0
0
0.0025612599074050454
0.0013789175799460572
0.0025438387892119797
0.0025438387892119797
0
0
0
0
0
0
0
0
0
0.002233493557280086
0
0
0
0
0.0007999046109770013
0
0
0
0.0012699802243578034
0.0007999046109770013
0.0007999046109770013
0
0
0
0
0
0
0
0
0
0
0
0
0
0
0
0
0
0
0
0
0
0.004822582799337658
0
0
0.004822582799337658
0.004822582799337658
0
0
0
0
0
0
0
0
0
0
0
0
0
0
0
0
0
0
0
0
0
0
0
0
0
0
