1.1086626245216111
0
0
0
0
0
0
0
0.0009173873599682342
0.0012911443608559137
0
0.00043324057230230997
0
0
0
0
0.0013806508400020063
0.00046079078325919
0.0008826931723898178
0.0009411397491694491
0
0.00030744942443749617
0
0
0
0.0016684162897240198
0.0003077908452308749
0.0003077908452308749
0
0.00022565899135387974
0.0006768392091096527
0.0008285968793136108
0.00022565899135387974
0.00022565899135387974
0
0.0006340649839986338
0
0
0
0.0006349728662781278
0.0006344278251911938
0
0.00048392083130581015
0
0
0
0.0007683039670974436
0.00048392083130581015
0.00048392083130581015
0
0
0
0.0029290954412724206
0
0
0
0
0
0
0
0
0
0
0
0.00276474469955514
0
0
0
0
0
0
0.0007683039670974436
0
0
0
0
0
0.0008561101347657229
0
0
0
0
0
0
0
0
0
0
0
0
0
0
0
0
0
0.0006886103257898206
0.0006404752308039347
0.0006886103257898206
0.0006886103257898206
0.000854131451865648
0.0007720491814217348
