0.6931471805599453
0.0008157871877912264
0.0006465925191790535
0.0014654274430442819
0.0013278681619922322
0
0
0
0.0008603399013983599
0.002421709869968753
0.00026225773006430014
0.00027086642460333934
0.00031096777952442585
0.000539834252772543
0
0.000817390543113143
0.0008631969869986866
0.0005761821949791732
0.0002759343871655833
0.0005884101702546225
0
0
0.0006394346684132336
0.0004947517348750502
0.0004843795811040847
0.0005215554406019151
0
0
0
0
0
0.000518047220149436
0
0
0
0
0.0004611757688356256
0.00042239316304688927
0.000392273446836415
0
0
0.0017887669175740523
0.0006051044788825362
0.00042111007324419514
0.0009701150182784398
0.0008326092258978321
0.0019214059059180742
0.0006051044788825362
0.0006051044788825362
0.001768232603469248
0
0.0012729975767859418
0.0018313003449404103
0.0009114361348585737
0
0
0
0
0
0
0
0.0016556063229934998
0.000501735201273938
0.0006890131019482556
0.0023047287799166927
0
0
0.000501735201273938
0.000501735201273938
0.0036869530880848152
0
0
0.000524713989825848
0
0
0
0
0.0005352487880771778
0
0
0
0
0
0.0011523643899583463
0
0
0
0
0
0.0005406764278938731
0
0.0005747489059369364
0
0
0.0018003822871686891
0
0.0004004316467706212
0
0
0
0.0009653860453481132
