1.2039728043259361
0
0
0
0
0
0
0
0.0004981269360057658
0.0004673807470209379
0
0
0
0.0009376735236183303
0
0
0.0009995623116031019
0
0.0004792885367539555
0.0005110241104948795
0
0.00033388042271933897
0
0
0.0008413506668944347
0
0.0003342511949822144
0.0003342511949822144
0
0.0004901171603199414
0
0
0.0004901171603199414
0.0004901171603199414
0
0.0006885746664717965
0.0008010464433306295
0.005869459131387867
0
0.0006895605981248203
0.0006889687006157003
0
0
0
0
0
0.0008343539877518614
0
0
0
0
0
0
0
0.0017731558237495378
0
0
0
0.00046828969440915446
0.0004770098273874549
0.0004664753213196188
0
0
0
0.0010008086486499885
0
0
0
0
0
0
0
0.0009114101471051749
0
0
0
0
0
0
0
0
0
0
0
0
0
0
0
0
0
0
0.000998319074897128
0
0
0
0.0029912367809340028
0
0.0029912367809340028
0.0029912367809340028
0.0004637799708497443
0
