1.7147984280919266
0
0
0
0
0
0
0
0
0
0
0.0006701048956982911
0
0
0
0
0
0
0.0006826426863423275
0
0
0.0019021613179056314
0
0
0.0011983217526847845
0
0.0019042736569593857
0.0019042736569593857
0
0.0003490328573360323
0
0
0.0003490328573360323
0.0003490328573360323
0
0.0009807254378564065
0
0
0
0.0009821296839014472
0.000981286654129858
0
0
0
0
0
0
0
0
0
0
0
0.0022652555192759927
0
0
0
0
0
0.004001863309432734
0.004076382951090159
0.003986358221058334
0
0
0
0
0
0.002058581546328843
0
0
0
0
0
0
0
0
0
0
0
0
0
0
0
0
0.0014254351023208036
0
0
0
0
0
0
0
0
0
0
0
0
0
0
0
0
0
