1.5141277326297755
0.0005940085259434192
0
0
0
0
0
0
0
0
0
0
0.0013585713168504042
0
0
0.0005951759955305721
0
0
0.0006027578553462482
0.0006426688169056772
0
0
0
0
0
0
0
0
0
0.0018491281082390909
0.0018487518102927663
0.001131635076703868
0.0018491281082390909
0.0018491281082390909
0
0.0004329790485072278
0
0
0
0.0004335990070532003
0.0004332268190643135
0
0.0006609025458881604
0.0009198831911481017
0
0
0
0.0006609025458881604
0.0006609025458881604
0
0
0
0
0
0
0
0
0
0
0
0
0
0.0010960027018673728
0
0
0
0
0.0010960027018673728
0.0010960027018673728
0
0
0
0
0
0
0
0
0
0
0
0
0
0
0
0
0
0
0
0
0.00118106687412619
0
0
0
0
0
0
0.000874712728266768
0
0
0
0
