1.8325814637483102
0
0
0
0
0
0
0
0
0
0
0
0
0
0
0
0
0
0.0014590616749588458
0.0007778359353770417
0
0
0
0
0
0
0
0
0
0.0003730066077240607
0
0.0013696423495876758
0.0003730066077240607
0.0003730066077240607
0
0
0
0
0
0
0
0
0.0015998092219540027
0
0
0.0011006495277767628
0
0.0015998092219540027
0.0015998092219540027
0
0
0
0
0
0
0
0
0
0
0
0
0
0
0.0018216515544217794
0
0
0
0
0
0
0
0
0
0
0
0
0
0
0
0
0
0
0
0
0
0
0
0
0
0
0
0.0015195534525276205
0
0
0
0.00113824935636541
0.002117367375792386
0.00113824935636541
0.00113824935636541
0
0
