1.4271163556401458
0.0005598730308513715
0
0
0
0
0
0
0
0
0
0.0005576851721923196
0
0.0011114613361683377
0.0006445873331707976
0.0005609734102359064
0
0
0
0.000605736993056089
0
0
0
0
0
0
0
0
0
0.0011619103241523679
0
0
0.0011619103241523679
0.0011619103241523679
0
0.001224291983677563
0
0
0
0.0012260449790722902
0.001224992579948623
0
0.0024916915855786046
0.0017340417443987188
0.0009986818443947837
0.0008571269403244119
0.0009889926234512446
0.0024916915855786046
0.0024916915855786046
0
0
0.0013104833385125306
0
0
0
0
0
0
0.0011101644151226338
0.0011308370488432218
0.0011058631194421898
0
0
0
0
0
0
0
0
0
0
0.0009889926234512446
0
0
0
0
0
0
0
0
0
0
0
0
0
0
0
0
0
0
0
0
0
0
0
0
0
0
0
0
0
