1.6607312068216509
0.0006515226390041784
0
0
0
0
0
0
0
0
0.0006283508160505679
0
0
0
0
0.0006528031473355546
0
0
0
0
0
0.00046054664637317
0
0
0
0
0.000461058080738937
0.000461058080738937
0
0.0016901396364966935
0
0
0.0016901396364966935
0.0016901396364966935
0
0
0
0
0
0
0
0
0
0
0
0
0
0
0
0
0.009435972766032108
0.0015250056995607447
0.002193832505708918
0.0010918679860760362
0.0024458486109302665
0.009435972766032108
0.009435972766032108
0
0
0
0
0
0.000601060878328502
0
0
0
0
0.000601060878328502
0.000601060878328502
0
0
0
0
0
0
0
0
0
0
0
0
0
0
0
0
0
0
0
0
0
0
0
0
0
0
0
0
0
0
0
0
