1.7719568419318754
0
0
0
0
0
0
0
0
0.0006878714448493305
0.0013408678334709614
0
0
0.0006900143465466804
0
0
0.0007355570120099109
0.0029458966615658775
0
0
0
0.0009827824969117446
0
0
0
0
0.0009838738711448504
0.0009838738711448504
0
0.00036066697372926426
0
0
0.00036066697372926426
0.00036066697372926426
0
0.000506707704298506
0
0
0
0.0005074332307937788
0.0005069976657888056
0
0.000773442532488815
0
0
0
0
0.000773442532488815
0.000773442532488815
0
0
0
0
0
0
0
0
0
0
0
0
0
0
0
0
0
0
0
0
0
0
0
0
0
0
0
0
0
0
0
0
0
0
0
0
0
0
0
0
0
0
0
0
0
0
0
0
0
0
0
0
