1.6094379124341003
0.0006313997302605336
0
0
0
0
0
0
0
0
0.0006089435915376846
0.0006289323612481831
0
0.0006267281590475468
0
0.0006326406888498823
0.0006680937785114572
0
0
0
0
0.0004463222164265392
0
0
0.001124694557955346
0
0.0004468178546457802
0.0004468178546457802
0
0
0
0
0
0
0
0.0004602338897438091
0.0010708169743407188
0
0
0.0004608928729765465
0.0004604972567765666
0
0
0.0009777873101057717
0
0
0
0
0
0
0
0
0
0
0
0
0
0
0
0
0
0
0
0
0
0
0
0
0
0
0
0
0
0
0
0
0
0.001242809198790811
0
0
0
0
0
0
0
0
0
0
0
0
0
0
0
0
0
0.003998603509153044
0.0009297734907187176
0.003998603509153044
0.003998603509153044
0
0
