1.2039728043259361
0.00047233142578498863
0
0
0
0
0
0
0.0014943808080172978
0
0.001366597961777453
0.00047048566015081523
0
0
0.0010875996425708547
0.0004732597501281196
0.0009995623116031019
0
0
0
0.008190291185890722
0
0
0
0.0008413506668944347
0
0
0
0
0.0002450585801599707
0
0.0008998301975530166
0.0002450585801599707
0.0002450585801599707
0.0030099320108148402
0
0
0
0.0006813654806598394
0
0
0.0015535132959044336
0
0
0
0
0
0
0
0.0030713591947090207
0
0
0.0015904528458730992
0
0
0
0
0
0.0009365793888183089
0.0009540196547749098
0.0009329506426392376
0.000958577073507911
0
0
0
0
0
0
0
0.006404110661308171
0
0
0.0009114101471051749
0
0
0
0
0.0009297087292092171
0
0
0
0.005080054026691713
0
0
0
0
0.003055768538898315
0
0
0.0009391363528283433
0
0
0
0
0.0015636010445791379
0
0.0006955359932558845
0
0
0
0
