1.4696759700589417
0.0005765696234048417
0
0
0
0
0
0
0.0006080579106574024
0.0005705263858924463
0
0
0.0006593431897976409
0
0
0.0005777028184193953
0.0006100771980319393
0.0006108378927925776
0.0005850620899916169
0.0006238013455258666
0
0.0004075640515970443
0
0
0
0
0.00040801664910020596
0.00040801664910020596
0
0.000299140234084865
0
0
0.000299140234084865
0.000299140234084865
0
0.002101338247153191
0
0
0
0.0021043470361668693
0.0021025407296980567
0
0
0.0008928772600601103
0
0
0
0
0
0
0
0
0
0
0
0
0
0
0.0005716359276775346
0.0005822804952689943
0.0005694211429906787
0
0
0
0
0
0
0
0
0
0
0
0
0
0
0
0
0
0
0
0
0
0
0
0
0
0
0
0
0
0
0
0
0
0
0
0
0
0
0.0005661309591906555
0
