1.7719568419318754
0
0
0
0.003394553337034244
0
0
0
0.0007331224004682976
0
0
0.0013848822523891172
0
0.0006900143465466804
0.0008003418436910006
0
0.0007355570120099109
0
0
0.0015042078454430181
0
0
0
0
0
0
0
0
0
0
0
0
0
0
0.004429892104829689
0
0
0
0.0010028052302953456
0
0
0.0022863959250733878
0.00154688506497763
0
0
0
0
0.00154688506497763
0.00154688506497763
0
0
0
0
0
0
0
0
0
0
0
0
0.002821587327916999
0
0
0
0
0
0
0
0
0
0
0
0
0
0
0
0
0
0
0
0.014953222294783757
0
0
0
0
0.004497352390690039
0
0
0
0
0
0
0
0.0046024853037191565
0
0
0
0
0
0
