1.3470736479666094
0.0010569428387340993
0
0
0
0
0
0
0
0
0
0.0005264062711866391
0.0018130197146253157
0.0015736841681852913
0.001825303046025216
0.0010590201634957622
0.0011183674951985134
0.0005598809841922733
0.0010725108662154534
0
0
0
0.0012426878671278686
0.0019230173418509772
0
0
0
0
0
0
0
0
0
0
0
0.0038520836373080055
0.0017925131709469189
0.0016417716611415107
0.0022870520338991672
0.0038575992209811264
0.0038542879770146195
0.001738159545763367
0
0
0
0
0
0
0
0.0034364123672617586
0
0
0
0
0
0
0
0
0
0
0
0.0010725108662154534
0
0
0.0011197619683845465
0
0
0
0
0
0
0
0.0010197378107241555
0
0
0
0
0
0
0
0
0.005683855054711431
0
0
0
0
0.003418968649661445
0
0
0
0
0
0
0
0.0034988925921210635
0
0.0007782054580974057
0
0
0
0
