0.38566248081198473
0.000151299521699484
0.00017987988843842572
0
0
0
0
0
0.00015956246620272432
0.0005988547838695414
0.00014591845660688035
0.00015070827698787995
0.00017302040413278813
0.00015018009377413736
0
0.00015159688711162924
0.00016009235401078653
0.0004808759112368887
0.0006141122305923324
0.00016369375246688656
0
0.0005347510826566622
0.0003557771963210191
0.0002752765744553781
0.0002695055770873408
0.00029018997803761075
0.0005353449206163031
0.0005353449206163031
0
0.00023549510328433834
0.00023544717998289665
0.0002882380275126941
0.00023549510328433834
0.00023549510328433834
0
0.00022056761842263926
0.00025659513028076163
0.00023501674638146542
0.00021825833662251544
0.00022088343689117111
0.00022069383737452632
0
0.00016833805360627879
0.00023430284374968693
0.00026988277173686825
0.00023162911760479563
0.0002672643664670719
0.00016833805360627879
0.00016833805360627879
0
0
0.0003541436922056793
0
0.0002535585015200426
0
0
0
0
0.0004500145633745446
0.00045839439082248585
0.0004482709966818885
0
0.00013958106435468142
0.0003833623069701637
0.0003205839408245925
0
0
0.00013958106435468142
0.00013958106435468142
0
0
0.0002672643664670719
0.0002919473738167939
0
0
0
0.000590149167271591
0.0002978088654918801
0.000381466350951518
0.0005924154851182561
0.0005910536104398234
0
0.0007927286347625585
0.0003205839408245925
0.0008001296282406323
0.0008001296282406323
0
0
0.00034933195725723255
0.0003008287681840755
0
0.00031978646833497905
0
0
0
0.00047908382709563324
0.00022279750480183982
0.00047908382709563324
0.00047908382709563324
0.00014856027766255191
0.00026856718719497544
