1.7147984280919266
0
0
0
0
0
0
0
0
0
0
0
0
0
0
0
0
0
0.0006826426863423275
0.0007278431358624476
0
0.00047554032947640784
0
0
0
0
0.00047606841423984643
0.00047606841423984643
0
0
0
0.001281613174956597
0
0
0
0.0004903627189282033
0
0
0
0.0004910648419507236
0.000490643327064929
0
0.002993973685014276
0
0
0
0
0.002993973685014276
0.002993973685014276
0
0
0
0
0
0
0
0
0
0.002000931654716367
0.0020381914755450794
0.001993179110529167
0
0
0
0
0
0
0
0
0
0
0.0011883564990242041
0
0
0
0
0
0
0
0
0
0
0
0
0
0
0
0
0.0015532594457354407
0
0
0
0
0
0
0
0
0
0
0
0.001194149323183793
