1.4696759700589417
0.0005765696234048417
0
0
0
0
0
0
0
0.0005705263858924463
0
0.0011486330363883876
0.001978029569392923
0.0011446074533169328
0.0006638102845794678
0.0005777028184193953
0
0
0
0
0
0
0
0
0
0
0
0
0
0.000299140234084865
0.0017944761539181217
0
0.000299140234084865
0.000299140234084865
0
0
0
0
0
0
0
0
0.0019244993060571038
0.0017857545201202206
0
0
0
0.0019244993060571038
0.0019244993060571038
0
0
0.0013495647107979263
0.0019414477807912043
0
0
0
0
0
0
0
0
0
0
0.0014609105070168406
0
0
0
0
0
0
0
0.0010184864657373123
0
0
0
0
0
0
0.0029073708606507254
0
0
0
0
0
0
0
0
0
0.0013312282337490414
0
0
0
0
0
0
0
0
0
0
0.001132261918381311
0.001023451232631575
