1.8971199848858813
0
0
0
0
0
0
0
0
0
0.0007177903839901179
0
0
0
0
0
0
0
0.0007552229239195388
0.0008052291956221907
0
0.0005261009386816088
0
0
0.0013257302479985193
0.0014274792963776383
0.0005266851707067966
0.0005266851707067966
0
0
0.0011581929089657394
0
0
0
0
0
0.001262222212166255
0
0
0
0
0
0
0
0
0
0
0
0
0
0
0
0
0
0.00279399114121632
0
0
0
0
0
0
0
0
0
0.0015769908436291614
0
0
0
0
0
0
0
0.001436124136931023
0
0
0
0
0
0.0009382393594885664
0
0
0
0
0
0
0
0
0
0
0
0
0
0
0
0
0
0.0010959676400265055
0
0
0
0
