1.7719568419318754
0
0
0
0
0
0
0
0
0
0
0.0013848822523891172
0.0007949559631816399
0
0
0
0
0
0.0007053968319792498
0
0
0.0014741737453676169
0
0
0
0.0013333008592414412
0.0014758108067172756
0.0014758108067172756
0
0.0007213339474585285
0
0
0.0007213339474585285
0.0007213339474585285
0
0
0
0
0
0
0
0
0.000773442532488815
0
0
0.001064238343502628
0
0.000773442532488815
0.000773442532488815
0
0
0
0
0
0
0
0
0
0
0
0
0
0
0
0
0
0
0
0
0
0
0
0
0
0
0
0
0.0013683064416462358
0.0008763386953174458
0
0
0
0
0.0014729483307829388
0
0
0
0
0
0
0
0
0
0
0
0
0
0
0
0
0
