1.3862943611198906
0.0005438581251941509
0
0
0
0
0
0
0.0005735599342655732
0
0
0.0005417328492066787
0
0
0
0.0005449270287420954
0
0
0
0
0
0.00038444103192453985
0
0
0
0
0.00038486795144916457
0.00038486795144916457
0
0
0
0
0
0
0
0.0027749672656103043
0.0009223515376712512
0
0
0.002778940586437352
0.0027765552297107964
0
0
0
0
0.0008326092258978321
0
0
0
0
0
0
0
0.0009114361348585737
0
0
0
0
0
0
0
0
0.001003470402547876
0
0.0011523643899583463
0.0030535118086341207
0
0.001003470402547876
0.001003470402547876
0
0.010944429166735978
0.0019214059059180742
0.002098855959303392
0.010944429166735978
0.010944429166735978
0
0
0.0010704975761543557
0
0
0
0
0
0
0
0
0
0
0
0
0
0
0
0
0
0
0
0
0
0.0016020350860399353
0
