1.7147984280919266
0.0006727337889729018
0
0
0
0
0
0
0.0007094739048787449
0.0006656826196009032
0.0006488075777873352
0.0013402097913965821
0.0007693128883319545
0.0006677563972320586
0.0015490500705437457
0.0006740559858851913
0.0007118299826035395
0.0007127175511604018
0.0006826426863423275
0.0007278431358624476
0
0
0
0
0
0
0
0
0
0.0003490328573360323
0
0
0.0003490328573360323
0.0003490328573360323
0
0
0
0
0.0009704575144832636
0
0
0
0
0
0
0
0
0
0
0
0
0
0
0
0
0
0
0
0
0
0
0
0
0
0
0
0
0
0
0
0
0
0
0
0
0
0
0.0013241686703412562
0
0
0
0
0
0
0
0
0
0
0
0
0
0
0
0
0
0
0
0
0
0
0
