1.6607312068216509
0.0006515226390041784
0
0
0
0
0
0
0
0
0
0
0
0
0
0.0006528031473355546
0
0
0
0
0
0
0
0
0
0
0
0
0
0.0003380279272993387
0
0
0.0003380279272993387
0.0003380279272993387
0
0.0004749016891111384
0
0
0
0.0004755816743475518
0.00047517344973437795
0
0
0.0010089497003776737
0
0
0.0011508878772152813
0
0
0
0
0
0.002193832505708918
0
0
0
0
0
0
0
0
0
0
0
0
0
0
0
0
0
0
0.0023017757544305626
0
0
0
0
0
0
0
0
0
0
0
0
0
0
0
0.009226284482342506
0.0015042855134254085
0.002590844316414432
0.004927985776918845
0.0013770573854242545
0.009226284482342506
0.009226284482342506
0
0
0
0
0
0
0
