1.8325814637483102
0.0007189413353269165
0
0
0
0
0
0
0
0.0014228116954567624
0
0
0
0.0007136220653225507
0.0008277242383687037
0.0007203543489576692
0.00076072289902379
0
0
0
0
0
0
0
0
0
0
0
0
0
0
0
0
0
0
0.0005240438844004319
0
0.001116746778640043
0.0010371145805027223
0.0005247942336048998
0.0005243437664515909
0
0
0.0011133544737231531
0
0
0.0012699802243578034
0
0
0
0
0
0
0
0
0
0
0
0
0
0
0
0
0
0
0
0
0
0
0
0
0.0012699802243578034
0
0
0
0
0
0
0
0
0
0
0
0
0
0
0
0
0
0
0
0
0
0
0
0
0
0
0
0.0007059250630771612
0.0012761709357578762
