1.8325814637483102
0.0007189413353269165
0
0
0
0
0
0
0.00075820499120741
0
0
0
0
0
0
0.0007203543489576692
0
0
0
0
0
0
0
0
0.0012806299537025227
0
0
0
0
0
0
0
0
0
0
0
0
0
0
0
0
0
0
0
0
0
0.0012699802243578034
0
0
0
0
0
0
0.002409706066730191
0
0
0
0
0
0
0
0
0.0019897735762739524
0
0
0.004036523047903767
0
0.0019897735762739524
0.0019897735762739524
0
0.02411291399668829
0.0012699802243578034
0.0013872683298624604
0.02411291399668829
0.02411291399668829
0
0
0.0042453624642817996
0
0
0
0
0
0
0
0
0
0
0
0
0
0
0
0
0
0
0
0
0
0
0
