1.8971199848858813
0
0
0
0
0
0
0
0
0
0.0007177903839901179
0.0007413520847541546
0
0.0007387538881954367
0
0
0.000787513484801113
0.0007884954218145807
0
0
0
0.0005261009386816088
0
0.001354118476007053
0.0013257302479985193
0
0.0005266851707067966
0.0005266851707067966
0
0
0
0
0
0
0
0.001627497842338474
0.001262222212166255
0
0
0.00162982816570952
0.0016284291715758638
0
0
0
0
0
0
0
0
0
0
0
0
0
0
0
0
0
0
0
0
0
0
0
0
0
0
0
0
0
0
0
0
0
0
0
0
0
0
0
0
0
0
0
0
0
0
0
0.0017184057834111245
0
0
0
0
0
0
0
0
0
0
0
0
