1.3093333199837622
0
0.0012213930223729124
0
0
0
0
0
0
0
0
0
0
0.0005098649999936769
0
0
0.0005435173598936331
0
0
0
0
0.0010892956073076225
0
0.002803711605960947
0
0
0.0010905052637288414
0.0010905052637288414
0
0
0
0
0
0
0
0.00037441616242029236
0
0
0
0.00037495226803658713
0.0003746304205962124
0
0.0005715117066712187
0
0
0
0
0.0005715117066712187
0.0005715117066712187
0
0
0
0
0
0
0
0
0
0.0005092700583367414
0.0005187532963485587
0.0005072969081688347
0
0
0
0
0
0
0
0
0
0
0
0
0
0
0
0.0020035704972972642
0
0.001295087359034384
0.002011264700435887
0.0020066411034233905
0
0.001345666310363579
0
0.0013582295850453965
0.0013582295850453965
0
0
0
0
0
0
0
0
0
0.0008132505093066847
0
0.0008132505093066847
0.0008132505093066847
0.0015130970569920213
0
