0.7765287894989963
0.0003046405608077663
0
0
0
0
0
0
0.0009638338305738473
0
0
0.0006069001871817088
0
0.0003023866002721948
0.0003507356772804861
0.0003052393040483476
0
0.000322746795302991
0.00030912770282603356
0
0
0.00021534353563477436
0
0.0005542675157023528
0
0
0.00021558267337562365
0.00021558267337562365
0
0.0001580559311009559
0.0009481426001208746
0
0.0001580559311009559
0.0001580559311009559
0
0.00044411140377408997
0.0005166525545568837
0.0004732046249232153
0.0004394616805314071
0.00044474730211855457
0.00044436554477768033
0
0.0010168425877332993
0
0
0
0
0.0010168425877332993
0.0010168425877332993
0
0
0.0007130659224049553
0
0
0.001143635919733426
0
0
0
0.002416270056784119
0.0024612639920728887
0.002406908297555975
0
0.0019673186849413584
0
0
0.0034208316718017462
0
0.0019673186849413584
0.0019673186849413584
0
0
0
0.0005878340571529116
0
0
0
0.0005941306729143047
0.0005996361308872559
0.0003840399552418379
0.0005964122807211953
0.0005950412180068937
0
0.0015961537296998896
0.000645493590605982
0.0016110555798734363
0.0016110555798734363
0
0
0
0.0012114333689531925
0
0
0
0
0
0
0
0
0
0.0008973753345519989
0
