0.653926467406664
0.00025654235676997414
0
0
0
0
0
0
0.00027055294472762265
0.0005077068846325031
0
0.00025553984658329977
0.00029337212535067924
0.00025464426300882554
0
0.0002570465673768334
0.0002714514185996945
0.0002717898867026866
0
0.0002775579233474805
0
0.00018134400094472106
0
0.0004667569360504383
0
0
0.00018154538240051753
0.00018154538240051753
0
0.0005324050212958796
0.000399222507574276
0.0004887342805729926
0.0005324050212958796
0.0005324050212958796
0
0.0003739928323744147
0
0
0.000370077231129974
0.00037452833184803213
0.0003742068483013815
0
0.0005708655324370703
0
0.00045761124381152134
0.0007854972581461429
0
0.0005708655324370703
0.0005708655324370703
0
0
0
0
0.0004299319312338357
0
0
0
0
0.0002543471285128993
0.0002590833864527195
0.00025336166889060985
0
0.00023667262664012453
0
0
0
0
0.00023667262664012453
0.00023667262664012453
0
0.001720859124754379
0
0.0004950238208983074
0.001720859124754379
0.001720859124754379
0
0.0005003262948788554
0
0.0003234057702307933
0.0005022476708192505
0.0005010930784725395
0
0.0013441448456457637
0
0.0013566939157814606
0.0013566939157814606
0
0
0
0
0.0019404346213847598
0.0005422275849143152
0
0
0
0.000812331015412005
0
0.000812331015412005
0.000812331015412005
0.00025189771471751315
0
