0.8675005677047231
0.0006806595274262245
0
0
0
0
0
0
0.0007178324929290219
0.0003367626427425167
0
0.0010169994932060058
0
0.0013512469901942727
0.0007836500159934264
0.0006819973016546565
0.0007202163285219785
0
0.0003453425826850012
0.0003682090694841779
0
0
0
0.0006192009762346346
0
0
0
0
0
0.00035314494919793326
0
0.001296712358303024
0.00035314494919793326
0.00035314494919793326
0
0.0014884196185954643
0.0011543587061939096
0.0005286414184672292
0.0004909454259789039
0.0014905508036163627
0.0014892713608664772
0
0.000757311713404385
0.0005270355818376203
0.000607068276910233
0.0005210213619848186
0.0012023569891957354
0.000757311713404385
0.000757311713404385
0
0
0
0
0
0
0
0
0
0.00033741756814652783
0.0003437007003584481
0.00033611025482554167
0
0
0
0
0.0019107942019927823
0
0
0
0
0.0022828962308019027
0
0.0006566998998521749
0.0022828962308019027
0.0022828962308019027
0
0
0
0.0021451547173707295
0
0
0
0
0
0
0
0
0
0
0
0
0
0
0
0
0.0005388202283880268
0.0025057786473273343
0.0005388202283880268
0.0005388202283880268
0
0.0006041090304350439
