0.5978370007556204
0.0007036135748398828
0.0002788418846807931
0.000631963002912918
0
0
0
0
0
0.0002320795810386725
0.00022619636804979964
0.0002336213367548341
0
0
0.0013501287279937225
0.0007049964631552127
0.00024816811986534676
0.0004969551128475647
0.0004759848732130736
0.00025375084921715635
0
0.0001657895176804272
0.0005515101482985428
0.0004267216279483372
0.0004177756818697557
0.00044983972968820195
0.00016597362597324278
0.00016597362597324278
0
0
0
0.0008936278038200605
0
0
0
0.0003419142126140237
0.00039776247555264166
0.0003643126147200612
0.0003383344656228752
0.0003424037805015008
0.000342109871677036
0
0
0.00036320595428652514
0.0004183603924112109
0.001077183785145262
0.00041430145582510076
0
0
0
0
0
0
0.00039305522732124945
0
0
0
0
0.00023253092211420476
0.00023686093532314598
0.00023162998866936089
0
0.00043274484310938866
0
0.0004969551128475647
0
0
0.00043274484310938866
0.00043274484310938866
0
0
0
0.00045256396726390646
0
0
0
0.00045741163026443793
0.0004616501936336837
0.0008869985174415734
0.00045916820334533057
0.0004581126442571804
0
0.005529838650360312
0.004969551128475648
0.005581465774689402
0.005581465774689402
0
0
0
0.0004663315138499379
0
0.0004957189060991878
0
0
0
0.0007426546593237521
0.0010361126529560146
0.0007426546593237521
0.0007426546593237521
0
0.0004163210311668666
