0.7133498878774648
0.0005597096021007962
0
0
0
0
0
0
0.0005902771103661272
0.00027692154032510276
0
0.0008362835731271568
0.00032003135391541713
0.0002777842242513492
0.0009665987640616054
0.0005608096602810258
0.0005922373498360023
0
0.0005679537323865166
0.0012111203529328774
0
0.0003956460831267137
0
0.0010183438799107277
0.0004984974758053563
0
0.00039608544579537193
0.00039608544579537193
0
0.00043558918453743016
0
0.0010662928069917262
0.00043558918453743016
0.00043558918453743016
0
0
0.0009492347144078042
0.0004347043801812705
0.0008074135686219183
0
0
0
0.0028023347843287574
0.0017335355719986993
0.0004991951629653357
0
0
0.0028023347843287574
0.0028023347843287574
0
0
0.0006550504020913359
0.0009423380289002176
0.00046900058374586774
0.0010505889364911115
0
0
0
0.0002774600886337864
0.0002826267384617531
0.0005527701572084191
0
0
0
0
0.0015712552596419932
0.002569087231251374
0
0
0
0
0.0004943519666510498
0
0
0
0
0.0005457918040378461
0.0005508493342683125
0.0017639710382726626
0.0005478877787077303
0.00054662826657277
0
0.0007331447974074664
0.0005929758003968951
0.0007399895102463327
0.0007399895102463327
0
0
0
0
0.0021167652459271953
0
0
0
0
0
0
0
0
0.0002747880924027214
0
