0.843970070294529
0
0
0
0
0
0
0
0.0013967233269251617
0
0.0019159365954472848
0.000989413915937314
0.0007572634098649879
0.00032864878126733995
0.0003811969603859661
0
0.0014013616775334645
0
0
0.0007164431836116545
0
0.000234046053880901
0
0
0
0.0006350414373924221
0.00023430596065922516
0.00023430596065922516
0
0.00017178303893639914
0
0
0.00017178303893639914
0.00017178303893639914
0
0.0004826823393162877
0
0
0.001432886367223309
0.000483373465231689
0.0004829585523859966
0
0.00036838501540573066
0
0.0005906018686455765
0.0005068889311078252
0
0.00036838501540573066
0.00036838501540573066
0
0
0
0
0
0
0
0
0
0.0003282652937746126
0.00033437799932429835
0.00032699344064104186
0
0.0006109084837455874
0
0
0
0
0.0006109084837455874
0.0006109084837455874
0
0
0
0
0
0
0
0.0006457307347318507
0.0019551430199873255
0.0004173937043988768
0.0006482104994581636
0.0006467203603789494
0
0.0017347791784060205
0
0.0008754876247868558
0.0008754876247868558
0
0
0
0.0006583229877492426
0
0
0
0
0
0.0005242050126052975
0
0.0005242050126052975
0.0005242050126052975
0.00032510403324134397
0
