0.3011050927839216
0.00047250701103793114
0.00028088161640291197
0.0009548787297587366
0.000576829679662685
0
0
0
0.0003737340828927451
0.0010519976067761237
0.0004557019943759692
0.0010589862583256328
0.00040525584493125385
0.0005862638099375421
0.0005440019743160282
0.0004734356804778642
0.0006249586815772554
0.00037544275908219654
0.00035960003119098915
0.00038341055957205643
0
8.350113499276806e-05
0.00027777222581542584
0.0012895293052844609
0.00021041585799016184
0.00022656515634606592
8.359386251635803e-05
8.359386251635803e-05
0.0020623636492049426
0.0006128741965884829
0.00128677390078599
0.00022504117547378298
0.0006128741965884829
0.0006128741965884829
0.0007527627319598041
0.0024970110639787606
0.0014023523948685638
0.0005504663487823064
0.0005112140794294085
0.002500586394826382
0.0024984399687364026
0.0011655681010990513
0.001577154567178987
0.0005487942152805376
0.0008428414073727686
0.0009042194978496144
0.00020866603796529563
0.001577154567178987
0.001577154567178987
0.001536250473387355
0.0017108243908177366
0.0005529937424865411
0.000795522041701246
0.0005938956465166107
0.000886907489790638
0.0017108243908177366
0.0017108243908177366
0
0
0
0
0.001917866833018609
0.00010897759420337373
0.000299309237359763
0.00025029517272146434
0.0006632270766165675
0.0010844120988616624
0.00010897759420337373
0.00010897759420337373
0
0
0.00041733207593059126
0.00022793723904914582
0
0
0
0
0.0006975407554839883
0
0
0
0
0
0.0005005903454429287
0
0
0
0
0.0005454802405505826
0.0009394854689045917
0
0.00024967254791369954
0
0
0.0015641823001762162
0.00037404359352039956
0.00017394863823450121
0.00037404359352039956
0.00037404359352039956
0.0002319761885854558
0.0014677824857154953
