1.7719568419318754
0
0
0
0
0
0
0
0
0
0.0006704339167354807
0
0
0.0006900143465466804
0
0
0.0007355570120099109
0
0
0.0007521039227215091
0
0
0
0.0012647800442054785
0
0
0
0
0
0
0
0
0
0
0
0
0.0011789466679520129
0
0
0
0
0
0.000773442532488815
0
0
0
0
0.000773442532488815
0.000773442532488815
0
0
0
0
0
0
0
0
0
0.0006892091956172211
0.0007020431227939285
0.0006865388771529932
0
0
0
0
0
0
0
0
0
0
0
0.00134137535346849
0
0
0
0.0013557435668950844
0
0
0.001360949955400826
0.0013578213348136978
0
0
0
0
0
0
0
0
0
0
0.001469284280208852
0
0
0
0
0
0
0
0
0
