1.7719568419318754
0
0.0008264724076174792
0
0
0
0
0
0.002199367201404893
0.002063614334547992
0
0
0.0023848678895449196
0
0
0
0.002206671036029733
0.0007364741653914694
0.0014107936639584995
0.0015042078454430181
0
0
0
0
0.0012382647392955104
0
0
0
0
0
0
0.001324332467811566
0
0
0
0
0
0
0
0
0
0
0
0
0
0
0
0
0
0
0
0
0.007022286031434117
0.0011649946363786164
0
0
0
0
0.0006892091956172211
0.0007020431227939285
0.0006865388771529932
0
0
0
0.004418844992348817
0
0
0
0
0
0
0
0
0
0
0
0
0
0
0
0
0
0
0
0
0
0
0
0
0
0
0
0
0
0
0
0
0
0
0
0.0037018596976292665
