1.6094379124341003
0
0
0
0
0
0
0
0
0.0012495635966103262
0
0
0.0007220448238825035
0
0
0
0
0
0
0
0
0.0004463222164265392
0
0
0.001124694557955346
0.0024220284611498875
0.0004468178546457802
0.0004468178546457802
0
0
0.0009825628281038463
0
0
0
0
0
0
0
0
0
0
0
0
0.0009777873101057717
0
0
0
0
0
0
0
0
0
0.0010581445841118347
0.0023703062038793817
0
0
0
0.0006259968543112019
0.0006376536895539225
0.0006235714499938397
0
0
0.0015998388791591454
0
0
0.001932098334254622
0
0
0
0.004235362927458158
0
0
0.004235362927458158
0.004235362927458158
0
0
0
0.002387890077795401
0
0
0
0
0
0
0
0
0
0
0
0
0
0
0
0
0
0
0
0
0
0
