1.7147984280919266
0.0006727337889729018
0
0
0
0
0
0
0
0.0006656826196009032
0
0
0
0.0006677563972320586
0.0007745250352718729
0.0006740559858851913
0.0007118299826035395
0
0
0
0
0
0.0015819173690884932
0.0012239817473889555
0
0
0
0
0
0
0
0
0
0
0
0.0004903627189282033
0.0011409171178256331
0.0010449716198000772
0.0009704575144832636
0.0004910648419507236
0.000490643327064929
0
0
0
0
0
0
0
0
0
0
0
0
0
0
0
0
0
0.000666977218238789
0.0006793971585150264
0.0006643930368430556
0
0
0
0
0
0
0
0
0
0
0
0
0
0
0
0
0
0
0
0
0
0
0
0
0
0
0
0
0
0
0
0
0
0
0
0.0009906403397411476
0
0
0
0
