1.1394342831883648
0
0
0
0
0
0
0
0
0
0
0
0
0
0
0
0
0
0
0
0
0.0006319657699325374
0
0
0
0
0.0006326675642356274
0.0006326675642356274
0
0.0002319223047401516
0
0
0.0002319223047401516
0.0002319223047401516
0
0.000977495810570516
0
0.0006943536155931535
0
0.0009788954322924096
0.000978055178702459
0
0.0004973523715357332
0
0
0
0
0.0004973523715357332
0.0004973523715357332
0
0
0
0
0
0
0
0
0
0.0013295615906515341
0.001354319670984586
0.001324410247797402
0
0.0012371707743630454
0
0
0
0
0.0012371707743630454
0.0012371707743630454
0
0
0
0.0008625543400366122
0
0
0
0.0008717936367164229
0
0.0005635184387677373
0.0008751415385471312
0.0008731297189182873
0
0.0011710527062573123
0
0.0011819857709422872
0.0011819857709422872
0
0
0
0
0
0.000944804546590684
0
0
0
0.001415446314519708
0
0.001415446314519708
0.001415446314519708
0.00043891921540383855
0
