1.6094379124341003
0
0
0
0
0
0
0
0
0.0006247817983051631
0
0.0006289323612481831
0.0007220448238825035
0
0
0
0
0.0006689268131480051
0
0
0
0
0
0
0
0
0
0
0
0
0
0
0
0
0
0
0
0.0009807665523669106
0
0
0
0
0.0021075136347893063
0
0.0011262686581064382
0
0
0.0021075136347893063
0.0021075136347893063
0
0
0
0
0.0010581445841118347
0
0
0
0
0.007511962251734423
0.0076518442746470695
0.0074828573999260765
0
0
0
0.0026757072525920205
0
0
0
0
0
0
0
0
0
0
0
0.001231398555802678
0
0
0.001236127428904839
0.001233285756654483
0
0
0
0
0
0
0
0.0014578241960453808
0
0
0
0
0
0
0
0
0
0
0.000619968379211903
0.0022415569811059894
