1.8971199848858813
0
0
0
0
0
0
0
0
0
0
0.0014827041695083091
0
0
0
0
0
0
0.0007552229239195388
0
0
0
0
0
0
0
0
0
0
0.0007722857662877595
0
0
0.0007722857662877595
0.0007722857662877595
0
0
0
0
0
0
0
0
0.0008280750697886867
0
0
0
0
0.0008280750697886867
0.0008280750697886867
0
0
0
0
0
0
0
0
0
0
0
0
0
0
0.0018858051539621084
0
0
0
0
0
0
0
0
0
0
0
0
0.0014515072569899626
0.0029299150345727895
0.0009382393594885664
0.0014570814016020594
0.0014537317891845833
0
0
0
0
0
0
0
0
0
0
0
0
0
0
0
0
0
0
0.0014615716370461336
0
