0.38566248081198473
0.000302599043398968
0
0
0
0
0
0
0.00015956246620272432
0.00044914108790215616
0.00014591845660688035
0.0003014165539757599
0.00017302040413278813
0.0003003601875482747
0.00017419262909303736
0.00030319377422325847
0.00032018470802157306
0.0004808759112368887
0.0001535280576480831
0.00016369375246688656
0
0.00010695021653133244
0.0003557771963210191
0.0008258297233661344
0.001617033462524045
0.00029018997803761075
0.00010706898412326062
0.00010706898412326062
0
7.849836776144611e-05
0.0004708943599657933
0.0011529521100507765
7.849836776144611e-05
7.849836776144611e-05
0
0.0006617028552679178
0.0007697853908422848
0.00047003349276293085
0.0006547750098675463
0.0006626503106735133
0.0006620815121235789
0
0.00016833805360627879
0.00023430284374968693
0.00026988277173686825
0.00023162911760479563
0.0002672643664670719
0.00016833805360627879
0.00016833805360627879
0
0
0.0003541436922056793
0
0.0002535585015200426
0
0
0
0
0.00015000485445818153
0.00015279813027416195
0.0001494236655606295
0
0.00013958106435468142
0.0003833623069701637
0.0003205839408245925
0
0
0.00013958106435468142
0.00013958106435468142
0
0
0.0002672643664670719
0.0002919473738167939
0
0
0
0.0002950745836357955
0.0002978088654918801
0.000190733175475759
0.00029620774255912806
0.0002955268052199117
0
0.00039636431738127926
0.0003205839408245925
0.00040006481412031613
0.00040006481412031613
0
0
0.00034933195725723255
0.0003008287681840755
0
0.00031978646833497905
0
0
0
0.00023954191354781662
0.00022279750480183982
0.00023954191354781662
0.00023954191354781662
0.00014856027766255191
0.00026856718719497544
