0.47803580094299974
0.00018753856451275
0.01025636513217257
0
0
0.0075878698562380905
0
0
0.00019778063754364902
0.0018557290409277941
0.002713029517270146
0.002802085585832355
0.004932626030367426
0.0007446040513130837
0.004102384922275065
0.00018790715445872632
0.0005953123299414692
0.0035763276878528656
0.002283610514058916
0.0008116057740967737
0
0.0002651335557088185
0.004850916799237082
0.0013648416872034253
0.003006514471339621
0.003596958622595935
0.00026542798497667953
0.00026542798497667953
0
9.730018337940154e-05
0.0002918411483168497
0.003215487450289236
9.730018337940154e-05
9.730018337940154e-05
0.0011950895023574994
0
0.0025444354008942105
0.002039153325168189
0.0024348173222903213
0
0
0
0.0004173162819231774
0.003194649945548601
0.0020071482194947503
0.002583977302394593
0.0009938374239979206
0.0004173162819231774
0.0004173162819231774
0.0012194790840382645
0
0.0008779353552672172
0.0006314871875072652
0.0003142904674181458
0.004928204133432987
0
0
0.004733027732108908
0
0
0
0
0
0.000950369385572564
0.0019868487154738146
0.0021058845856519815
0.005164852591220886
0
0
0
0
0.0029815122719937617
0.002533119308554881
0
0
0
0
0.001476558458511196
0
0
0
0.0040340573919240485
0
0.0027815882016633403
0
0
0
0
0.000866006885766304
0.0029830627203931343
0.002837007720729969
0.0011891437834402978
0
0
0
0.00029691664654844704
0.001104646564859618
0.00029691664654844704
0.00029691664654844704
0
0.0023302580825912246
