1.6094379124341003
0
0
0.001701308575511734
0
0
0
0
0
0
0.0006089435915376846
0
0
0
0
0
0
0.0006689268131480051
0
0.000683123052815832
0
0
0
0
0
0
0
0
0
0.0009827628205378181
0
0
0.0009827628205378181
0.0009827628205378181
0
0.0004602338897438091
0
0
0
0.0004608928729765465
0.0004604972567765666
0
0
0
0
0.0009666293768372975
0
0
0
0
0
0
0
0
0
0
0
0
0
0
0
0
0.002912482650079805
0
0
0
0
0.002912482650079805
0.002912482650079805
0
0
0
0.0012183481547570782
0
0
0
0.001231398555802678
0.001242809198790811
0
0.001236127428904839
0.001233285756654483
0
0.0016540985739302162
0
0
0
0
0
0
0
0
0
0
0
0
0
0
0
0
0
0
