0.02020270731751947
7.925738453322663e-06
9.422904532425126e-06
2.1355927396955042e-05
3.870250443969247e-05
0.00032067789392888047
0
0
8.358588050276983e-06
7.842665884130229e-06
7.643854452334268e-06
7.894766439046296e-06
9.063574390991238e-06
7.867097865077674e-06
9.124980721553509e-06
7.941315769465201e-06
8.386345918438966e-06
8.39680270886096e-06
8.042479027674949e-06
8.575003105908094e-06
0.00013743338311237734
5.60252560108693e-06
1.863718387225043e-05
1.4420205080313682e-05
1.4117894701271467e-05
1.5201435152384851e-05
5.6087471731036846e-06
5.6087471731036846e-06
0.00013837470765424293
4.112091861900971e-06
1.2333765151110788e-05
1.5099183346427108e-05
4.112091861900971e-06
4.112091861900971e-06
5.050676829379867e-05
5.777153936951521e-06
1.3441588368276428e-05
1.2311217134381152e-05
1.1433337474544126e-05
5.785425921397328e-06
5.780459890563511e-06
2.6068009441960606e-05
8.818292150816005e-06
1.2273819755479627e-05
1.4137653826115792e-05
1.2133758148660341e-05
1.4000490171531163e-05
8.818292150816005e-06
8.818292150816005e-06
5.15375186671415e-05
0.00011478810975863335
1.8551613698364986e-05
2.668785643001251e-05
1.3282516316580848e-05
2.9753619024329115e-05
0.00011478810975863335
0.00011478810975863335
0.00020002680512395515
7.857918054266617e-06
8.004242201869837e-06
7.82747280802769e-06
1.6084958055349898e-05
7.311873802938643e-06
2.008221403331955e-05
1.679360541772192e-05
4.4499355324932755e-05
2.4252949961007766e-05
7.311873802938643e-06
7.311873802938643e-06
0.00010746120913574185
5.316501925663018e-05
1.4000490171531163e-05
1.5293495319848197e-05
5.316501925663018e-05
5.316501925663018e-05
0.00018881034876186417
1.5457312408201584e-05
1.5600546191134726e-05
9.991447733689154e-06
1.551667228688131e-05
1.5481001775876988e-05
8.524349079122138e-05
2.0763316873092982e-05
1.679360541772192e-05
2.0957165267136378e-05
2.0957165267136378e-05
5.127590689725753e-05
0.00011223726287510817
1.82995537296372e-05
1.5758742057347482e-05
5.994868640213493e-05
1.675183027986689e-05
0.00011223726287510817
0.00011223726287510817
2.6237282230544765e-05
1.2548265414608366e-05
1.1671119189785944e-05
1.2548265414608366e-05
1.2548265414608366e-05
7.782244729398872e-06
1.4068737686294896e-05
