1.7719568419318754
0
0
0
0
0
0
0
0.0007331224004682976
0.0006878714448493305
0
0
0
0.0013800286930933609
0.0008003418436910006
0
0.0014711140240198219
0
0
0.0007521039227215091
0
0
0.0016346465331474865
0
0
0
0
0
0
0
0
0
0
0
0
0.000506707704298506
0
0
0
0.0005074332307937788
0.0005069976657888056
0
0
0
0.001239997790015308
0
0.001227967319426109
0
0
0
0
0
0
0
0
0
0
0
0
0
0
0
0
0
0.0029458966615658775
0
0
0
0
0
0
0
0
0
0
0
0
0.0013683064416462358
0.0008763386953174458
0
0
0
0
0
0
0
0
0
0.0016050333713151046
0.0013821816239718218
0
0
0
0
0
0
0
0
0
0
0
