1.5141277326297755
0.0005940085259434192
0
0
0
0
0
0
0.000626449206714843
0
0
0
0.0006792856584252021
0
0
0.0005951759955305721
0.0006285295693772418
0
0
0
0
0
0
0
0
0
0
0
0
0
0.0009243759051463832
0
0
0
0
0
0
0
0
0
0
0.0019537132033932585
0
0
0
0
0
0
0
0.0038625707465045293
0
0
0.0020001687353101393
0
0.002229937750559316
0
0
0
0
0
0
0.0012055157106924965
0
0
0
0
0.001817680351296249
0
0
0
0
0.002098583136008005
0
0
0
0
0
0
0
0
0
0
0
0
0
0
0.003842963788400445
0.008411820736832087
0.004114477534320042
0.00236213374825238
0.004492960630948889
0.002510991264725996
0.008411820736832087
0.008411820736832087
0.001966399652765942
0
0
0
0
0
0
