0.5276327420823719
0.00041399195141810267
0
0
0
0
0
0
0.000654902038165956
0.00061447912509593
0.0003992680605996004
0.0004123741634094349
0.0004734255200380187
0.0006163933902831447
0.00023831650500558802
0.0006222084222669479
0.0004380512595121394
0.000657896187135127
0.0006301346442066542
0.0006718583303256009
0
0.00014632078260742428
0.001460238216095125
0.0011298345654868777
0.0007374322041682346
0.0011910445645200267
0.0002929665419668917
0.0002929665419668917
0
0.00010739522533734416
0
0.0007886887026642331
0.00010739522533734416
0.00010739522533734416
0
0.00015088153905701228
0.000702106110555385
0.000964593678395561
0.0008958111071008011
0.00030219515583182813
0.0003019357608482815
0
0
0
0.000738464299625433
0.0009506896253736431
0.0007312997118258792
0
0
0
0
0
0.0006970049433056432
0.001040695743752213
0.0007770732578532722
0
0
0
0.00020522471492896612
0.00020904625280601105
0.0004088591569797535
0
0
0
0.001315792374270254
0.0011621866565691011
0.0006334126555610707
0
0
0
0
0
0.0011982575520417225
0
0
0
0.00040369758384267164
0.0008148768217488369
0.0005218919308430978
0.0008104957635673916
0.0008086325549155125
0
0.0010845482879390995
0.0008771949161801694
0.0005473368693800538
0.0005473368693800538
0
0
0
0.0012347100048729451
0
0.0008750128392742486
0
0
0
0.00032772220005116266
0.000609627662717934
0.00032772220005116266
0.00032772220005116266
0
0.0011022968149353174
