1.1086626245216111
0.00043494022146787413
0.0005171001047209007
0
0
0
0
0
0
0.00043038145361863785
0.00041947129191131715
0.00043324057230230997
0.0004973811684708888
0
0.0010015019191703803
0.00043579505680880944
0
0.00046079078325919
0.0008826931723898178
0.0018822794983388983
0
0
0
0
0
0
0
0
0
0.00022565899135387974
0.0013536784182193054
0
0.00022565899135387974
0.00022565899135387974
0
0
0
0
0
0
0
0
0.0014517624939174305
0.000673549589624308
0
0
0
0.0014517624939174305
0.0014517624939174305
0
0
0.002036111339800939
0
0
0
0
0
0
0
0
0
0
0.0004012532119151687
0.0011020503225860944
0
0
0
0.0004012532119151687
0.0004012532119151687
0
0
0.0007683039670974436
0.0008392601245432332
0
0
0
0
0
0
0
0
0
0.0011394271577817175
0.00184316313303676
0.001150064963196692
0.001150064963196692
0
0
0.0010042233917768218
0
0
0
0
0
0
0
0.0006404752308039347
0
0
0.000427065725932824
0
