1.171182981502945
0.00045946762710982546
0
0
0
0
0
0
0.0004845606046764357
0
0
0.00045767213032549633
0
0.0013682044176436274
0
0.00046037066882977405
0.00048616977231338523
0
0
0
0
0
0
0.0008359621566759066
0
0.0017625026057230173
0
0
0
0
0
0
0
0
0
0.0003349107753797384
0.000779230193947402
0.0007137007809280593
0
0.000335390315436124
0.00033510242675334625
0
0
0.0007115327955667952
0
0.0007034132021038709
0
0
0
0
0
0
0
0
0
0
0
0
0
0
0
0
0
0
0.000973551938073936
0
0
0
0
0
0.0030820604776393293
0
0
0.0030820604776393293
0.0030820604776393293
0
0.008064764218459452
0.0009043884027049769
0
0.008095734895181648
0.008077124010365139
0
0.001203682406477847
0
0.0012149201052935115
0.0012149201052935115
0
0
0
0.0009135592679430149
0
0
0
0
0
0.0007274428456540032
0.0006765932879855257
0.0007274428456540032
0.0007274428456540032
0
0
