1.8971199848858813
0
0
0
0
0
0
0
0
0
0
0
0
0
0
0
0
0.0007884954218145807
0.0007552229239195388
0
0
0
0
0
0
0
0
0
0
0.00038614288314387977
0
0
0.00038614288314387977
0.00038614288314387977
0
0
0
0
0
0
0
0
0
0.0011525637818261731
0
0
0
0
0
0
0
0
0
0
0.00279399114121632
0
0
0
0
0
0
0
0.002059847974903237
0
0.0015769908436291614
0
0
0.002059847974903237
0.002059847974903237
0
0
0
0
0
0
0
0
0
0
0
0
0
0
0
0
0
0
0
0.0017184057834111245
0.0014798127807222163
0
0.0015730679808340642
0
0
0
0
0
0
0
0.0014615716370461336
0
