1.8971199848858813
0.000744260488382064
0
0
0
0
0
0
0
0.0007364596214619104
0
0.0007413520847541546
0
0
0
0.0007457232644991673
0
0
0
0
0
0
0
0
0
0
0
0
0
0
0
0
0
0
0
0
0
0
0
0
0
0
0
0
0
0
0
0
0
0
0
0
0
0
0
0
0
0
0
0
0
0.0015104458478390776
0.0013732319832688246
0.005657415461886326
0
0
0.002277454963848597
0.0013732319832688246
0.0013732319832688246
0
0
0.00131470546423138
0
0
0
0
0
0.0014649575172863947
0
0
0
0
0
0
0
0
0
0
0
0
0
0
0
0
0.002463792188163482
0
0
0
0
0.0007307858185230668
0.0013211141956029815
