1.07880966137193
0
0
0
0
0
0
0
0
0.0012563777112250738
0
0
0
0
0.0009745344727840379
0
0
0.0004483830679018828
0.0017178497792546658
0.0018315953503767913
0
0
0.0009952118647342527
0
0
0
0
0
0
0
0.0006586139568815202
0
0
0
0
0.0009254872702647383
0.0007177708991163873
0.0013148198188567095
0.0012210635669178608
0.0009268124238590464
0.000926016876714103
0
0
0
0
0.0006479337305537117
0
0
0
0
0
0
0
0
0
0
0
0
0.0004196070250377013
0.0004274206265340452
0.0004179812713568113
0
0.001952243324958252
0.0010723754089184193
0
0
0
0.001952243324958252
0.001952243324958252
0
0
0
0.0016333227272852838
0
0
0
0.00165081815053088
0.0008330576535690579
0.0016006078061898072
0.001657157697959954
0.0016533481400336093
0
0.002217491595831305
0
0.002238194318199025
0.002238194318199025
0
0
0
0
0.0032012156123796143
0.001789070748543831
0
0
0
0
0.001869687454717383
0
0
0.00041556612533587446
0
