1.8325814637483102
0.0007189413353269165
0
0
0
0
0
0
0
0
0
0
0.0008221540887161553
0.0007136220653225507
0.0008277242383687037
0.0007203543489576692
0.00076072289902379
0
0
0
0
0
0
0.0013080524366511851
0
0
0
0
0
0
0
0
0
0
0
0.0015721316532012956
0.0012192824110101865
0.001116746778640043
0.0010371145805027223
0.0015743827008146995
0.0015730312993547726
0
0.0007999046109770013
0
0
0
0
0.0007999046109770013
0.0007999046109770013
0
0
0
0
0
0
0
0
0
0
0
0
0
0
0
0
0
0
0
0
0
0
0
0
0
0
0
0
0
0
0
0
0
0
0
0
0
0
0
0
0
0
0
0
0
0
0
0
0
0
0
0
