1.2039728043259361
0
0.0005615544796296343
0
0
0
0
0
0.0004981269360057658
0
0.0004555326539258177
0.00047048566015081523
0
0.00046883676180916516
0.0005437998212854273
0
0.0004997811558015509
0.0010008086486499885
0.000958577073507911
0
0
0.00033388042271933897
0.0011106760187508636
0
0
0
0.0003342511949822144
0.0003342511949822144
0
0
0.0007350261320671161
0
0
0
0
0.00034428733323589827
0
0.0007336823914234834
0.0006813654806598394
0.00034478029906241013
0.00034448435030785016
0
0
0
0
0.0007231067893849466
0
0
0
0
0
0
0
0
0
0
0
0
0.00046828969440915446
0.0004770098273874549
0.0004664753213196188
0
0
0
0
0
0
0
0
0
0
0
0.0009114101471051749
0
0
0
0.0009211727653603184
0.0009297087292092171
0
0.0009247102951812106
0.0009225845243876906
0
0.0012373821216093896
0
0
0
0
0
0
0
0
0
0
0
0
0
0
0
0
0.0004637799708497443
0
