0.653926467406664
0.0005130847135399483
0
0
0
0
0
0
0.0005411058894552453
0.0005077068846325031
0.00024741826235590773
0.00025553984658329977
0.0005867442507013585
0.0007639327890264767
0.0005907194827521806
0.0005140931347536667
0.0008143542557990835
0.0005435797734053733
0.0005206420918842867
0.0002775579233474805
0
0.00018134400094472106
0.0006032531987146347
0.0004667569360504383
0.0009139433506731852
0.0014761319806019502
0.00018154538240051753
0.00018154538240051753
0
0.00039930376597190965
0.000399222507574276
0.0009774685611459851
0.00039930376597190965
0.00039930376597190965
0
0.0003739928323744147
0.0004350808166378337
0.001195478002571598
0.000370077231129974
0.00037452833184803213
0.0003742068483013815
0
0.00028543276621853514
0
0.00045761124381152134
0.0011782458872192146
0.00045317149508431327
0.00028543276621853514
0.00028543276621853514
0
0
0
0
0.0004299319312338357
0
0
0
0
0
0
0
0
0
0
0.0005435797734053733
0
0.0007850257711964753
0
0
0
0
0
0.0004950238208983074
0
0
0
0
0.0005049625230939491
0.0003234057702307933
0
0
0
0.0013441448456457637
0.0016307393202161199
0.0013566939157814606
0.0013566939157814606
0
0
0.0011846493974758407
0.000510083047899114
0
0.0010844551698286303
0
0
0
0
0.00037777381132678454
0
0
0
0.000910761096666663
