0.8915981192837835
0
0
0
0
0
0
0
0.00036888627194198734
0.0003461172823306613
0.00033734321577138994
0.00034841661558569114
0.0003999991562511366
0.0003471955293161151
0
0
0
0
0
0
0
0.0002472540541552367
0
0
0
0
0.0002475286283408616
0.0002475286283408616
0
0.00018147732938810982
0.000544321196143946
0
0.00018147732938810982
0.00018147732938810982
0
0.00025496085767337247
0
0
0
0.0002553259219025726
0.00025510675802111116
0
0.0003891742118218173
0.0005416756496256278
0
0
0
0.0003891742118218173
0.0003891742118218173
0
0
0.0008187310553570096
0
0
0
0
0
0
0.00034679040034375086
0.0003532480662772518
0.0003454467722912761
0
0.000322692044619538
0.0008862804366638006
0
0
0
0.000322692044619538
0.000322692044619538
0
0
0.0006178781145417765
0
0
0
0
0.0006821714761161312
0
0.000440948624769428
0.0006847911822456095
0.000683216949642746
0
0.0009163392798394487
0
0.000924894314609734
0.000924894314609734
0
0
0.0008076069921048764
0
0
0
0
0
0
0.0005537876517290581
0
0.0005537876517290581
0.0005537876517290581
0.00034345073932349134
0
