1.3470736479666094
0.0010569428387340993
0
0
0
0
0
0
0
0
0.0005096759924202079
0.0015792188135599172
0.0006043399048751051
0.0010491227787901942
0
0.0010590201634957622
0
0.0005598809841922733
0
0.0011435260169495836
0
0.000373564516906991
0
0.0019230173418509772
0.0009413512564406774
0
0.0003739793581250998
0.0003739793581250998
0
0.00027418555830787896
0
0
0.00027418555830787896
0.00027418555830787896
0
0
0.0017925131709469189
0.0016417716611415107
0
0
0
0
0
0
0
0
0
0
0
0
0
0
0
0
0
0
0
0
0
0
0
0
0
0
0.0011197619683845465
0
0
0
0
0
0
0
0.0010197378107241555
0
0
0
0.002061321573017
0.003120633933513381
0.0006662085301516367
0.002069237554480199
0.0020644806865388653
0
0
0
0
0
0
0
0
0
0
0
0
0
0
0
0.0007782054580974057
0
0
0
0
