0.9942522733438669
0.0011701674460696746
0
0
0
0
0
0
0.001234073984291105
0
0.00150473291463317
0.0007770631288345971
0.00044605306116817715
0.00038716988837377995
0.0008981502017559773
0.001172467303471541
0
0
0
0.00042200860498466336
0
0.000551443301910076
0
0
0
0
0.0005520556764818806
0.0005520556764818806
0
0.00040474344528551473
0
0
0.00040474344528551473
0.00040474344528551473
0
0.0008529473320078927
0.0006615118252454204
0.0006058819459743248
0.0011253562799591024
0.0008541686197112258
0.0008534354277629758
0
0.0008679635734123674
0
0
0
0
0.0008679635734123674
0.0008679635734123674
0
0
0
0
0.0006536832829348237
0
0
0
0
0
0
0
0
0.0007196903896806854
0
0.0008264773677006375
0
0
0.0007196903896806854
0.0007196903896806854
0
0
0
0.0007526512288749938
0
0
0
0.0007607132925354758
0
0.0014751517408662714
0.0007636346185436766
0.000761879136661967
0
0
0.0008264773677006375
0
0
0
0
0
0
0
0
0
0
0
0
0.001723140855015367
0
0
0.0011489818258981514
0
