1.8971199848858813
0.000744260488382064
0
0
0
0
0
0
0
0
0
0
0
0.0007387538881954367
0.002570623285753227
0.0007457232644991673
0
0.0007884954218145807
0
0
0
0.0005261009386816088
0.0017501106871640971
0.001354118476007053
0.0013257302479985193
0.0014274792963776383
0.0005266851707067966
0.0005266851707067966
0
0
0
0
0
0
0
0
0
0
0.003220916782488763
0
0
0
0
0
0
0
0
0
0
0
0
0
0
0
0
0
0
0
0
0
0
0
0
0.0018858051539621084
0
0
0
0
0
0
0
0
0.002872248273862046
0
0
0
0
0
0
0
0
0
0
0
0
0
0
0
0
0
0
0
0
0
0
0
0
0
0
0
0
