1.6607312068216509
0
0
0
0
0
0
0
0
0.0012893875829360643
0
0
0
0
0.0007501044294587402
0
0.0006893861381575969
0
0
0.0007048944001789689
0
0
0
0
0
0.0012496096364346507
0
0
0
0.001014083781898016
0.0010138774156420334
0
0.001014083781898016
0.001014083781898016
0
0.0004749016891111384
0
0
0.0009398592002386253
0.0004755816743475518
0.00047517344973437795
0
0
0
0.0011621631958164105
0.0009974361602532438
0
0
0
0
0
0
0
0.0010918679860760362
0
0
0
0
0.0006459475716925907
0.0006579759139546953
0.0006434448689739058
0
0
0
0
0
0
0
0
0
0
0
0
0
0
0
0
0
0
0
0
0
0
0
0
0
0
0
0
0
0
0
0
0
0
0
0
0
0
0
0
