1.6607312068216509
0
0
0
0.009544432223112936
0
0
0
0.002061313041152235
0.0019340813744040965
0.0006283508160505679
0
0
0
0
0
0.0013787722763151937
0
0
0
0
0
0.0015320398586915597
0
0
0
0
0
0
0
0
0
0
0
0
0
0
0
0
0
0
0
0.0007248935865655394
0
0.0011621631958164105
0.0019948723205064876
0
0.0007248935865655394
0.0007248935865655394
0
0
0
0.004387665011417836
0.0010918679860760362
0
0
0
0
0
0
0
0
0
0
0.0027609828874840415
0
0
0
0
0
0
0
0.001257177295095875
0
0
0
0
0
0
0
0
0
0
0
0
0
0
0
0
0
0
0.0013770573854242545
0
0
0
0
0.0009594056654082327
0
0
0.001279453934377235
0.002312996109779458
