1.4696759700589417
0
0
0
0.002815471207009467
0
0
0
0
0
0
0
0
0
0
0
0
0
0.0046804967199329355
0.0006238013455258666
0
0
0.0013557896402757764
0.002098038501154806
0.008216217861964734
0
0
0
0
0.00119656093633946
0
0.008787300269410712
0.00119656093633946
0.00119656093633946
0
0.0033621411954451058
0
0
0
0.0033669552578669912
0.0033640651675168913
0.0018963560903986344
0.002565999074742805
0.0008928772600601103
0.0051423231982468225
0
0
0.002565999074742805
0.002565999074742805
0.003749173393007504
0
0
0
0
0
0
0
0
0
0
0
0.0011701241799832339
0
0
0
0
0
0
0
0
0
0
0
0
0
0
0
0
0
0
0
0
0
0
0
0
0.003730142055987161
0
0
0
0
0
0
0
0.0019086700909856386
0
0
0
0
0
0
