1.0498221244986776
0.0008237129262445489
0
0
0
0
0
0
0.0008686984894486368
0.0008150792892070478
0.0007944170446452347
0.0008204940402490642
0.0009419669129642688
0.0008176184770238922
0.0009483488026184983
0.0008253318588826083
0.0008715833329171255
0.0008726700951776206
0.0008358456405244249
0.0008911902584878417
0
0
0.0019369411891119513
0.001498675409705464
0.0014672566380135256
0.0015798677569581303
0
0
0
0
0
0.001569240843794735
0
0
0
0
0.0013969688948751533
0.001279490706275049
0.0011882536779837891
0
0
0
0
0
0.0014693101812437753
0.0012610475969954086
0.0014550549196100868
0
0
0
0
0
0.002773638373840628
0.0013804367186044414
0
0
0
0
0
0
0
0
0
0
0.0017453401903552413
0
0.0025205813313293577
0
0
0
0
0
0.0015894354647973924
0
0
0
0
0.001621346910422668
0
0
0
0
0
0.0017453401903552413
0
0
0
0
0
0.0016377880257389668
0
0.001740998548090676
0
0
0
0
0.0012129660595016495
0
0
0
0.0014621478057084646
