1.1394342831883648
0
0.0005314525574572597
0
0
0
0
0
0
0
0.00043111399288246874
0
0
0
0
0
0
0
0.0004535964503138395
0
0
0
0
0
0
0
0
0
0
0.0004638446094803032
0.0006956253255118222
0
0.0004638446094803032
0.0004638446094803032
0
0
0.0007581066421745607
0
0
0
0
0
0.0004973523715357332
0.0006922444004789579
0
0.0006843449148278468
0.0007896287478782847
0.0004973523715357332
0.0004973523715357332
0
0
0
0
0
0
0
0
0
0.00044318719688384473
0.00045143989032819527
0.000441470082599134
0
0.0012371707743630454
0
0
0
0
0.0012371707743630454
0.0012371707743630454
0
0
0.004737772487269708
0
0
0
0
0.0008717936367164229
0.0008798720333500886
0
0.0008751415385471312
0.0008731297189182873
0
0
0.0009471606676545011
0
0
0
0
0
0.0026663828779758926
0
0.001889609093181368
0
0
0
0.000707723157259854
0
0.000707723157259854
0.000707723157259854
0.00043891921540383855
0
