0.16251892949777494
0.001020126666129619
7.58017395045592e-05
0.0001717959085600158
0
0.002579665547583729
0
0
0.0014120386923679245
0.0012617929308833457
0.0011068258535603286
0.0014607015937666368
0.0009478448108887726
0.000822720437488736
0.0013212921097380077
0.0010221316320614777
0.0007420955684829905
0.0011483049881388918
0.0007763643128874598
0.0015865600078305703
0
0.0015774161210266565
0.000599700846855258
0.001044018819043522
0.00022714036268032834
0.0004891465146659893
0.0015791678324325717
0.0015791678324325717
0
0.002315555681832739
0.002480447641907432
0.0013361048015512141
0.002315555681832739
0.002315555681832739
0
0.0016265835094143905
0.0003243890808338821
0.000990365201083333
0.0009197449320756929
0.001628912523603128
0.0016275143154283614
0
0.0021990776143304335
0.0015797708821168887
0.0009098330552709584
0.001073698633318633
0.001126257307676888
0.0021990776143304335
0.0021990776143304335
0
0.0018468060170201699
0.0007461842493010787
0.001288128899586063
0.0014959007317349436
0.0023935041163148
0.0018468060170201699
0.0018468060170201699
0
0.0014538838500384379
0.0014809569645201361
0.0014482508246605283
0
0.0007646565629645582
0.0003230992634150595
0.0009456629314084993
0.0021478272620851315
0.00019510075569960977
0.0007646565629645582
0.0007646565629645582
0
0.002566088360491183
0.0009010058461415105
0.0004921087948456471
0.002566088360491183
0.002566088360491183
0
0.00037303503327721873
0.00025099448571084935
0.0012860053768369926
0.0003744675794879607
0.00037360673447764354
0
0.0005010861135594294
0.001215852340382356
0.0005057643034163121
0.0005057643034163121
0
0.004514414708271526
0.001324882577427513
0.0006338491790084826
0.00434026814682485
0.001482345128089158
0.004514414708271526
0.004514414708271526
0
0.0011103777791773442
0.0010327603838680094
0.0011103777791773442
0.0011103777791773442
0.0008138467193648205
0.0015844463878613155
