1.8325814637483102
0.0007189413353269165
0
0
0
0
0
0
0
0
0
0
0
0.0007136220653225507
0
0.0007203543489576692
0
0.0007616714313168372
0
0
0
0.0010164068018570773
0.0016905733060408766
0.0013080524366511851
0.0012806299537025227
0.0013789175799460572
0.001017535515684792
0.001017535515684792
0
0
0
0
0
0
0
0.0005240438844004319
0
0.001116746778640043
0
0.0005247942336048998
0.0005243437664515909
0
0
0
0
0
0
0
0
0
0
0
0
0
0
0
0
0
0
0
0
0
0
0.0018216515544217794
0
0
0
0
0
0
0
0
0
0
0
0
0
0
0
0
0
0
0
0
0
0
0
0
0
0
0
0
0
0
0
0
0
0
0
0
0
