0.6348782724359695
0
0
0
0
0
0
0
0.0007880160601191182
0.0004929179133819639
0.0009608449072054022
0.00024809623776317683
0
0
0
0
0
0.00026387293118701976
0.0005054763315573005
0.00026947295094905326
0
0.00035212327922128095
0
0
0.0004436605677400206
0.00047771126594128627
0.00035251431006994423
0.00035251431006994423
0
0.0005168966191214895
0
0.00047449796146186064
0.0005168966191214895
0.0005168966191214895
0
0.0007261976236041974
0
0
0
0.0007272374254707555
0.0007266131873373042
0
0.0005542368157450628
0.0003857097645419012
0
0.000381308271733315
0.0004399710827692096
0.0005542368157450628
0.0005542368157450628
0
0
0.0005829919857079609
0
0.0008348169262800388
0
0
0
0
0.00024693826232437553
0.0002515365580174206
0.0002459815081115728
0
0.002297786002301735
0
0
0
0.0007621587904393391
0.002297786002301735
0.002297786002301735
0
0.0016707322958841302
0
0.0019224171761876442
0.0016707322958841302
0.0016707322958841302
0
0.001943009249995316
0.0019610139689141917
0.00031398529794063773
0.0019504708830598142
0.001945987041949332
0
0.0006524956551243263
0
0.0006585874195393875
0.0006585874195393875
0
0
0
0.000495224861494516
0
0
0
0
0
0.0015773373228222846
0.0007335393095736216
0.0015773373228222846
0.0015773373228222846
0.0004891203947888826
0.0004421157886044356
