0.17435338714477774
0.00020520210334811035
0.00024396462753467033
0.00147444724858163
0.0010020309606021708
0
0
0
0.00021640883799517306
0.0002707350732061766
0.00019790395816660357
0.0002725336258613173
0.00046932271102228195
0.00020368386348688987
0.00023625120209319478
0.00020560540936884168
0.0002171275057842811
0.00028986431778017915
0.0002776327820776716
0.00022201195307059986
0.0035582323907097494
0.0001934036463059099
0.0004825278242014144
0.00037334772407875323
0.0003655207277668297
0.00039357423734712806
0.00019361841992757107
0.00019361841992757107
0.0035826038454406382
0.00010646451484517265
0.00031932854788420834
0.0003909268770062281
0.00010646451484517265
0.00010646451484517265
0.001307650403585833
0.0001495739666669526
0.0003480107527839875
0.0003187447662610196
0.0007893758331399106
0.00014978813328589153
0.0001496595597809251
0.0006749163373346236
0.00030441446904369747
0.00031777652578027536
0.0003660323033130393
0.00031415024710770763
0.0007249621087100946
0.00030441446904369747
0.00030441446904369747
0.001334337146516156
0
0.0006404164817071726
0
0.0003438922823368398
0.00025677965706152834
0
0
0.005178813479547854
0.0002034461927010242
0.00020723461229569463
0.00020265794708807953
0.00041644917311650735
0.00018930878083037758
0.0005199405183243869
0.0004347964766702687
0
0
0.00018930878083037758
0.00018930878083037758
0.002782234901246453
0
0.0003624810543550473
0.0010558872802106146
0
0
0.004888412723685357
0.0004001990523598571
0.0005385432807560702
0.00025868455065990767
0.00040173591508013305
0.00040081238424086835
0.0022070049005668067
0.0007167662369775036
0.0004347964766702687
0.0007234580379451358
0.0007234580379451358
0.00132756386150846
0
0.0006317151708144121
0.0005440043280648292
0
0.0010120014179215956
0
0
0.0009057318812715726
0.00032488208784741193
0.000503620413474228
0.00032488208784741193
0.00032488208784741193
0.00020148696511337953
0.0003642480232829619
