1.2039728043259361
0.00047233142578498863
0.009546426153703784
0
0
0
0
0
0
0
0
0.0009409713203016305
0
0.0009376735236183303
0
0.0004732597501281196
0
0
0.003834308294031644
0.0005110241104948795
0
0
0
0
0
0.0009059238557757232
0
0
0
0
0.0014700522641342322
0.0008998301975530166
0
0
0
0
0
0.0007336823914234834
0
0
0
0.0015535132959044336
0.0021020913213896744
0.0014629074171639562
0.003370112818267141
0.0007231067893849466
0.00584047791426303
0.0021020913213896744
0.0021020913213896744
0
0
0.0033167294885012013
0
0.0023746998112937597
0
0
0
0
0.00046828969440915446
0.0004770098273874549
0.0004664753213196188
0
0
0.004787168208055412
0
0
0
0
0
0
0
0
0
0
0
0
0
0.004648543646046085
0
0
0
0
0
0.0030024259459499655
0
0
0
0
0
0
0
0.005989914449382767
0
0
0
0
0.003477679966279423
0
0
0.0004637799708497443
0
