1.5606477482646683
0.0006122588263101877
0.0021837421850718305
0
0.0029897466441851884
0
0
0
0.0006456962135972976
0
0
0.000609866255672008
0
0.0006077288739348397
0
0.000613462165198376
0.0006478404932605514
0.000648648274424218
0
0
0
0
0
0
0
0
0
0
0
0.00031765677758287573
0
0
0.00031765677758287573
0.00031765677758287573
0
0
0.0010383551219325805
0
0
0
0
0
0
0
0
0.0009373259749337347
0
0
0
0
0
0
0
0.0010260668956375203
0
0
0
0
0
0
0
0
0.0005648381282173971
0
0
0.0034375501063098426
0
0.0005648381282173971
0.0005648381282173971
0
0
0
0
0
0
0
0
0.0012051333963433732
0
0
0
0
0
0
0
0
0
0
0
0.0012173539378039534
0
0
0
0
0
0
0
0
0
0
0
