0.0005028921062438084
0.00043482767259683434
0.004927434091160744
0.004464897174557532
0
0
0
4.8214239245325444e-05
4.5238282708055746e-05
8.818298619443936e-05
0.00013661643171858335
5.228076099414608e-05
0
0
0.0005038804948174008
0.0005804922353970192
0.00048434670098068
0.000463908504203629
0.0004946257056704228
0
0.00016158321721568443
0.00010750352053132066
0.00016635805318479887
0.0002443056944569216
8.768533954548653e-05
0.00016176265443635705
0.00016176265443635705
0.0007981768236709014
7.115844672661405e-05
7.114396596822443e-05
0.00017419105568901587
7.115844672661405e-05
7.115844672661405e-05
0.002622010865758911
0.00019994363669880173
0.00015506828510439337
0.00014202780774643707
6.595009408938971e-05
0.00020022992483840482
0.000200058053658286
0.0006014648580952341
0.00010173183435700707
7.079818727579076e-05
8.154920661718097e-05
0.0002099708401008137
8.075801542338989e-05
0.00010173183435700707
0.00010173183435700707
0.0002972801435100806
0.000662123955999725
0.00010700993228278384
0.00015394163309901136
7.661657873501092e-05
0.00017162564986148985
0.000662123955999725
0.000662123955999725
0
9.06525213970841e-05
9.23405834040821e-05
9.03012911708265e-05
0.0025051059226995965
8.43531062294257e-05
0.0002316775671092477
0.000193738680392272
0.0005133648293213727
0.0005595861524895634
8.43531062294257e-05
8.43531062294257e-05
0.0012397214495314
0.0003066679375156621
0.00040379007711694944
8.821636355484603e-05
0.0003066679375156621
0.0003066679375156621
0
0
8.998750290034873e-05
0.00028816472862500396
0
0
0.000983407732117735
0.0001197675398313994
0.000193738680392272
0.00012088570151032324
0.00012088570151032324
0.0002957711072486081
0.0006474100903108423
0.00010555599298546341
0.0002727000380404484
0.0003457976743500048
9.662837168818541e-05
0.0006474100903108423
0.0006474100903108423
0.00015134261851422286
7.23812523328892e-05
6.732167316923836e-05
7.23812523328892e-05
7.23812523328892e-05
0.00013466927918638475
8.115168262949276e-05
