0
0.0013538955591348492
0
0
0
0
0
0
0
0.0003660930859862678
0
0
0
0.00043702982215975864
0
0
0.0008043092487628477
0.0011555541714908905
0.0008213786301033155
0
0.0010733045216436005
0.0008926051902783263
0
0.0006761593474924568
0.0007280541958327357
0.001074496420057419
0.001074496420057419
0
0.0007877744972617184
0
0
0.0007877744972617184
0.0007877744972617184
0
0.00027668974156754527
0
0
0
0.00027708591817345523
0.0002768480761836068
0
0.00042234134712427134
0
0
0.0005811315473043278
0
0.00042234134712427134
0.00042234134712427134
0.0024683265976063917
0
0
0
0.0006361499186467493
0.0014250132934634841
0
0
0
0.0003763454011130711
0.0003833534176948121
0.00037488726317772404
0
0
0.0009618131473774409
0
0
0.0011615654576971257
0
0
0
0
0.0006705364007357628
0
0
0
0
0
0
0
0
0
0
0
0
0
0
0
0
0.0008764348063964725
0.000754745730313343
0
0
0
0
0
0.0006009838672432954
0.0005589740186376116
0.0006009838672432954
0.0006009838672432954
0.0007454422390305899
0
