1.6607312068216509
0
0.0030983791172045725
0
0
0
0
0
0
0
0
0
0
0
0
0
0
0
0
0.0007048944001789689
0
0.0032238265246121896
0
0
0
0
0.0032274065651725584
0.0032274065651725584
0
0.002028167563796032
0
0
0.002028167563796032
0.002028167563796032
0
0.0004749016891111384
0.001104944249382336
0
0
0.0004755816743475518
0.00047517344973437795
0
0
0
0
0
0
0
0
0
0
0
0
0
0.0024458486109302665
0
0
0
0
0
0
0
0
0
0
0
0
0
0
0
0
0
0
0
0
0
0
0
0.001642661925639615
0
0
0
0
0
0
0
0
0
0.003008571026850817
0
0
0
0
0
0
0.002063020132697703
0
0.002063020132697703
0.002063020132697703
0
0.001156498054889729
