1.2378743560016172
0.0009712627351915396
0.0011547335410462846
0
0
0
0
0
0.0005121532296241693
0.0004805412872677085
0.0009367191494526048
0
0
0
0
0.0009731716635232841
0
0.0010289894896106544
0.0009855687547783577
0.0021016542546716762
0
0.0003432818513592949
0
0
0.0008650414786873635
0
0.0003436630638538638
0.0003436630638538638
0
0.0007558768711591393
0
0.0009251676801207902
0.0007558768711591393
0.0007558768711591393
0
0.0014159272016032226
0
0
0
0.001417954588776194
0.0014167374603738108
0
0
0.0007520500340228536
0
0
0
0
0
0
0
0
0
0.0008138555923745018
0.0018230844712836777
0
0
0
0
0
0
0
0.0004480182251182111
0
0.0010289894896106544
0
0
0.0004480182251182111
0.0004480182251182111
0
0
0
0
0
0
0
0
0
0
0
0
0
0
0.0010289894896106544
0
0
0
0
0
0
0.0036732176735953036
0
0
0
0
0
0
0
0
0
0
