0
0.0021837421850718305
0
0
0
0
0
0
0
0
0
0.0007001560108858987
0
0
0
0
0
0
0
0
0.0012983758305030518
0
0
0
0
0.0012998176692931719
0.0012998176692931719
0
0.00031765677758287573
0
0
0.00031765677758287573
0.00031765677758287573
0
0
0.0010383551219325805
0
0
0
0
0
0.0013624161922869212
0
0
0
0.0010815299710773862
0.0013624161922869212
0.0013624161922869212
0
0
0.001433101697212735
0
0
0
0
0
0
0.001214039477452095
0.0012366463932366627
0.001209335721243447
0
0
0
0
0
0.0018735267086010424
0
0
0
0
0
0
0
0
0
0
0
0
0
0
0
0
0
0
0
0
0
0
0
0
0
0
0
0
0.0009693464274935829
0
0.0009693464274935829
0.0009693464274935829
0
0
