0
0.002442786044745825
0
0
0
0
0
0.0016251551344440575
0.0005082815683166779
0.0009907932803509363
0
0
0
0
0
0.0016305520796808994
0.0005441950623373908
0
0
0
0.00036309853576920755
0
0
0
0.0019704037923006204
0.0003635017545762805
0.0003635017545762805
0
0.0015990229839003814
0.0007993487911988781
0
0.0015990229839003814
0.0015990229839003814
0
0.001123248487260877
0
0
0
0.0011248568041097614
0.0011238912617886371
0
0
0
0
0
0
0
0
0
0
0
0.0034592690092041275
0.0008608371597526379
0
0
0
0
0.0005092700583367414
0.0005187532963485587
0.0005072969081688347
0
0
0.001301524174934157
0
0
0
0
0
0
0
0
0
0
0
0
0
0
0
0
0
0
0
0
0
0
0
0
0
0
0
0
0
0
0
0.0016265010186133693
0
0.0016265010186133693
0.0016265010186133693
0
0.000911792005559723
