0
0.000809235604202167
0
0
0
0
0
0.00035891624646451094
0
0.0006564514322396694
0
0.0003891882313614729
0.00033781174754856817
0
0
0.0007202163285219785
0
0.0003453425826850012
0.0003682090694841779
0
0.001202857137693737
0
0.0006192009762346346
0.0006062198236930279
0
0.0012041929035323752
0.0012041929035323752
0
0.001412579796791733
0
0
0.001412579796791733
0.001412579796791733
0
0.0022326294278931964
0.0011543587061939096
0
0
0.002235826205424544
0.002233907041299716
0
0.000757311713404385
0
0.001214136553820466
0
0.0006011784945978677
0.000757311713404385
0.000757311713404385
0
0
0
0
0
0.0012776149745283107
0
0
0
0
0
0
0
0
0.0008623266080563847
0
0
0
0
0
0
0
0
0.0006566998998521749
0
0
0.008107481941165635
0.0013274683514991935
0
0
0.0013325661562284532
0.001329502785754365
0
0.0008915730397787493
0.0007211143538692627
0.0008998968544654803
0.0008998968544654803
0
0
0.000785779499732539
0
0
0
0
0
0
0.00161646068516408
0.0005011557294654667
0.00161646068516408
0.00161646068516408
0.0003341681693777824
0
