0.0005449810008108544
0.0012958550103235706
0.00020977900499348653
0.0022810452726877957
0
0
0
0.0014779134865656137
0.0016948449735731527
0.0011262822856063464
0.0009306022917882214
0.0015135334043540826
0.000850062432228279
0.0006274419923517921
0.0005460521112684227
0.0011533055799641907
0.00041240843458819254
0.0007110105288672549
0.0004211607358315752
0.0013500063858764505
0.0009355701492804354
0.0005492184651028733
0.0005665979692329429
0.00041603970382356024
0.0002986470108710884
0.0009917037470930283
0.0009917037470930283
0
0.0012117907921260222
0.0007269265154719349
0.0005932763489501891
0.0012117907921260222
0.0012117907921260222
0.001984509387238382
0.0009647314722062481
0.0005281462108418848
0.0007255975821712549
0.0005615476477754336
0.0009661128173840923
0.0009652835359957796
0.0002560657273855977
0.0007795977514249429
0.001205655763814327
0.0006943699745410716
0.00023837950597458045
0.0006876331903112897
0.0007795977514249429
0.0007795977514249429
0.000506252394703669
0
0.0010933936017842327
0.0010486179060704794
0.0003914219698695034
0.00029226942374644804
0
0
0
0.0006946940678780802
0.000707630130156317
0.0006920024984558481
0.0006320093589931154
0.00014364888796513807
0.00019726733471554493
0.000659853495341108
0.00043711660511858646
0
0.00014364888796513807
0.00014364888796513807
0
0
0.0006876331903112897
0.0004506834338921383
0
0
0.001854681670316245
0.0006073479379459471
0.0007662198406325801
0.0004907293242429234
0.0006096803032990422
0.0006082787393834122
0.0008373457330119756
0.0012237467958304516
0.000989780243011662
0.0010293098481526878
0.0010293098481526878
0
0
0.0003595125701518809
0.0006191916964862347
0
0.0008227650859197274
0
0
0.00025772849184914055
0.0004930458104940081
0.0004585810253583783
0.0004930458104940081
0.0004930458104940081
0.0003822244582508441
0.001381970325374918
