0.0007878744455974452
0.0012489377872063978
0
0
0
0
0
0.0002769675854127552
0.0006063683459625266
0.0006754250512726744
0.000435997560207522
0.0005005463241682588
0.0001737878125500076
0.0005039375594268513
0.0007894229409700817
9.262912051233282e-05
0.00018548923633766398
8.88310315741281e-05
0.0003788515302448383
0
0.0003712871070119963
0.0014409638922504321
0.00015927448345054231
0.00031187079149435325
0.0006716133974844537
0.00037169941917969423
0.00037169941917969423
0
0.0003633520070249701
0.0005449170972263975
0.0005003218639332058
0.0003633520070249701
0.0003633520070249701
0
0.0005104799572529821
0.0007423271833473378
0.0008158813576387926
0.0007577030604896766
0.0005112108850268266
0.000510772077400194
0
0.00038960026418893016
0.0006778358180869069
0.0007807681991399922
0.0006701007546973266
0.00030927727139876615
0.00038960026418893016
0.00038960026418893016
0
0.0012678610870125555
0.002049068423454635
0.0005895470312132358
0.0007335422462663043
0.001314542275783268
0.0012678610870125555
0.0012678610870125555
0.002209342092219899
0.00034717005260864996
0.000353634788136624
0.00043228119200738044
0
0.0008883746161622539
0.0011090633763131698
0.0007419569453506559
0.0014745168589044698
0.0013393970667119435
0.0008883746161622539
0.0008883746161622539
0
0
0.0015463863569938306
0.0005067605253161464
0
0
0.002085453750600091
0.000682918290173557
0.0006892464905458216
0.0006621470365406818
0.0006855408642525646
0.0006839649082427886
0.001883067943579829
0.0006880068385844083
0.00018548923633766398
0.0006944301389446362
0.0006944301389446362
0
0
0.0006063683459625266
0.0006962357295295157
0.0006621470365406818
0.0011101669219612427
0
0
0
0.0002771969581542979
0.0006445509858873765
0.0002771969581542979
0.0002771969581542979
0.000601696787056806
0.0012431395616390515
