0.000287943968254296
0
0
0
0
0
0
0.0003036694973438976
0.00028492592200318344
0.0002777030552706018
0.0002868187475889803
0.00032928181923741614
0.0002858135416978974
0.00033151272587181595
0.0002885098958648587
0.0003046779473143215
0.0003050578450042396
0.00029218518116250024
0.0003115319079287778
0
0.0004070821825181368
0.0006770933349448344
0.0005238894897074951
0.0005129064815375266
0.0005522717645449214
0
0
0
0
0
0.0005485569320479825
0
0
0
0.00041977076069785565
0.0004883361111644714
0.00044726945464972615
0.00041537587723837043
0.00042037180703333367
0.00042001097286420636
0
0
0
0.0005136243352555637
0.0004408223273754958
0.0005086411469717259
0
0
0
0
0
0.0009695761890095119
0.00048255698558856056
0
0
0
0
0
0
0
0
0
0
0.0006101156900084792
0
0.0008811154562787521
0
0
0
0
0
0.0005556163323847089
0
0
0
0.0011231356925481262
0.0005667715637684947
0.0007259833581406533
0.0011274488096470053
0.0011248569733029895
0
0
0.0006101156900084792
0.001522757624647719
0.001522757624647719
0
0
0
0.0005725188573168491
0
0.0006085979892870651
0
0
0
0.00045588147520509353
0.0004240145436627386
0.00045588147520509353
0.00045588147520509353
0
0.0005111205954597496
