1.5606477482646683
0
0
0
0
0
0
0
0
0
0
0
0
0
0
0
0
0.000648648274424218
0
0.0006624141546114891
0
0.0008655838870020346
0
0
0
0
0.0008665451128621147
0.0008665451128621147
0
0
0
0
0
0
0
0.0008925637679523411
0
0
0
0.0008938417802203141
0.0008930745340570349
0
0
0
0
0
0
0
0
0
0
0
0
0
0
0
0
0
0.001214039477452095
0.0012366463932366627
0.001209335721243447
0
0
0
0
0
0
0
0
0
0
0
0
0
0
0
0.0023881373347584825
0
0.0015436674067899785
0.002397308369070151
0.002391797315348151
0
0.004811863560939367
0
0.0048567875983340295
0.0048567875983340295
0
0
0
0
0
0
0
0
0
0.0019386928549871658
0
0.0019386928549871658
0.0019386928549871658
0
0
