0.22314355131420976
0.0006127912354646797
0.0018734066808095968
0.0002358811324674522
0
0
0
0
0.0005539351708255104
8.662404942321807e-05
0.00025328439422725283
0.0003487980481660176
0.0005005463241682588
0.0001737878125500076
0.000403150047541481
0.000613995620754508
0.0004631456025616641
0.000649212327181824
0.0001776620631482562
0.0003788515302448383
0
0.00018564355350599815
0.00041170396921440917
0.0007963724172527115
0.0004678061872415299
0.0005037100481133403
0.00018584970958984712
0.00018584970958984712
0
0.0004996090096593339
0.0005449170972263975
0.0006670958185776076
0.0004996090096593339
0.0004996090096593339
0
0.00019142998396986827
0.0004453963100084027
0.0008158813576387926
0.0002525676868298922
0.00019170408188505994
0.00019153952902507276
0
9.740006604723254e-05
0.0004067014908521442
0.00046846091948399526
0.00013402015093946532
0.0006185545427975323
9.740006604723254e-05
9.740006604723254e-05
0.0005692437533525758
0
0.0010245342117273174
0.0008843205468198537
0.0004401253477597826
0.000328635568945817
0
0
0.002209342092219899
0.0005207550789129749
0.0005304521822049361
0.0005187374304088565
0.0001776620631482562
0.0005653293011941615
0.0022181267526263397
0.0009274461816883199
0.0019660224785392933
0.0018751558933967206
0.0005653293011941615
0.0005653293011941615
0
0
0.0007731931784969153
0.0003378403502107642
0
0
0.004170907501200182
0.0003414591450867785
0.0006892464905458216
0.0007725048759641287
0.0003427704321262823
0.0003419824541213943
0
0.00022933561286146944
0.0007419569453506559
0.0002314767129815454
0.0002314767129815454
0.0011327083823056332
0
0.00020212278198750885
0.0010443535942942735
0
0.00037005564065374755
0
0
0.0002897968198885841
0.00041579543723144674
0.0006445509858873765
0.00041579543723144674
0.00041579543723144674
0.000171913367730516
0.00015539244520488144
