0.0004197822015755972
0.003493551223280495
0
0
0
0
0
0.0002951385551830636
0.0009692253911378597
0.0004048523767749516
0.001533186550733121
0.0020802038004502114
0.0005555684485026984
0.0008054989700513377
0.0004206072452107693
0.00029611867491800115
0.0010377076506945665
0.0004259652992898874
0.00030278008823321934
0.0024263601628485196
0.0003956460831267137
0.0006580718522854841
0.0007637579099330459
0.0009969949516107125
0.0005367568757543
0.00039608544579537193
0.00039608544579537193
0
0.0007259819742290503
0.00021775027102486716
0.00026657320174793155
0.0007259819742290503
0.0007259819742290503
0.000891687359846831
0.0004079782029610894
0.0009492347144078042
0.0013041131405438114
0.0016148271372438366
0.00040856236419098787
0.00040821166688266943
0.0009204514682289868
0
0.0008667677859993496
0.0007487927444480035
0.0006426575566463647
0
0
0
0.0018197701221363896
0
0.00032752520104566797
0.0014135070433503264
0.0007035008756188016
0
0
0
0
0.0011098403545351456
0.0011305069538470123
0.0011055403144168382
0
0.00012908973721995382
0
0.0011859516007937901
0.0007856276298209966
0.001712724820834249
0.00012908973721995382
0.00012908973721995382
0
0
0.001730231883278674
0
0
0
0
0.0008186877060567692
0.0008262740014024689
0.0008819855191363313
0.0008218316680615954
0.000819942399859155
0
0.0010997171961111996
0
0.0007399895102463327
0.0007399895102463327
0.0009052663551744476
0
0.0012923005215171464
0.0008346527549268309
0.0010583826229635977
0
0
0
0
0.001107686161300411
0.00041210276596040715
0.001107686161300411
0.001107686161300411
0.00041218213860408213
0.000993523520720703
