0.3424903089467759
0.0005374504651969806
0.002715641442208578
0
0
0
0
0
0.000991904080524382
0.0002659086249586769
0.000907087462212422
0.0004015126716843797
0.0012292160033980292
0.0006668425018434111
0.0010828510219636094
0.000538506775073547
0.0005686846142744308
0.0009964389703355908
0.000409025050493761
0.0001453694010809745
0.002329866047256979
9.497790042894508e-05
0.001895702817048575
0.0004889226394672033
0.000478672688954264
0
9.508337283364129e-05
9.508337283364129e-05
0
0.00034855516888538155
0.0004181810854050988
0.0012798591515200892
0.00034855516888538155
0.00034855516888538155
0.0008562257723669398
0.0002938149633515378
0.0004557422607408861
0.000208708293081521
0.000581477604323898
0.0002942356606071958
0.0002939830978083913
0
0.0004484814172153329
0.0012484458406322328
0.00023967131486828263
0.0006170996557599566
0.0004746920428922743
0.0004484814172153329
0.0004484814172153329
0.000873699767721367
0
0.0012579992982434376
0.0013572931662355716
0.000450348861205491
0
0
0
0.0033909931578888705
0.0007992772670869916
0.000814160797813255
0.0007961804934834
0
0
0.0003404476232075307
0.0005693936973346233
0.003017535761645603
0
0
0
0
0.0009012902867020418
0.0023734602144613714
0.0007777978250116031
0.0009012902867020418
0.0009012902867020418
0.0032008440088483726
0
0.0010578851241599256
0.0008469097649524626
0
0
0
0.0003519941510244357
0
0.00035528040347175923
0.00035528040347175923
0.0008692647435197357
0
0
0.0008014593813107081
0
0.0002839886475512238
0
0
0
0.00021272689996694157
0.00019785690869253373
0.00021272689996694157
0.00021272689996694157
0.00013193001115053
0.0007155090019779441
