0.00047250701103793114
0.0016852896984174716
0.0006365858198391578
0
0
0
0
0.0004983121105236601
0.00023377724595024968
0.0005696274929699615
0.00047066055925583687
0.00027017056328750255
0.00035175828596252523
0.0016320059229480847
0.0004734356804778642
0.0003749752089463532
0.0008760331045251253
0.00011986667706366306
0.00038341055957205643
0.004096667929032947
0.00033400453997107225
0.0008333166774462774
0.0006447646526422304
0
0
0.0003343754500654321
0.0003343754500654321
0.0020623636492049426
0.0007354490359061794
0.0005514745289082814
0.00022504117547378298
0.0007354490359061794
0.0007354490359061794
0.0007527627319598041
0.0003444153191694843
0.00040067211281958964
0.0001834887829274355
0.0008520234657156808
0.0003449084682519148
0.0003446124094808831
0
0.00026285909452983117
0.0005487942152805376
0.0006321310555295765
0
0.0008346641518611825
0.00026285909452983117
0.00026285909452983117
0
0
0.0005529937424865411
0.000795522041701246
0.0011877912930332215
0
0
0
0
0.000702695665773446
0.0007157807276955348
0.0006999730944221347
0
0
0.0008979277120792891
0.0012514758636073219
0
0.0007229413992411082
0
0
0
0
0.0008346641518611825
0.00022793723904914582
0
0
0
0.00046075760181166274
0.00023251358516132944
0.004020691149933671
0.0004625270242456553
0.00046146374373014806
0
0.0012378421080531208
0.0007508855181643931
0.001249398725244488
0.001249398725244488
0
0.0016728060710217867
0.0016364407216517478
0.002583585039487627
0.0008934869222074826
0.0007490176437410986
0.0016728060710217867
0.0016728060710217867
0.00039104557504405406
0.00037404359352039956
0.00017394863823450121
0.00037404359352039956
0.00037404359352039956
0.0001159880942927279
0.0006290496367352123
