0.000302599043398968
0.002338438549699534
0
0
0
0
0
0.0007978123310136216
0.0005988547838695414
0.0010214291962481624
0.0012056662159030396
0.001384163233062305
0.000450540281322412
0.0017419262909303735
0.00030319377422325847
0.00048027706203235954
0.0003205839408245925
0.0003070561152961662
0.0003273875049337731
0
0.00042780086612532976
0
0.0002752765744553781
0
0.00029018997803761075
0.0004282759364930425
0.0004282759364930425
0.0026415238411779773
0.0012559738841831378
0.00070634153994869
0.0002882380275126941
0.0012559738841831378
0.0012559738841831378
0.0009641562020299619
0.00022056761842263926
0.0010263805211230465
0.0007050502391443963
0.001527808356357608
0.00022088343689117111
0.00022069383737452632
0.0004976290074993351
0.00033667610721255757
0.00046860568749937387
0.00026988277173686825
0.00046325823520959125
0.0016035861988024315
0.00033667610721255757
0.00033667610721255757
0
0
0.0003541436922056793
0.0005094616655376285
0.0002535585015200426
0
0
0
0
0
0
0
0.0003070561152961662
0
0.0015334492278806548
0.000641167881649185
0
0.00046298016904199843
0
0
0
0
0.0018708505652695032
0.002335578990534351
0
0
0
0.0008852237509073866
0.0017868531929512805
0.000381466350951518
0.0008886232276773842
0.000886580415659735
0
0.00039636431738127926
0.0003205839408245925
0.00040006481412031613
0.00040006481412031613
0
0
0.0020959917435433954
0.0018049726091044528
0.0011443990528545542
0.00031978646833497905
0
0
0
0.00023954191354781662
0.0006683925144055194
0.00023954191354781662
0.00023954191354781662
0.0007428013883127595
0.0005371343743899509
