0
0.004194917299653293
0
0
0
0
0
0.0009302754127489304
0.0015274970601998402
0.0006380464451232023
0.0019769715761554793
0.0007565530526965561
0.0006566809791513331
0.0010155716678474096
0
0.00023334118644812834
0.0007008964066752384
0.000447546909357915
0.00047718074546141017
0
0
0.002074239550382071
0.0016049076892320948
0
0.0008459276420670297
0
0
0
0.0014873897691829912
0.001715869713533398
0
0.0014873897691829912
0.0014873897691829912
0.001405297295383853
0
0.0007479958990732419
0.0006850931360798796
0.000636240993948547
0
0
0
0.0002453596325419211
0.0003415060256096848
0.0007867304662750751
0.0013504358394079068
0.0003895487998292039
0.0002453596325419211
0.0002453596325419211
0
0
0.001032357976406871
0.0007425613185647836
0.0014782877531980046
0.003311451653334558
0
0
0.0055655338431043685
0.0002186382412110234
0.00022270955552834438
0.00021779113450350298
0
0
0
0.0009345285422336512
0.002476294793627935
0.0013496252536699667
0
0
0.0029899942454975595
0
0
0.0017021011904724942
0
0
0
0
0.0008681373253336544
0.0013900072160077674
0
0
0.0023718097812385703
0
0.0004672642711168256
0
0
0.0014266977618110181
0
0.0010183313734665601
0.000438470294971561
0
0.0004661019221836992
0
0
0
0.0006982843703770698
0.0009742095635243348
0.0006982843703770698
0.0006982843703770698
0.0015157289780719525
0.00039144771459160253
