0.5276327420823719
0.0008279839028362053
0.0024609736104588237
0
0
0.016750245780392758
0
0
0.00109150339694326
0.00061447912509593
0.0007985361211992008
0.0012371224902283044
0.0007101382800570282
0.001643715707421719
0.0016682155350391161
0.000829611229689264
0.001314153778536418
0.0008771949161801694
0.0002100448814022181
0.0006718583303256009
0.003589338381512734
0.0007316039130371213
0.0009734921440634168
0.0007532230436579184
0.001106148306252352
0.0007940297096800178
0.0007324163549172291
0.0007324163549172291
0.0036139228909751494
0.0008591618026987533
0
0
0.0008591618026987533
0.0008591618026987533
0
0.00015088153905701228
0.000702106110555385
0.000964593678395561
0.0005972074047338675
0.00015109757791591406
0.00015096788042414074
0
0.0006909202209721151
0
0
0.0003168965417912143
0.0003656498559129396
0.0006909202209721151
0.0006909202209721151
0
0
0
0.0006970049433056432
0
0.0015541465157065445
0
0
0
0.0010261235746448305
0.0010452312640300552
0.0010221478924493837
0
0
0
0
0
0.0012668253111221414
0
0
0
0
0.0003656498559129396
0.0011982575520417225
0
0
0
0.00040369758384267164
0
0.0005218919308430978
0.0004052478817836958
0.00040431627745775626
0
0
0.0021929872904504237
0
0
0
0
0
0
0.0031313515850585867
0.0017500256785484972
0
0
0
0.0013108888002046507
0.000304813831358967
0.0013108888002046507
0.0013108888002046507
0.00040649671963202764
0.0011022968149353174
