0.00019494810458885815
0.0011588682803101665
0.0002626441430216699
0
0
0
0
0.00041118967198758744
0.0003858095641281051
0.00018801464948808153
9.70931454859319e-05
0.0005573381769818298
0.0002902585973113314
0.0005611141808909208
0.0001953312573101413
0.0005156939794489409
0.0002065347957593514
0.00019781955358160806
0
0.0016902133285612226
0.0008957286940877693
0.0002292078960318263
0.000354691447963597
0.00017362778427568114
0.0005608608562042883
0.000896723395580371
0.000896723395580371
0.0034035802643630096
0.000606866743656014
0.0006067432461501825
0.0011141764990964113
0.000606866743656014
0.000606866743656014
0.0006211533982462493
0.0009236481758308539
0.00016531028562774433
0.0001514085065804386
0.0008436718482122232
0.0009249706961284353
0.0009241767298656642
0.00032059530232064477
0
0
0
0.00014922604162072054
0.0005165516825332635
0
0
0.0006338299982104584
0
0.0006844665545413215
0.001312873761154556
0.0001633539508865876
0.00036592247319366673
0
0
0.0024600134584009874
9.66399686108517e-05
9.843952428625187e-05
9.626554021638889e-05
0.00019781955358160806
0.0001798489752432137
0.0007409384472122258
0.0004130695915187028
0
0.0002982729403343334
0.0001798489752432137
0.0001798489752432137
0.0013216029749920197
0
0.00017218389417775448
0.00037617162649280806
0
0
0.004644137556981303
0.00038020100887299114
0.00038372410702471
0.0007372740632002959
0.0003816610741912438
0.00038078369241149385
0.0010483601658164545
0.0007660679115061656
0.0002065347957593514
0.0005154799985446052
0.0005154799985446052
0.0006306125870520297
0
0.00022505557907472802
0
0
0.00020602102761069628
0
0
0.0003226770899980516
0.0007716191282562102
0.0001435363138639513
0.0007716191282562102
0.0007716191282562102
0.00019141861271070856
0.0005190696921277849
