0.6348782724359695
0.00024906954587523324
0
0.0026844747248878204
0.0024324838024366645
0
0
0
0.0007880160601191182
0.0004929179133819639
0.00024021122680135056
0.0004961924755263537
0
0.0007416802248083756
0.0005735124412249047
0.0002495590693537616
0.0002635443223063385
0.00026387293118701976
0
0
0
0.0007042465584425619
0.0011713621262656264
0.0009063215880599137
0.0004436605677400206
0
0.0007050286201398885
0.0007050286201398885
0
0
0
0
0
0
0.0031743913621798477
0.000544648217703148
0.0004224073668901993
0.0011606549770310228
0.000359297267932071
0.0005454280691030666
0.0005449598905029781
0
0.0005542368157450628
0.001542839058167605
0.0004442815062533026
0
0
0.0005542368157450628
0.0005542368157450628
0
0
0
0
0
0
0
0
0
0.0007408147869731265
0.0007546096740522618
0.0007379445243347186
0.0015164289946719017
0.0004595572004603471
0.002524366888413397
0
0.001398410291709184
0
0.0004595572004603471
0.0004595572004603471
0
0
0.0008799421655384192
0.00048060429404691104
0
0
0
0.001457256937496487
0
0.001255941191762551
0.0014628531622948606
0.0014594902814619988
0
0.0019574869653729786
0
0.0019757622586181623
0.0019757622586181623
0
0
0
0
0
0
0
0
0
0.0015773373228222846
0
0.0015773373228222846
0.0015773373228222846
0.0002445601973944413
0.0004421157886044356
