0.24846135929849972
0.0009747405229442907
0.0038242653250235496
0.0005252882860433398
0.001903918462057469
0
0
0
0.002364340613928628
0.001639690647544447
0.0010340805721844484
0.0009709314548593189
0.0011146763539636596
0.001548045852327101
0.0014588968703163941
0.0009766562865507063
0.001753359530126399
0.0004130695915187028
0.0005934586607448241
0.0004218359241061116
0
0.0009646309013252901
0.0011460394801591316
0.0005320371719453956
0.00017362778427568114
0.0009347680936738138
0.001241617009265129
0.001241617009265129
0
0.0010620168013980244
0.001213486492300365
0.00037139216636547046
0.0010620168013980244
0.0010620168013980244
0.0006211533982462493
0.000781548456472261
0.00033062057125548866
0.00045422551974131574
0.0004218359241061116
0.0007826675121086761
0.0007819956945017159
0.00032059530232064477
0.0007591573614532947
0.001509485779456256
0.0006954831610874729
0.0005969041664828822
0.0006887355767110179
0.0007591573614532947
0.0007591573614532947
0
0
0.0015970886272630835
0.001969310641731834
0.0004900618526597628
0.0018296123659683338
0
0
0.0024600134584009874
0.0001932799372217034
0.00019687904857250375
0.00019253108043277778
0.00019781955358160806
0.00026977346286482053
0.0007409384472122258
0.0004130695915187028
0
0.0005965458806686668
0.00026977346286482053
0.00026977346286482053
0.0013216029749920197
0
0.0027549423068440717
0.000564257439739212
0
0
0.0023220687784906513
0.00019010050443649557
0.000575586160537065
0.00012287901053338265
0.0001908305370956219
0.00019039184620574693
0.0010483601658164545
0
0.001032673978796757
0
0
0
0
0.000675166737224184
0.0005814228376719963
0
0.0006180630828320888
0
0
0
0.0009259429539074524
0.0001435363138639513
0.0009259429539074524
0.0009259429539074524
0.0010528023699088972
0.0017302323070926165
