7.78544286872649e-05
9.256107216596932e-05
0.00020977900499348653
0.0003801742121146326
0
0
0
8.210630480920075e-05
7.703840788968874e-05
7.508548570708976e-05
7.75501909823518e-05
8.903137672671074e-05
7.727840292984354e-05
0
7.800744446691755e-05
8.23789699974422e-05
8.24816869176385e-05
7.900116987413942e-05
8.423214716631504e-05
0.0013500063858764505
5.503353819296679e-05
0.00018307282170095776
0.00014164949230823572
0.00013867990127452008
0.0001493235054355442
5.509465261627936e-05
5.509465261627936e-05
0.001359253004957796
4.0393026404200736e-05
0.00012115441924532249
0.00014831908723754726
4.0393026404200736e-05
4.0393026404200736e-05
0.0004961273468095955
5.6748910129779314e-05
0.0001320365527104712
0.00012093293036187584
0.00011230952955508672
5.683016572847602e-05
5.678138447033998e-05
0.0002560657273855977
8.66219723805492e-05
0.00012056557638143269
0.0001388739949082143
0.00011918975298729022
0.00013752663806225796
8.66219723805492e-05
8.66219723805492e-05
0.000506252394703669
0
0.0001822322669640388
0
0.00013047398995650114
0
0
0
0.001964860779443943
7.718822976423113e-05
7.862557001736855e-05
7.688916649509424e-05
0.00015800233974827885
7.182444398256903e-05
0.00019726733471554493
0.000164963373835277
0
0
7.182444398256903e-05
7.182444398256903e-05
0.0010555900995948841
0
0.00013752663806225796
0.00015022781129737944
0
0
0.001854681670316245
0.00015183698448648677
0.000153243968126516
9.814586484858468e-05
0.00015242007582476054
0.00015206968484585305
0.0008373457330119756
0.00020395779930507528
0.000164963373835277
0.0002058619696305376
0.0002058619696305376
0.000503682585593498
0
0.00017975628507594044
0.00015479792412155868
0
0.00016455301718394546
0
0
0.0005154569836982811
0.00012326145262350202
0.00011464525633959458
0.00012326145262350202
0.00012326145262350202
7.644489165016881e-05
0.0001381970325374918
