1.4271163556401458
0.0005598730308513715
0
0
0
0
0
0
0
0
0
0
0
0.0005557306680841689
0.0006445873331707976
0.0005609734102359064
0.0005924102763138837
0
0
0
0
0
0
0.0010186412245825453
0
0
0
0
0
0
0
0
0
0
0
0.0008161946557850421
0.0009495118800000971
0.0008696626176966154
0.0008076493240747855
0.0008173633193815269
0.0008166617199657488
0
0.0006229228963946511
0.0008670208721993594
0
0
0
0.0006229228963946511
0.0006229228963946511
0
0
0
0
0
0
0
0
0
0.0005550822075613169
0.0005654185244216109
0.0005529315597210949
0
0
0
0
0
0
0
0
0
0
0
0
0
0
0
0
0
0.0007057944389911701
0
0
0
0.0014667177344708591
0
0.0014804111573030558
0.0014804111573030558
0
0
0.0012926778583696973
0
0
0
0
0
0
0
0
0
0
0
0
