0
0
0
0
0
0
0
0
0
0
0
0
0
0
0
0
0
0
0
0
0
0
0
0
0
0
0
0
0.00036066697372926426
0
0
0.00036066697372926426
0.00036066697372926426
0
0
0
0
0
0
0
0
0
0
0
0
0
0
0
0
0
0
0
0.0011649946363786164
0
0
0
0
0.0006892091956172211
0.0007020431227939285
0.0006865388771529932
0
0
0
0
0
0
0
0
0
0
0.001227967319426109
0
0
0
0
0.0013557435668950844
0
0.0017526773906348916
0.001360949955400826
0.0013578213348136978
0.014953222294783757
0
0
0
0
0
0
0
0
0
0
0
0
0
0.003301782935276786
0
0.003301782935276786
0.003301782935276786
0.0006825719730091971
0
