0
0
0
0
0
0
0
0
0.0007114058477283812
0
0
0
0
0
0
0
0
0
0
0
0
0
0
0
0
0
0
0
0
0
0
0
0
0
0
0
0
0
0
0
0
0
0
0.0012824222979344367
0
0
0
0
0
0
0
0
0.0012048530333650955
0
0
0
0
0.0007127893674633646
0.0007260623865880786
0.0007100276883953159
0
0
0.0018216515544217794
0
0
0
0
0
0.01949554748668415
0
0.0012699802243578034
0
0
0
0
0
0
0.0018126423973771613
0
0
0
0
0
0
0
0.004651221989208909
0
0
0
0
0
0
0
0
0.00227649871273082
0
0.00227649871273082
0.00227649871273082
0.0021177751892314835
0.0012761709357578762
