0.0013991339651373614
0.011644005289153889
0
0
0
0
0
0.00036888627194198734
0.001038351846991984
0
0
0.0007999983125022732
0.0017359776465805754
0
0.0014018838353518609
0.0011103338969910132
0.0003705727844072251
0.0007098711140794455
0.006433432948991647
0
0.0007417621624657101
0
0
0
0
0.0007425858850225849
0.0007425858850225849
0.0061068364334505715
0.0009073866469405491
0.004898890765295514
0.0019990989221609495
0.0009073866469405491
0.0009073866469405491
0
0.0007648825730201174
0
0
0.0005045829763915018
0.0007659777657077178
0.0007653202740633334
0
0.0027242194827527214
0.0016250269488768837
0.0012478630080948684
0.001606483097808619
0.001235756229083553
0.0027242194827527214
0.0027242194827527214
0
0
0.004093655276785048
0
0.002344768229543152
0
0
0
0
0
0
0
0
0
0.0026588413099914022
0.0014822911376289004
0
0
0
0
0
0
0
0.0006749418011232275
0
0
0.016665385407173522
0
0
0.012346561493543986
0
0
0
0
0
0
0
0
0
0.0032304279684195057
0
0
0
0
0
0
0
0.0010301538062204316
0
0
0.0013738029572939654
0
