0.6931471805599453
0.00027192906259707544
0.0009698887787685801
0
0
0
0
0
0.001433899835663933
0.0005381577488819451
0.0007867731901929004
0.0005417328492066787
0.0015548388976221294
0.000539834252772543
0.0009392238218969448
0.0002724635143710477
0.0005754646579991244
0.0002880910974895866
0.0002759343871655833
0.00029420508512731125
0
0.0032677487713585886
0.0006394346684132336
0
0.0004843795811040847
0
0.0032713775873178985
0.0032713775873178985
0
0.001410843029839091
0.000846333553797247
0.000518047220149436
0.001410843029839091
0.001410843029839091
0
0.0005946358426307795
0
0
0.00078454689367283
0.0005954872685222897
0.0005949761206523135
0
0
0.00042111007324419514
0
0
0
0
0
0
0
0.0006364987883929709
0.0018313003449404103
0.0013671542022878605
0.0010208353174667823
0
0
0
0
0
0
0
0
0
0
0.0015267559043170603
0
0
0
0
0
0
0.001049427979651696
0
0
0.006478011033270516
0.001060668983259289
0.0005352487880771778
0.0010284082797625302
0.0010647422128416979
0.001062294529593786
0
0
0
0
0
0.0017592568034516377
0
0.0012557014140578719
0.0005406764278938731
0
0
0
0
0
0.0021526309955277804
0.0004004316467706212
0.0021526309955277804
0.0021526309955277804
0.0005340116953466451
0.0004826930226740566
