0.5447271754416719
0.0010685115249934717
0.0022866345984025407
0
0.0010435386502714022
0
0
0
0.0009014930499655307
0.001480236889787152
0.000824407378648009
0.00042573440831705507
0.000977527457051004
0.00042424234847482237
0.001476225407701008
0.0010706115869529716
0.0006783651001764284
0.00022640364731574064
0.0008673999608943821
0.0006936254356218234
0
0.0012084906831761996
0
0.0011664393478408393
0
0.00040987748340231146
0.001209832705034252
0.001209832705034252
0
0.00033262396220741215
0
0.0012213613799140627
0.00033262396220741215
0.00033262396220741215
0
0.00015576985285721247
0.0010872797913007422
0.000663896618454201
0.0015413898569373852
0.00015599289101995187
0.00015585899154268155
0
0
0.0009928198823359756
0.0011435839932295421
0
0.00037749631007738874
0
0
0
0
0.0005002086092210027
0.0007195867575187212
0.00035813752494521497
0.0008022491538168953
0
0
0
0.00042374731656294977
0.0004316380154054453
0.0004221055214580953
0.0008673999608943821
0.0001971506244812421
0.0010829566112160475
0.00045280729463148127
0
0.0006539341842036878
0.0001971506244812421
0.0001971506244812421
0
0
0
0
0
0
0
0
0.0004206387455148046
0.0005388003713567476
0
0
0
0
0.0009056145892629625
0
0
0
0
0.0004934122965957173
0
0
0.00045168090832642784
0
0
0
0.0016916993026138878
0.0006293785966974834
0.0016916993026138878
0.0016916993026138878
0.0004196665450244006
0.0003793364731487966
