0.00037039318733585744
0.0010275070960251405
0
0
0
0
0
0.00039062152855568914
0.0002443406404034939
0.00011907330489583814
0.00012298192451727245
0.0005647568323727235
0.0007353054785974302
0.0002842915490873534
0.00037112116136757097
0.0009144770501776262
0.00026160494167888626
0.0003758488194741642
0.0004007352438536081
0
0.0005236451661226293
0.0008709706960508307
0.0004492658741466098
0.0002199236511807828
0.00047360533459699046
0.0005242266710267078
0.0005242266710267078
0
0.0007046240979517
0
0.00023520982424491793
0.0007046240979517
0.0007046240979517
0.0007867768620992505
0.0008099504442543042
0.0006281651593606789
0.0005753395700908595
0.0005343136584714773
0.0008111101671126294
0.0008104139352095284
0.0004060783804383228
0.000137368286704365
0
0.00022023145195220446
0.00018901546236618628
0.0006542842928060295
0.000137368286704365
0.000137368286704365
0
0
0.0011559623318262633
0.0008314682822713347
0.00020691041738310335
0
0
0
0
0.00036722373960291734
0.0003740618995717514
0.00036580094324645507
0
0.00011390182585584516
0.0003128337423853878
0.0007848148250366588
0.0006931954732151988
0.00037780401541380573
0.00011390182585584516
0.00011390182585584516
0.0016739933236154265
0
0
0.0004764734971077974
0
0
0
0.00048157726830864604
0.00024301988018509665
0.0004669298884862021
0.00048342664337895576
0.00048231531776199264
0
0.0006468874508524156
0.00026160494167888626
0.0006529268565139008
0.0006529268565139008
0.0015975164712675135
0
0.00028506408047074294
0.0004909684006859597
0
0.000782862549352488
0
0
0
0.001368307586259566
0.0009090431682255927
0.001368307586259566
0.001368307586259566
0.00036368730143262736
0.0002191579003061979
