0.0009662383900390315
0.0015316801344586386
0
0
0
0
0
0
0.0006374072609237813
0.000621248998917768
0
0.00036831787890077627
0.0003196964766627065
0.0014832530299364595
0.0009681374434785735
0
0.0003412221745926144
0.0009804704045419947
0.001045391195335098
0
0
0.001514724265811495
0
0.0011474221552338648
0
0
0
0
0.00016710371505593942
0.0010024182564955194
0.0012271757131088645
0.00016710371505593942
0.00016710371505593942
0
0.0009390684038545386
0.0010924558244442186
0.0015008785229795802
0.0009292366180756428
0.0009404130035164151
0.0009396057820541693
0
0.0007167006128937847
0.0004987731179039066
0.0011490280644784188
0
0.0005689400915244839
0.0007167006128937847
0.0007167006128937847
0.0020943381430352814
0
0
0
0.0005397636765745105
0
0
0
0
0.0006386468705327346
0.0006505392647146041
0.0006361724541416741
0
0
0
0.0006824443491852288
0
0
0
0
0
0
0
0
0
0
0
0
0
0
0
0
0
0
0.0006824443491852288
0
0
0
0
0
0.000640390446232317
0
0.002042240179278185
0
0
0
0.0005099258087390251
0
0.0005099258087390251
0.0005099258087390251
0.0012649931464866415
0.0005717134763717481
