0.40047756659712536
0.00015711163852378398
0
0
0
0
0
0
0.00016569200107452434
0.00015546489386534368
0.000151523861746926
0.0001564976813587829
0.00017966692086008316
0.00015594920817645067
0
0.00015742042712151155
0.00016624224433255515
0.00033289905785297203
0.00015942578288102125
0.00016998198921779515
0
0.00022211734142935408
0.00036944424962834444
0.0002858512252656141
0.0002798585371049094
0.0003013375218939995
0.0002223640014420463
0.0002223640014420463
0
8.15138543857369e-05
0.0002444917988993439
0.0002993105878902282
8.15138543857369e-05
8.15138543857369e-05
0
0.000229040644322062
0.00026645214011784786
0.00024404483034559744
0.00022664265229039354
0.0002293685948437144
0.0002291717119296855
0
0.00017480469951860556
0.00024330350340044066
0.00028025022155152225
0.0002405270670253005
0.00027753123118303904
0.00017480469951860556
0.00017480469951860556
0
0
0.0003677479950386826
0
0.0002632988603531396
0
0
0
0
0.0003115344742101325
0.0003173356312180074
0.0003103274440892099
0
0.00014494302084586513
0.00039808903240270906
0.00033289905785297203
0
0
0.00014494302084586513
0.00014494302084586513
0
0
0.00027753123118303904
0.0003031624274013061
0
0
0
0.000612819535726282
0.00030924908617538637
0.00039612024391407055
0.0006151729133596395
0.0006137587227542151
0
0.0008231810207546256
0.00033289905785297203
0.0008308663207409239
0.0008308663207409239
0
0
0.0003627514190191353
0.0003123849973456516
0
0.00033207095074388505
0
0
0
0.0004974876603690998
0.0002313561909862076
0.0004974876603690998
0.0004974876603690998
0.00015426716741029483
0.0002788840993016193
