0.7985076962177716
0.0006265262426188871
0.0018621914557317434
0
0
0
0
0
0.00033037140927503995
0.0012399187829468502
0.0006042434326279014
0.0009361168771603418
0.0010747075319216307
0.0006218907291415666
0.0014426516643500841
0.0006277576228127136
0.000662937066183289
0.0003318818355019832
0.0003178772676026161
0.0006778503363478537
0
0
0
0
0
0
0
0
0
0.0004875886604220059
0
0.0005967920001627591
0.0004875886604220059
0.0004875886604220059
0
0.0009133631069119493
0.00159382773696162
0.00048659823048005586
0
0.0009146709005930947
0.0009138857753565341
0.0010303325112487375
0.00034854111576506833
0.0009702402141163689
0
0
0
0.00034854111576506833
0.00034854111576506833
0
0
0.0014664971464054574
0
0.0005249886234173384
0
0
0
0
0
0
0
0
0
0
0.0006637636710039664
0
0
0
0
0
0
0.0005533663868453026
0.0006044721394532715
0
0
0
0.0006109469749179583
0
0.0003949098398703124
0.0006132931614575819
0.0006118832921208978
0
0
0.0006637636710039664
0
0
0
0
0.0014465719134379921
0.0006228609174865614
0
0.0006621125175935088
0
0
0
0.0004959675131787401
0.00046129849579305116
0.0004959675131787401
0.0004959675131787401
0
0
