0.8209805520698303
0.0003220794633463438
0.0019146001680732981
0
0
0
0
0
0.0003396692395820564
0.0006374072609237813
0.000621248998917768
0.0006416416975926772
0.0007366357578015525
0.0003196964766627065
0.0007416265149682297
0.0003227124811595245
0.00034079724037767967
0.0003412221745926144
0.00065364693636133
0.000696927463556732
0
0
0
0
0.0005737110776169324
0.001235486158118631
0
0
0
0.00033420743011187883
0.001503627384743279
0.0006135878565544323
0.00033420743011187883
0.00033420743011187883
0.0020524513801745757
0.00023476710096363465
0
0
0
0.00023510325087910378
0.00023490144551354232
0
0.00035835030644689234
0
0.0011490280644784188
0
0.0005689400915244839
0.00035835030644689234
0.00035835030644689234
0
0
0.0015077696089436736
0
0.0005397636765745105
0
0
0
0
0
0
0.00031808622707083704
0
0
0
0.0006824443491852288
0
0
0
0
0
0
0.0005689400915244839
0
0
0
0
0
0.0006339618162701392
0.0008120480238079429
0
0
0
0.0008437621295681709
0.0020473330475556865
0.0008516395768359236
0.0008516395768359236
0.0020837069849488077
0
0.0014872836088221564
0
0
0
0
0
0
0
0.0004742810814961469
0
0
0
0
