0.3147107448397002
0.00012346439577861913
0.0007339336400179574
0
0
0
0
0
0.0001302071761852297
0.0002443406404034939
0.00023814660979167628
0.00012298192451727245
0.00028237841618636175
0.00012255091309957173
0.0002842915490873534
0.00012370705378919033
0.00013063957859680374
0.00026160494167888626
0.0005011317592988856
0.0004007352438536081
0
0.0001745483887075431
0.0002903235653502769
0.0002246329370733049
0.0002199236511807828
0.00023680266729849523
0.00017474222367556925
0.00017474222367556925
0
0.00012811347235485454
0.00038426220371147766
0.0007056294727347537
0.00012811347235485454
0.00012811347235485454
0.0007867768620992505
0.0001799889876120676
0.00020938838645355969
0.0003835597133939064
0.0003562091056476516
0.00018024670380280652
0.00018009198560211742
0
0.00027473657340873
0.00038239458668250324
0.0004404629039044089
0.00037803092473237256
0.0002180947642686765
0.00027473657340873
0.00027473657340873
0
0
0.0008669717488696975
0
0.0004138208347662067
0
0
0
0
0.00024481582640194493
0.00024937459971450095
0.00024386729549763674
0
0.00011390182585584516
0.0009385012271561636
0.00026160494167888626
0.0006931954732151988
0.00037780401541380573
0.00011390182585584516
0.00011390182585584516
0
0
0.000436189528537353
0.0004764734971077974
0
0
0
0.00024078863415432302
0.0004860397603701933
0.0003112865923241347
0.00024171332168947788
0.00024115765888099632
0
0.0003234437254262078
0.0005232098833577725
0.0003264634282569504
0.0003264634282569504
0
0
0.0011402563218829717
0.0004909684006859597
0.0009338597769724042
0.0013047709155874802
0
0
0
0.0005864175369683854
0.0005454259009353556
0.0005864175369683854
0.0005864175369683854
0.0002424582009550849
0.0002191579003061979
