0.00047250701103793114
0
0.0006365858198391578
0.00115365935932537
0
0
0
0.00024915605526183005
0.00046755449190049935
0.0002278509971879846
0.0003529954194418776
0.0008105116898625077
0.00046901104795003367
0.00013600049357900704
0.0004734356804778642
0.0003749752089463532
0.00037544275908219654
0.00035960003119098915
0.00012780351985735214
0
0.00033400453997107225
0.00027777222581542584
0.0006447646526422304
0.0004208317159803237
0.0006796954690381977
0.0003343754500654321
0.0003343754500654321
0
0.00018386225897654485
0.0007352993718777084
0.0006751235264213489
0.00018386225897654485
0.00018386225897654485
0
0.0005166229787542264
0.0006010081692293844
0.000366977565854871
0.0005112140794294085
0.0005173627023778722
0.0005169186142213246
0
0.00013142954726491559
0.000365862810187025
0.00021071035184319216
0.0003616877991398458
0.00041733207593059126
0.00013142954726491559
0.00013142954726491559
0
0
0.0005529937424865411
0.000795522041701246
0.0001979652155055369
0.000886907489790638
0
0
0
0.0004684637771822973
0.00047718715179702315
0.0004666487296147565
0.00047946670825465225
0.00010897759420337373
0.000598618474719526
0.0005005903454429287
0
0.0003614706996205541
0.00010897759420337373
0.00010897759420337373
0.0016016228339570298
0
0.00020866603796529563
0.0006838117171474375
0
0
0
0.0009215152036233255
0.0004650271703226589
0.0008934869222074826
0.0009250540484913106
0.0009229274874602961
0
0.0012378421080531208
0.00025029517272146434
0.001249398725244488
0.001249398725244488
0
0
0.0016364407216517478
0.00046974273445229585
0
0.0007490176437410986
0
0
0
0.0007480871870407991
0.00017394863823450121
0.0007480871870407991
0.0007480871870407991
0
0.00020968321224507075
