0.0005643037906076517
0.002146881137699857
0.0012164146826713778
0.001653345243975752
0
0
0
0.0013092688444226684
0.0005583891157837361
0.0009796211320718985
0.000562098617529857
0.0011615696061310129
0.0007841801040352281
0.0007796262126064521
0.0005654128782464246
0.0009553576503172464
0.00035870582599972675
0.0008016618260997077
0.000610530714031793
0.0019570209010325228
0.0006382297780405566
0.0005307787314608502
0.00020534052280641031
0.0008041427601726928
0.00021646506580269437
0.0006389385284881308
0.0006389385284881308
0
0.000526997486681463
0.00017563008086189308
0.00021500902275917852
0.000526997486681463
0.000526997486681463
0.0007192051811294521
0.00032906156414272907
0.00019140523782553616
0.0005259270063103854
0.0008140409520423906
0.0003295327290398406
0.00032924986832821846
0.00037120267413133013
0.0005022820994356714
0.0012234353020428104
0.0002013170555995667
0.0006911281019862603
0.0001993638755729597
0.0005022820994356714
0.0005022820994356714
0
0
0.0007925125962858977
0.0007600583155925517
0.0003782801741640774
0.0004236849373369379
0
0
0
0.0003356850320324164
0.00034193590228024664
0.0004458459084878432
0.0006871387080854638
0.0005205973080922563
0.0025736964732266674
0.00047827443466630235
0
0.00034535662959397456
0.0005205973080922563
0.0005205973080922563
0
0
0.0023923665068755163
0.0006533279465218339
0
0
0
0.0002201087011872845
0.000666444955486751
0.0005691040008937306
0.00022095397269722032
0.00022044603253010026
0
0
0.0011956860866657558
0
0
0
0
0.001042326349462974
0.0008976039702083646
0
0.0004770846972666349
0
0
0
0.0005360535511523866
0.0004985824479233637
0.0005360535511523866
0.0005360535511523866
0.0005540871965558183
0.0006010071151499601
