0.0006951576468936349
0
0
0
0
0
0
0.0007331224004682976
0.0006878714448493305
0.0006704339167354807
0.0006924411261945586
0.0007949559631816399
0.0006900143465466804
0.0008003418436910006
0.0006965239158537247
0.0007355570120099109
0.0007364741653914694
0.0007053968319792498
0.0007521039227215091
0
0
0
0
0
0
0
0
0
0
0
0
0
0
0
0
0
0
0
0
0
0
0
0
0
0
0
0
0
0
0
0
0
0
0
0
0
0
0
0
0
0
0
0
0
0
0
0
0
0
0
0.002455934638852218
0
0
0
0
0
0
0
0
0
0
0
0
0.0036762590081574177
0.0036762590081574177
0
0
0
0
0
0
0
0
0
0
0
0
0
0.0013651439460183941
0
