0.9942522733438669
0.0003900558153565582
0.002318685338954913
0.0010510066314417198
0
0
0
0
0
0.0003859674974160974
0.0003761832286582925
0.00038853156441729855
0.0008921061223363543
0.00038716988837377995
0
0.00039082243449051375
0
0
0
0
0
0.000275721650955038
0
0
0
0.0007481205969479811
0.0002760278382409403
0.0002760278382409403
0
0.00020237172264275736
0
0
0.00020237172264275736
0.00020237172264275736
0
0
0
0.0006058819459743248
0.0005626781399795512
0
0
0
0.0008679635734123674
0.0006040414783377077
0.002783071443929648
0.0005971485125188389
0.002756070057779257
0.0008679635734123674
0.0008679635734123674
0
0
0.0009129956596362413
0.001313411193320828
0
0
0
0
0
0
0
0
0.0007916021284584928
0
0.0009883223393080188
0
0
0
0
0
0
0
0
0
0
0
0
0.0007607132925354758
0.0007677623732385072
0
0.0007636346185436766
0.000761879136661967
0
0
0
0
0
0
0
0.0009005908273042272
0
0
0
0
0
0
0
0.0011487605700102447
0
0
0.00038299394196605045
0.0006923762349191274
