0.0003900558153565582
0.001391211203372948
0
0
0
0
0
0
0
0.0003761832286582925
0
0.00044605306116817715
0
0
0.00039082243449051375
0
0
0.0003958010642292464
0
0
0.000551443301910076
0
0.0007096732857557937
0.0006947954390942465
0.0014962411938959622
0.0005520556764818806
0.0005520556764818806
0
0.0006071151679282721
0
0
0.0006071151679282721
0.0006071151679282721
0
0.00028431577733596425
0.0006615118252454204
0.0012117638919486495
0
0.0002847228732370753
0.00028447847592099197
0
0
0.0012080829566754154
0
0.0011942970250376779
0
0
0
0
0
0.0009129956596362413
0
0
0
0
0
0
0
0
0
0
0.0007196903896806854
0.003953289357232075
0.0008264773677006375
0.0021899829809336278
0.001193580160076671
0.0007196903896806854
0.0007196903896806854
0
0
0.002756070057779257
0.0007526512288749938
0
0
0
0
0
0
0
0
0
0
0
0
0
0
0
0
0
0
0
0
0
0
0.0006175479958657558
0.0005743802850051224
0.0006175479958657558
0.0006175479958657558
0.0007659878839321009
0
