0.00034032976371311223
0.000809235604202167
0.0009170196275948447
0
0
0
0
0
0
0
0
0
0.00033781174754856817
0.0003918250079967132
0.00034099865082732825
0.00036010816426098924
0.00036055717693463135
0.0003453425826850012
0.0007364181389683558
0.005901364406154579
0.0004811428550774948
0
0.0006192009762346346
0.0012124396473860558
0
0.0004816771614129501
0.0004816771614129501
0
0.0005297174237968999
0.001588828878580079
0.001296712358303024
0.0005297174237968999
0.0005297174237968999
0
0.0004961398728651548
0.0005771793530969548
0.0005286414184672292
0.0004909454259789039
0.0004968502678721209
0.0004964237869554925
0
0.0003786558567021925
0
0
0
0
0.0003786558567021925
0.0003786558567021925
0
0
0.000796602908819764
0
0.001140697656416467
0
0
0
0
0.00033741756814652783
0.0003437007003584481
0.00033611025482554167
0
0.0003139705275804282
0.002586979824169154
0
0
0
0.0003139705275804282
0.0003139705275804282
0
0
0.0006011784945978677
0
0
0
0
0
0
0.0004290309434741459
0
0
0
0
0
0
0
0
0
0
0
0
0
0
0
0
0
0
0
0
0.0003341681693777824
0
