0
0.0010629051149145194
0
0.002182824297295718
0
0
0
0
0.00044232697328740867
0.0008622279857649375
0
0.0005111863091917294
0
0
0
0
0
0
0.0004836308502497304
0
0.000947948654898806
0
0.0008133007017761348
0
0
0.000949001346353441
0.000949001346353441
0
0.0011596115237007582
0.0006956253255118222
0.0017031902588764795
0.0011596115237007582
0.0011596115237007582
0
0
0
0
0
0
0
0.0014702377847591805
0
0.0006922444004789579
0.0007973647887952167
0
0.0007896287478782847
0
0
0
0
0
0
0
0
0
0
0
0.0008863743937676895
0.0009028797806563905
0.000882940165198268
0.000907192900627679
0
0
0
0
0
0
0
0
0
0
0
0
0
0
0
0
0
0
0
0.004807739591512088
0.0011710527062573123
0
0.0011819857709422872
0.0011819857709422872
0
0
0
0
0
0
0
0
0
0.000707723157259854
0.0013165040822511436
0.000707723157259854
0.000707723157259854
0
0.0007934779130838195
