0.0007732539826725054
0.00015322018049068845
0
0
0
0
0
0.0005436558824526869
0.0005100994828758324
0.0007457527059524088
0.00025674409298322474
0.000589509317132411
0.000639610722297578
0.00029675164134781935
0.0007747737428585755
0.0005454612984176605
0.0006826767809061431
0.00039232173603348253
0.00041829889682347545
0
0.0006376950828630761
0.0018182881935721552
0.0007034348329165654
0.000688687771429845
0.0007415441692371017
0.000638403239534773
0.000638403239534773
0.004500055711945699
0.00013372850273642828
0.00020055193343836145
0.00049103746931545
0.00013372850273642828
0.00013372850273642828
0
0.0003757552953640676
0.0004371311603087639
0.0006005558811188958
0.0003718212416208671
0.0003762933184101215
0.0003759703198535463
0
0.0002867778847420655
0.0001995771974313706
0.0006896516451477314
0.0011837984395388686
0.0004553070921303341
0.0002867778847420655
0.0002867778847420655
0
0
0.00030165662715522134
0
0.000647937015723937
0
0
0
0
0.0006388643853987476
0.0006507608299762996
0.0006363891262534601
0
0.00011889398008397975
0.0003265447981829384
0.0005461414247249145
0
0.0003943626254166099
0.00011889398008397975
0.00011889398008397975
0
0
0.00022765354606516704
0.000497356649465611
0
0
0.003070131467028374
0.0007540261674951096
0.0005073421883738009
0.0006498596774916638
0.0007569218132996222
0.0007551817631541058
0
0.0010128594048469765
0.0005461414247249145
0.0010223155611162947
0.0010223155611162947
0
0
0.0002975580316775689
0.0005124868439501342
0
0.0005447828639668923
0
0
0
0.0006121193794509988
0.00037955409239981056
0.0006121193794509988
0.0006121193794509988
0.00025308479735904163
0.0004575265556713594
