0.0004197822015755972
0.0008317979103048795
0
0
0
0
0
0.0002951385551830636
0.0004153823104876542
0.00026990158451663444
0.0002787611910423856
0.0004800470308731257
0.0002777842242513492
0.0004832993820308027
0.0004206072452107693
0.00029611867491800115
0.0005929758003968951
0.0002839768661932583
0.00030278008823321934
0
0.0004945576039083921
0.000987107778428226
0.0005091719399553639
0.0004984974758053563
0.00080513531363145
0.0004951068072442149
0.0004951068072442149
0
0.00014519639484581004
0.0006532508130746014
0.0005331464034958631
0.00014519639484581004
0.00014519639484581004
0
0.00030598365222081703
0.0009492347144078042
0.0004347043801812705
0.0006055601764664387
0.00030642177314324086
0.000306158750162002
0
0.00031137053159208415
0.0004333838929996748
0.0007487927444480035
0.0006426575566463647
0.0004943519666510498
0.00031137053159208415
0.00031137053159208415
0
0
0.0006550504020913359
0
0.00046900058374586774
0
0
0
0
0.0005549201772675728
0.0005652534769235062
0.0005527701572084191
0
0.00025817947443990764
0.0010636429739723629
0.0011859516007937901
0
0
0.00025817947443990764
0.00025817947443990764
0
0
0.0004943519666510498
0.0005400074851456963
0
0
0
0.0008186877060567692
0.0005508493342683125
0.0008819855191363313
0.0008218316680615954
0.000819942399859155
0
0.0018328619935186659
0.0005929758003968951
0.0018499737756158317
0.0018499737756158317
0.0009052663551744476
0
0.0009692253911378597
0.0005564351699512206
0
0.000887251104325205
0
0
0
0.0006646116967802466
0.00041210276596040715
0.0006646116967802466
0.0006646116967802466
0.0002747880924027214
0.0004967617603603515
