0.0003220794633463438
0.00038292003361465964
0
0
0
0
0
0.0003396692395820564
0.00031870363046189064
0.000310624499458884
0.0009624625463890156
0
0.0009590894299881194
0.00037081325748411487
0.0003227124811595245
0.001022391721133039
0
0
0
0
0.0009106828087297065
0
0.0005859961113988796
0
0.0006177430790593155
0.0009116941166794341
0.0009116941166794341
0
0.0006684148602237577
0.0010024182564955194
0
0.0006684148602237577
0.0006684148602237577
0
0.00023476710096363465
0.0005462279122221093
0.0005002928409931934
0.0004646183090378214
0.00023510325087910378
0.00023490144551354232
0.0010593297446062327
0.00035835030644689234
0.0009975462358078131
0.0005745140322392094
0
0.0005689400915244839
0.00035835030644689234
0.00035835030644689234
0
0
0.0007538848044718368
0
0
0.0012091024330925337
0
0
0
0.0009579703057991018
0.0009758088970719061
0.000954258681212511
0.00065364693636133
0
0.0008160840477831314
0
0
0
0
0
0
0
0.0005689400915244839
0
0
0
0
0
0.0006339618162701392
0.00040602401190397146
0
0
0
0
0
0
0
0
0
0.0014872836088221564
0
0
0
0
0
0
0
0
0
0
0
0.0005717134763717481
