0.2613647641344075
0.0005126809810404227
0.0001219052071522423
0.0002762841058503251
0.001001397563733362
0
0
0
0.0009732241941289481
0.0009131532908422623
0.0002966682907314501
0.00040854203069075036
0.00046902604600162855
0.0007124428928897401
0.00023610186462006097
0.0005136886087547317
0.000542475641623926
0.0005431520451670979
0.0006242788952254957
0.0004437432328258192
0
0.0004348831349990142
0.001205557030140256
0.0007462234522038759
0.0005479345160050472
0.0007866509078537472
0.00043536607018502085
0.00043536607018502085
0
0.00010639721723362813
0.0003191266961348077
0.0005860196505255773
0.00010639721723362813
0.00010639721723362813
0.0013068238206720376
0.00044843825702214614
0.0012172676972327695
0.0006370865670552285
0.0005916576437677589
0.00044908035074640466
0.00044869487405048495
0.0006744897138952452
0.000342249800263301
0.0007939391377108369
0.0005487013942639766
0.0004709275029448784
0.0009056298133555354
0.000342249800263301
0.000342249800263301
0
0
0.0004800087495581405
0.00034526388921322
0.0006873498070595859
0.0003849260149254897
0
0
0
0.0006099527751094691
0.0006213108497648357
0.0006075895330517029
0.0006242788952254957
0.00037837823255071665
0.001558835571378176
0.0008690432722673567
0
0
0.00037837823255071665
0.00037837823255071665
0
0
0.0007245038506844283
0.0007914148800436261
0
0
0
0.0015997843252297322
0.0008073042907626487
0.0007755630983216841
0.0016059278902267743
0.0016022361019733793
0
0.001611704609256367
0.0013035649084010348
0.001626751643990088
0.001626751643990088
0
0
0.0004734868915478397
0.0006116180127950254
0
0.000866881473082612
0
0
0.00033943475861611367
0.0011363685397148154
0.0006039624821130156
0.0011363685397148154
0.0011363685397148154
0.0003020394038533215
0.0005460266660189572
