0.000575887936508592
0.0013693454758958966
0
0
0
0
0
0.0003036694973438976
0.00028492592200318344
0
0
0.00032928181923741614
0.0005716270833957948
0.00033151272587181595
0.0005770197917297174
0.0009140338419429645
0.0006101156900084792
0.00029218518116250024
0.0006230638158575556
0
0.0006106232737772051
0
0.0005238894897074951
0.0005129064815375266
0.0011045435290898428
0.0006113013673627434
0.0006113013673627434
0
0.0005975731122167316
0.0008961772589501838
0.001097113864095965
0.0005975731122167316
0.0005975731122167316
0
0.00041977076069785565
0
0.00044726945464972615
0
0.00042037180703333367
0.00042001097286420636
0
0
0.00044591079895516433
0.001540873005766691
0
0
0
0
0
0
0.0006739845501195597
0.0009695761890095119
0.00048255698558856056
0.0010809560752285722
0
0
0
0.0005709600739635944
0.0005815920563234553
0.0005687479078498261
0.0005843703623250005
0
0
0.0012202313800169584
0
0
0
0
0
0
0
0
0
0
0
0
0
0
0
0
0
0
0.0006101156900084792
0
0
0
0
0.0013296543026815226
0.0005725188573168491
0
0.0006085979892870651
0
0
0
0.0018235259008203741
0.0008480290873254772
0.0018235259008203741
0.0018235259008203741
0.0002827308070416797
0.0005111205954597496
