0.0007801116307131164
0
0
0
0
0
0
0.0008227159895274033
0.0007719349948321948
0.000752366457316585
0.0007770631288345971
0.0008921061223363543
0.0007743397767475599
0.0008981502017559773
0.0007816448689810275
0.0008254481306300264
0.0008264773677006375
0.0007916021284584928
0.0008440172099693267
0
0
0.001834413788457319
0.0014193465715115873
0.001389590878188493
0.0014962411938959622
0
0
0
0
0
0.0014861767912464378
0
0
0
0
0.0013230236504908409
0.0012117638919486495
0.0011253562799591024
0
0
0
0
0
0.001391535721964824
0.0011942970250376779
0.0013780350288896284
0
0
0
0
0
0.002626822386641656
0.0013073665658696475
0
0
0
0
0
0
0
0
0
0
0.001652954735401275
0
0.002387160320153342
0
0
0
0
0
0.0015053024577499877
0
0
0
0
0.0015355247464770144
0
0
0
0
0
0.001652954735401275
0.0010313820262903184
0.0010313820262903184
0
0
0
0.0015510955902400421
0
0.0016488429077012718
0
0
0
0
0.0011487605700102447
0
0
0
0.0013847524698382548
