0.00044701227272984104
0.001594357672371779
0
0
0
0
0
0
0.0008846539465748173
0
0
0
0
0.0005146496310697221
0.00044789083458662143
0.0004729905700242278
0.0009471606676545011
0.0004535964503138395
0.0004836308502497304
0
0.0003159828849662687
0
0
0
0.0008573621393441421
0.0003163337821178137
0.0003163337821178137
0
0.0004638446094803032
0
0.0008515951294382398
0.0004638446094803032
0.0004638446094803032
0
0.0006516638737136774
0
0
0
0.0006525969548616064
0.0006520367858016394
0
0
0.0006922444004789579
0
0
0
0
0
0
0
0.001046312473083898
0
0.0007491349659358086
0.0016781064553584165
0
0
0
0
0
0.000441470082599134
0
0
0
0.0009471606676545011
0
0
0
0
0.00606082065525726
0
0
0
0
0
0
0
0
0
0
0
0
0
0
0
0
0
0
0
0
0
0
0
0
0
0.000707723157259854
0.0013165040822511436
0.000707723157259854
0.000707723157259854
0
0.0007934779130838195
