0.843970070294529
0
0.0007872855133344486
0
0
0
0
0
0
0.0006552562657566218
0
0.000989413915937314
0.00037863170493249393
0.00032864878126733995
0
0
0
0.00035077725282399376
0
0
0
0.000468092107761802
0
0
0.0005897764292764004
0
0.0004686119213184503
0.0004686119213184503
0
0.00017178303893639914
0.0005152442431590531
0
0.00017178303893639914
0.00017178303893639914
0
0.0007240235089744315
0.0005615236661972914
0
0
0.0007250601978475335
0.0007244378285789948
0
0
0
0
0.0005068889311078252
0.0011697436871719042
0
0
0
0
0.0007749954731813857
0
0
0
0
0
0
0.0003282652937746126
0.00033437799932429835
0.00032699344064104186
0
0.0003054542418727937
0.0016778729031700376
0
0
0
0.0003054542418727937
0.0003054542418727937
0
0
0
0.000638887259874738
0
0
0
0.0006457307347318507
0
0.0004173937043988768
0.0006482104994581636
0.0006467203603789494
0.007122110297844126
0.0017347791784060205
0.001403109011295975
0.0017509752495737116
0.0017509752495737116
0
0
0.0007644656433827255
0
0
0
0
0
0
0.001048410025210595
0.00048756214343993585
0.001048410025210595
0.001048410025210595
0
0
