0
0.001709497634093573
0
0
0
0
0
0.000379102495603705
0
0
0.00035806593664484374
0
0
0.00041386211918435187
0
0.000380361449511895
0
0.00036476541873971144
0.00038891796768852086
0
0.00025410170046426934
0
0
0.0006403149768512613
0.0006894587899730286
0.000254383878921198
0.000254383878921198
0
0.00018650330386203035
0
0
0.00018650330386203035
0.00018650330386203035
0
0.00026202194220021594
0.0006096412055050933
0
0.0005185572902513611
0.0002623971168024499
0.00026217188322579546
0
0
0.0005566772368615766
0.0006412111489672184
0
0
0
0
0
0
0
0
0.0006024265166825477
0.0013494708864125995
0
0
0
0.0003563946837316823
0.0003630311932940393
0.00035501384419765796
0
0.00033162892937899205
0.0018216515544217794
0
0
0
0.00033162892937899205
0.00033162892937899205
0
0
0
0
0
0
0.03425385913548243
0.0007010640641730337
0
0
0.0007037563224839901
0.0007021384918575902
0
0
0
0
0
0
0
0
0
0
0
0
0
0.0011899879634729288
0.000569124678182705
0
0.000569124678182705
0.000569124678182705
0
0.0006380854678789381
