1.2039728043259361
0.0009446628515699773
0.0005615544796296343
0
0
0
0
0
0.0009962538720115317
0
0.001366597961777453
0.00047048566015081523
0.0005401403339281903
0
0.0010875996425708547
0.0009465195002562392
0.0004997811558015509
0
0
0
0
0
0
0
0
0
0
0
0
0.0002450585801599707
0
0
0.0002450585801599707
0.0002450585801599707
0
0
0
0
0
0
0
0
0
0.0007314537085819781
0
0
0.0008343539877518614
0
0
0
0
0.0011055764961670671
0
0.0007915666037645866
0.0035463116474990755
0
0
0
0.00046828969440915446
0.0004770098273874549
0.0004664753213196188
0
0
0.001196792052013853
0.0010008086486499885
0
0.0014453455033924803
0
0
0
0
0
0
0
0
0
0
0
0.0005954365995677231
0
0
0
0.0012373821216093896
0.0010008086486499885
0.0012489344443215105
0.0012489344443215105
0
0
0.002181110152764377
0.0009391363528283433
0
0
0
0
0
0
0
0
0
0
0
