0.0006621969951310545
0.0015745710266688972
0
0
0
0
0
0.00034918083173129044
0
0
0
0.00037863170493249393
0
0
0.0006634984829359504
0
0.00035077725282399376
0
0
0
0.000468092107761802
0
0
0
0
0.0004686119213184503
0.0004686119213184503
0
0
0
0
0
0
0
0.0004826823393162877
0
0
0.00047762878907443634
0.000483373465231689
0.0004829585523859966
0
0.00036838501540573066
0
0
0
0
0.00036838501540573066
0.00036838501540573066
0
0.0047952844903098235
0.0007749954731813857
0.0011148878075224954
0.0005548784157097495
0.0012429603391672002
0.0047952844903098235
0.0047952844903098235
0
0.0003282652937746126
0.00033437799932429835
0.00032699344064104186
0
0
0.0008389364515850188
0
0.0018589649125430156
0
0
0
0
0
0
0.000638887259874738
0
0
0
0.0006457307347318507
0
0.0008347874087977536
0.0006482104994581636
0.0006467203603789494
0
0.0008673895892030103
0.0007015545056479875
0.0008754876247868558
0.0008754876247868558
0
0
0.0007644656433827255
0.0013166459754984851
0
0.0013996186903723533
0
0
0
0.001048410025210595
0
0.001048410025210595
0.001048410025210595
0
0
