0
0.0014689675249515079
0
0
0
0
0
0
0
0
0.0004102470201245321
0
0
0
0
0
0.0004363350475888103
0.00041792282026221247
0.0008911902584878417
0
0.0005822640734878966
0.0009684705945559757
0
0
0
0.0005829106743468505
0.0005829106743468505
0
0.00021368250040681408
0
0
0.00021368250040681408
0.00021368250040681408
0
0.0003002064982838655
0.0006984844474375767
0.001279490706275049
0
0.0003006363472218435
0.0003003782902714385
0
0.00045823750523731017
0
0.0007346550906218877
0.0006305237984977043
0
0.00045823750523731017
0.00045823750523731017
0
0
0.0019280479788772774
0
0
0
0
0
0
0
0
0
0
0
0
0
0
0
0
0
0
0
0
0
0
0
0
0
0.000810673455211334
0.0005191998637481096
0
0
0
0.002157907758476213
0.0008726700951776206
0.0010890271001023626
0.0010890271001023626
0
0
0.0009509258374082224
0.0008188940128694834
0
0
0
0
0
0.0013041268627312767
0.0006064830297508247
0.0013041268627312767
0.0013041268627312767
0
0
