0.0004410505438631159
0.0013109116561416537
0
0
0.008922522510373669
0
0
0
0
0
0.0002196635084617199
0
0.0006566809791513331
0.0005077858339237048
0.0004419173884854884
0.0004666823728962567
0.0004672642711168256
0.00089509381871583
0.00047718074546141017
0
0.0004676530101110992
0.0010371197751910355
0.0008024538446160474
0.0007856309128630904
0.0008459276420670297
0.00046817233605236637
0.00046817233605236637
0
0.0003432437928883826
0.0003431739427066796
0.00042011877290997103
0.0003432437928883826
0.0003432437928883826
0
0.0008037159252981716
0.0011219938486098627
0.0010276397041198194
0.000636240993948547
0.0008048667212965939
0.0008041758485744509
0
0
0.0003415060256096848
0.0007867304662750751
0.0003376089598519767
0.0003895487998292039
0
0
0
0
0
0
0.00036957193829950116
0
0
0
0
0.0006559147236330702
0.0006681286665850332
0.0006533734035105089
0
0
0
0.0004672642711168256
0
0
0
0
0
0
0
0.00042552529761812356
0
0
0
0.001290250003412872
0.0004340686626668272
0.001112005772806214
0.0012952048805381134
0.0012922273980541176
0
0.001733151854533015
0.0004672642711168256
0.0017493327328429705
0.0017493327328429705
0
0
0.0005091656867332801
0.000438470294971561
0
0.0009322038443673984
0
0
0
0.0010474265555656048
0.0006494730423495565
0.0010474265555656048
0.0010474265555656048
0.00021653271115313607
0.0007828954291832051
