1.0498221244986776
0.00041185646312227447
0.0014689675249515079
0
0
0
0
0
0.0004343492447243184
0
0
0
0.0004709834564821344
0.0004088092385119461
0.00047417440130924913
0.00041266592944130413
0.00043579166645856275
0.0004363350475888103
0.00041792282026221247
0.00044559512924392087
0
0.0002911320367439483
0
0
0
0.0007899338784790651
0.00029145533717342523
0.00029145533717342523
0
0.00042736500081362816
0
0
0.00042736500081362816
0.00042736500081362816
0
0.001200825993135462
0.0006984844474375767
0
0.0005941268389918946
0.001202545388887374
0.001201513161085754
0
0
0.0006378020197440325
0
0.0006305237984977043
0
0
0
0
0
0
0
0
0
0
0
0
0.0012249966446892387
0.0012478075964722794
0.0012202504352948598
0
0
0.0010435607599390434
0
0
0
0
0
0
0
0
0
0
0
0
0
0
0.0010383997274962193
0
0
0
0
0
0
0
0
0
0
0.0008188940128694834
0
0.000870499274045338
0
0
0
0.0006520634313656383
0
0.0006520634313656383
0.0006520634313656383
0
0
