0.0008268872693163795
0.004915428287050959
0.0006365858198391578
0.000576829679662685
0
0
0
0.0009966242210473202
0.0008182203608258739
0.0006835529915639537
0.0007059908388837552
0.0012157675347937616
0.0010552748578875758
0.00040800148073702117
0.0008285124408362622
0.0008749421542081575
0.00037544275908219654
0.0014384001247639566
0.00038341055957205643
0.0020483339645164735
0.0005010068099566083
0.00027777222581542584
0.00042984310176148694
0.0018937427219114567
0.0011328257817303296
0.0005015631750981481
0.0005015631750981481
0
0.0003677245179530897
0.0011029490578165627
0.0009001647018951319
0.0003677245179530897
0.0003677245179530897
0
0.00017220765958474214
0.00020033605640979482
0.0005504663487823064
0.001022428158858817
0.0001724542341259574
0.00017230620474044156
0
0.00039428864179474676
0.00073172562037405
0.0008428414073727686
0.0007233755982796916
0.0008346641518611825
0.00039428864179474676
0.00039428864179474676
0
0
0.0008294906137298117
0.000397761020850623
0.0001979652155055369
0
0
0
0
0.0004684637771822973
0.00047718715179702315
0.0004666487296147565
0.00023973335412732613
0
0.0008979277120792891
0.0007508855181643931
0
0.0007229413992411082
0
0
0.0016016228339570298
0
0.001251996227791774
0.00045587447809829163
0
0
0
0.00023037880090583137
0.0004650271703226589
0.0004467434611037413
0.00023126351212282765
0.00023073187186507403
0
0.0006189210540265604
0.0007508855181643931
0.000312349681311122
0.000312349681311122
0
0
0.0016364407216517478
0.0007046141016784438
0
0.0004993450958273991
0
0
0.00039104557504405406
0.0007480871870407991
0.00034789727646900243
0.0007480871870407991
0.0007480871870407991
0.0008119166600490953
0.000838732848980283
