0.49429632181478017
0
0.00046109731512572775
0
0
0
0
0
0.0004090164019981631
0.0005756556542873993
0.0001870209314471359
0.00038631990763171565
0.0004435139720186453
0.0003849659827217914
0.0004465188092274437
0
0.0006155620446012207
0
0.0003935480269225957
0.00020980319262087443
0
0.00013707607371458131
0.0004559929168033027
0.0007056335786078232
0.00034542021091179604
0.0014877240686675098
0.0001372282958952749
0.0001372282958952749
0.003385591245306713
0.0001006098762089925
0
0.0003694292390244994
0.0001006098762089925
0.0001006098762089925
0
0.0001413486765269603
0.000657746269879947
0.0006024330552282513
0.00027973759016116593
0.00014155106581179272
0.00014142956275101006
0
0.00021575570572447846
0.0003003015320867437
0.00034590365417409385
0.0008906240032698742
0.0006850953871306725
0.00021575570572447846
0.00021575570572447846
0
0
0.00045389928541302125
0.0013059348000390492
0.0003249811451773703
0.0007279769098892197
0
0
0
0.00019225839043748744
0.00019583847932439784
0.00019151349159813257
0.0003935480269225957
0
0
0.0008217727710968914
0.0010887584180942296
0.0005933929433550782
0
0
0
0
0.00034254769356533625
0.0003741834381641031
0
0
0
0.0003781915239592809
0.0003816960014013746
0
0.0003796438723615823
0.0003787711278274178
0
0
0.0004108863855484457
0
0
0
0
0.0004477321755568661
0.00038556655367767565
0.0014667546641388136
0.000409864280111758
0
0
0
0
0.0002855553563343617
0
0
0.00019040690362664877
0.0006884349885999724
