0
0.002741932779960712
0
0
0
0
0
0
0
0.0005560635528032319
0
0
0
0.0006638102845794678
0
0
0.0006108378927925776
0
0
0
0.0008151281031940886
0
0
0
0
0.0008160332982004119
0.0008160332982004119
0
0.00059828046816973
0
0
0.00059828046816973
0.00059828046816973
0
0
0
0
0.0008317351273678221
0
0
0
0
0.0008928772600601103
0.0010284646396493643
0.0008826882703056706
0
0
0
0
0
0.0026991294215958526
0
0.0019325127811425926
0
0
0
0
0
0
0
0
0
0
0
0
0
0
0
0
0
0
0
0
0
0
0
0
0
0
0
0
0
0.0012216757855851553
0
0
0.003730142055987161
0
0.0013312282337490414
0
0.004361056290976088
0
0
0
0
0.0009128422174279141
0
0.0009128422174279141
0.0009128422174279141
0
0
