0.0003900558153565582
0.0018549482711639306
0
0.0019046978416549173
0
0
0
0.00041135799476370164
0.0003859674974160974
0
0.00038853156441729855
0
0
0
0.00039082243449051375
0.0004127240653150132
0.00041323868385031873
0.0003958010642292464
0
0
0.000275721650955038
0
0.0007096732857557937
0
0.0007481205969479811
0.0002760278382409403
0.0002760278382409403
0
0.00020237172264275736
0
0
0.00020237172264275736
0.00020237172264275736
0
0.00028431577733596425
0
0.0006058819459743248
0
0.0002847228732370753
0.00028447847592099197
0
0
0.0006040414783377077
0.000695767860982412
0
0
0
0
0
0
0.0018259913192724827
0.001313411193320828
0.0006536832829348237
0
0
0
0
0
0
0
0
0.0003598451948403427
0.0009883223393080188
0.0008264773677006375
0.0043799659618672555
0.002387160320153342
0.0003598451948403427
0.0003598451948403427
0
0
0
0
0
0
0
0
0
0
0
0
0
0
0
0
0
0
0
0.0009005908273042272
0.0007755477951200211
0
0
0
0
0
0
0.0005743802850051224
0
0
0
0
