0
0.002586370076716214
0
0
0
0
0
0
0
0.0005245154601286003
0
0
0.000539834252772543
0
0
0.0005754646579991244
0.0005761821949791732
0.0005518687743311666
0
0
0.0007688820638490797
0
0.0009895034697501004
0
0
0.0007697359028983291
0.0007697359028983291
0
0.0005643372119356363
0
0
0.0005643372119356363
0.0005643372119356363
0
0.00039642389508718636
0.0018447030753425025
0
0
0.0003969915123481932
0.0003966507471015424
0
0
0
0.0009701150182784398
0
0
0
0
0
0
0
0.0036626006898808207
0.0009114361348585737
0
0
0
0
0
0
0.0005371152115923636
0
0
0
0
0.0030535118086341207
0
0
0
0
0
0
0
0
0
0
0
0
0
0
0
0
0
0
0
0
0
0
0
0
0
0
0
0
0
0.0008610523982111122
0
0.0008610523982111122
0.0008610523982111122
0
0
