1.5606477482646683
0
0.0007279140616906103
0
0
0
0
0
0
0
0
0
0
0
0
0
0
0
0
0
0
0.0008655838870020346
0.0014397119448936054
0
0
0.001174302293652873
0.0008665451128621147
0.0008665451128621147
0
0.0009529703327486271
0
0.0011664033993009479
0.0009529703327486271
0.0009529703327486271
0
0
0
0
0
0
0
0
0
0
0
0
0.0010815299710773862
0
0
0
0
0
0
0
0
0
0
0
0.001214039477452095
0.0012366463932366627
0.001209335721243447
0.001242553939701169
0
0
0.001297296548848436
0
0.0018735267086010424
0
0
0
0
0
0
0
0
0
0
0
0.0015436674067899785
0
0
0.006585011596053452
0
0
0
0
0
0
0.001413630206761475
0
0
0.0012940694430055293
0
0
0
0
0
0
0
0
0
