1.3470736479666094
0
0
0
0
0
0
0
0.0005573329118604093
0
0
0.0010528125423732782
0.0012086798097502103
0
0.001216868697350144
0
0
0
0.0010725108662154534
0.0005717630084747918
0
0
0
0
0
0.0010135994341358987
0
0
0
0.0005483711166157579
0
0
0.0005483711166157579
0.0005483711166157579
0
0.0003852083637308006
0
0
0.0022870520338991672
0.0003857599220981127
0.00038542879770146196
0
0
0
0
0.0008090532420219876
0.0009335229715638319
0
0
0
0
0
0
0
0
0
0
0
0.0005239492990924191
0.0005337058827126028
0.0005219192746867918
0
0
0
0.002239523936769093
0
0
0
0
0
0
0
0.0010197378107241555
0
0
0
0
0
0.00199862559045491
0
0
0
0
0.0011197619683845465
0
0
0
0
0.0012201754057668563
0
0
0
0
0
0
0
0.0007782054580974057
0
0
0.0005189035623908358
0
