0.3566749439387324
0.0006996370026259953
0.00033271916412195185
0
0
0
0
0
0.00044270783277459546
0.00013846077016255138
0.00013495079225831722
0.0001393805955211928
0.00016001567695770856
0.0006944605606283731
0
0.0007010120753512822
0.0005922373498360023
0.0005929758003968951
0.0004259652992898874
0.00045417013234982906
0
0.0007912921662534274
0.000987107778428226
0.0010183438799107277
0.0007477462137080344
0.00080513531363145
0.0007921708915907439
0.0007921708915907439
0
7.259819742290502e-05
0.00021775027102486716
0.0007997196052437946
7.259819742290502e-05
7.259819742290502e-05
0
0.0005099727537013618
0.0004746173572039021
0.0004347043801812705
0.00040370678431095916
0.0005107029552387348
0.0005102645836033367
0
0.00015568526579604207
0.0002166919464998374
0.0004991951629653357
0.0008568767421951529
0.0004943519666510498
0.00015568526579604207
0.00015568526579604207
0
0
0.00032752520104566797
0
0.0007035008756188016
0
0
0
0
0.0005549201772675728
0.0005652534769235062
0.0005527701572084191
0.0002839768661932583
0.00012908973721995382
0.00035454765799078765
0.0005929758003968951
0.0007856276298209966
0
0.00012908973721995382
0.00012908973721995382
0
0
0.0002471759833255249
0.0005400074851456963
0
0
0
0.0010915836080756921
0.0005508493342683125
0.0007055884153090651
0.0010957755574154606
0.00109325653314554
0
0.0014662895948149327
0.0005929758003968951
0.0014799790204926655
0.0014799790204926655
0
0
0.0003230751303792866
0.0011128703399024412
0
0.0005915007362168034
0
0
0
0.000886148929040329
0.00041210276596040715
0.000886148929040329
0.000886148929040329
0.0002747880924027214
0.0004967617603603515
