0.0007278612816611062
0.00017307074691736565
0
0
0
0
0
0.0007676120839694496
0.0004321393805017453
0.00042118465538119404
0.00043501017748045947
0.0004994127609567052
0.0005779808121352522
0
0.0007292918266329244
0.0007701612316123536
0.0009253458388798802
0.0005908657346987771
0.0006299892723104108
0
0.0003087052257827221
0.0010269290075392028
0.0007945689109011392
0.0007779112817417861
0.0008376155336136161
0.0003090480411361732
0.0003090480411361732
0
0.0002265807132449615
0.0006796038120711208
0.0008319813484099372
0.0002265807132449615
0.0002265807132449615
0
0.00042443658151653646
0.000740646070640383
0.0006783613919393637
0.0006299892723104108
0.0004250443085805635
0.0004246794636804944
0
0.00048589744398624875
0.0006763007558763644
0.0007790000309114736
0.0011143053495220178
0.0007714421650537048
0.00048589744398624875
0.00048589744398624875
0
0
0.001022213998321851
0
0.0007318810283842839
0
0
0
0
0.0004329797915879019
0.0004410424105279302
0.00043130222556082756
0.00029543286734938853
0.00040289216220502927
0.0011065517337698766
0.0009253458388798802
0
0
0.00040289216220502927
0.00040289216220502927
0
0
0.0007714421650537048
0.0008426881485030248
0
0
0
0.0008517146474158346
0.0008596069839169852
0.0005505395866332818
0.0008549854409927003
0.0008530199572203033
0
0.0011440812375873544
0.0009253458388798802
0.001154762493954871
0.001154762493954871
0
0
0.001008325221170739
0.000868323747404443
0
0.0009230439835592834
0
0
0
0.0006914230088027924
0.000857455069649525
0.0006914230088027924
0.0006914230088027924
0.0004288101094655223
0.0007752026770003453
