0.0002798548010503981
0.00033271916412195185
0
0
0
0
0
0.00044270783277459546
0.00027692154032510276
0.00026990158451663444
0.0002787611910423856
0.00032003135391541713
0.0004166763363770238
0.00016109979401026755
0.0002804048301405129
0.00044417801237700176
0.0004447318502976713
0.0004259652992898874
0.00030278008823321934
0
0.00019782304156335686
0.000987107778428226
0.0005091719399553639
0.0004984974758053563
0.0005367568757543
0.00019804272289768597
0.00019804272289768597
0
0.00014519639484581004
0.0004355005420497343
0.0007997196052437946
0.00014519639484581004
0.00014519639484581004
0.001783374719693662
0.0002039891014805447
0.0004746173572039021
0.0004347043801812705
0.0006055601764664387
0.00020428118209549393
0.00020410583344133472
0
0.00031137053159208415
0.0004333838929996748
0.0004991951629653357
0.0006426575566463647
0.0007415279499765747
0.00031137053159208415
0.00031137053159208415
0
0
0.0006550504020913359
0
0.00046900058374586774
0
0
0
0
0.0002774600886337864
0.0002826267384617531
0.00027638507860420954
0
0.00025817947443990764
0.0007090953159815753
0.0005929758003968951
0
0
0.00025817947443990764
0.00025817947443990764
0
0
0.0004943519666510498
0.0005400074851456963
0
0
0
0.0005457918040378461
0.0005508493342683125
0.00035279420765453254
0.0005478877787077303
0.00054662826657277
0
0.0007331447974074664
0.0005929758003968951
0.0007399895102463327
0.0007399895102463327
0
0
0.0006461502607585732
0.0005564351699512206
0
0.0005915007362168034
0
0
0
0.0004430744645201645
0.00041210276596040715
0.0004430744645201645
0.0004430744645201645
0.0002747880924027214
0.0004967617603603515
