0.9942522733438669
0.0003900558153565582
0
0
0
0
0
0
0.00041135799476370164
0.0003859674974160974
0.0003761832286582925
0.00038853156441729855
0.00044605306116817715
0.00038716988837377995
0.00044907510087798864
0.00039082243449051375
0.0004127240653150132
0.00041323868385031873
0.0003958010642292464
0.00042200860498466336
0
0
0.0009172068942286595
0.0007096732857557937
0.0006947954390942465
0.0007481205969479811
0
0
0
0
0
0.0007430883956232189
0
0
0
0
0.0006615118252454204
0.0006058819459743248
0.0005626781399795512
0
0
0
0
0
0.000695767860982412
0.0005971485125188389
0.0006890175144448142
0
0
0
0
0
0.001313411193320828
0.0006536832829348237
0
0
0
0
0
0
0
0
0
0
0.0008264773677006375
0
0.001193580160076671
0
0
0
0
0
0.0007526512288749938
0
0
0
0
0.0007677623732385072
0
0
0
0
0
0.0008264773677006375
0.0010313820262903184
0.0010313820262903184
0
0
0
0.0007755477951200211
0
0.0008244214538506359
0
0
0
0
0.0005743802850051224
0
0
0
0.0006923762349191274
