0.5447271754416719
0.0008548092199947774
0
0.0005758215385218519
0
0
0
0
0.0009014930499655307
0.0006343872384802081
0.0012366110679720135
0.00021286720415852753
0.000733145592788253
0.00042424234847482237
0
0.0008564892695623773
0.00045224340011761885
0.0006792109419472218
0.00043369998044719105
0.00046241695708121555
0
0.00015106133539702495
0.001507547533510162
0.0007776262318938929
0.0003806618975832788
0.0012296324502069343
0.0001512290881292815
0.0001512290881292815
0
0.00011087465406913738
0.0003325562731634139
0.0008142409199427084
0.00011087465406913738
0.00011087465406913738
0
0.00031153970571442494
0.00036242659710024745
0.000663896618454201
0.00030827797138747705
0.00031198578203990373
0.0003117179830853631
0.0007028737747634476
0.0004755366001236769
0.0009928198823359756
0.00038119466440984735
0.0003271634687337369
0.00037749631007738874
0.0004755366001236769
0.0004755366001236769
0
0
0.001500625827663008
0.0007195867575187212
0.0007162750498904299
0
0
0
0
0.00042374731656294977
0.0004316380154054453
0.0004221055214580953
0.0008673999608943821
0.0005914518734437263
0.002707391528040119
0.0009056145892629625
0.001199839593483859
0.0006539341842036878
0.0005914518734437263
0.0005914518734437263
0
0
0.002642474170541721
0.001237079126665417
0
0
0
0
0
0
0
0
0
0
0.00045280729463148127
0
0
0
0
0.0019736491863828693
0
0
0
0
0
0
0
0
0
0
0.0008393330900488011
0
