0.0003699055841837112
0.0024187926014288892
0.000249177942411279
0.0004515753515729309
0
0
0
0.0003901072958561356
0.00036602846820041915
0.00044593706682003397
0.0002763450568828487
0.0005287625247220052
0.00036716874380228964
0.0004258759413208129
0.00037063259987589616
0.00058710419307863
0.0005878362431946881
0.0005630310514038295
0.0005002596212246816
0
0.00026147790739996667
0.0010872801361672968
0.0006730116588752889
0.0006589023997793709
0.0007094727871213542
0.00026176827709169345
0.00026176827709169345
0.0016145365309662323
9.595861327949112e-05
0.00014390862852324172
0.0007047005486429595
9.595861327949112e-05
9.595861327949112e-05
0.0005893058338026748
0.00013481403118162423
0.0006273382129635927
0.0005745821658039487
0.0008004153939594904
0.00013500706387231957
0.00013489117798058366
0.00030415784970460637
0.00041156234573735473
0.0007160459705986329
0.0011546930263453391
0.0005662999003509187
0.0008167787024292097
0.00041156234573735473
0.00041156234573735473
0
0
0.0008658304261563634
0.00031139013675174365
0.0004649355690750887
0
0
0
0
0.00027505523164652267
0.00028017710006466315
0.0002739895391566098
0.0005630310514038295
0.00025594173020745926
0.0009372657396464013
0.0005878362431946881
0
0.0008489399766665184
0.00025594173020745926
0.00025594173020745926
0
0
0.0014702016643725778
0.0007137693672099014
0
0
0
0.00036070747287080327
0.001092149807819629
0.0004663151998438574
0.0003620926782197695
0.00036126028125834476
0
0.0002422634465786947
0.0005878362431946881
0.0002445252422417738
0.0002445252422417738
0
0
0.000854066425800978
0.0005516123249323009
0.0006994727997657862
0.0007818319519770148
0
0
0.00030613290067671423
0.00014641138728016767
0.00027235393821036386
0.00014641138728016767
0.00014641138728016767
0.00027240639466995757
0.0003283040856839414
