0.0007900253068507125
0.0012076206399561696
0.0006082073413356889
0
0
0
0
0.00011902444040206074
0.00044671129262698886
0.00043538716980973265
0.0003372591705179142
0.00025812657914022505
0.0005601286457394487
0.0005197508084043014
0.0007915780295449944
0.0007165182377379349
0.00035870582599972675
0.0003435693540427319
0.0003663184284190758
0.0019570209010325228
0.000558451055785487
0.0007961680971912753
0.0008213620912256413
0.001005178450215866
0.0008658602632107775
0.0005590712124271144
0.0005590712124271144
0.001970425153779321
0.00011711055259588066
0.0005268902425856792
0.0006450270682775355
0.00011711055259588066
0.00011711055259588066
0.0014384103622589043
0.0005758577372497758
0.0011484314269532168
0.0008765450105173091
0.0009768491424508687
0.000576682275819721
0.0005761872695743822
0.00037120267413133013
0
0
0.0008052682223982668
0.0008639101274828254
0.0009968193778647984
0
0
0.000733882837887196
0
0.0005283417308572651
0
0.0007565603483281548
0.0012710548120108138
0
0
0
0.0007832650747423049
0.0007978504386539089
0.0008916918169756864
0.00022904623602848793
0.00020823892323690253
0.001143865099211852
0.0009565488693326047
0.0012673219050739245
0
0.00020823892323690253
0.00020823892323690253
0
0
0.0007974555022918388
0.0008711039286957785
0
0
0.0026886174995493536
0.0011005435059364226
0.0011107415924779184
0.0007113800011171633
0.0011047698634861017
0.0011022301626505012
0
0.0017739901692812796
0.0011956860866657558
0.001790552318164611
0.001790552318164611
0
0
0
0.001346405955312547
0.000853656001340596
0.0011927117431665872
0
0
0
0.0010721071023047733
0.0006647765972311515
0.0010721071023047733
0.0010721071023047733
0.000332452317933491
0.0012020142302999201
