0.00014557225633222125
0
0.00039224490633280333
0
0
0
0
0.0001535224167938899
0.00014404646016724843
0.0002807897702541294
0.00014500339249348652
0.00016647092031890173
0.00014449520303381306
0
0.00014585836532658489
0.0001540322463224707
0.0003084486129599601
0.00029543286734938853
0.0003149946361552054
0
0.00010290174192757403
0.00034230966917973425
0.000264856303633713
0.00025930376058059537
0.0002792051778712054
0.00010301601371205774
0.00010301601371205774
0
7.552690441498716e-05
0.00022653460402370694
0.0002773271161366457
7.552690441498716e-05
7.552690441498716e-05
0
0.00010610914537913412
0.00024688202354679437
0.00022612046397978792
0.00020999642410347028
0.00010626107714514088
0.0001061698659201236
0
0.0001619658146620829
0.00022543358529212147
0.0002596666769704912
0.00022286106990440356
0.0002571473883512349
0.0001619658146620829
0.0001619658146620829
0
0
0.0006814759988812341
0
0.00024396034279476132
0
0
0
0
0.0001443265971959673
0.00014701413684264342
0.00014376740852027584
0.00029543286734938853
0.00013429738740167643
0.00036885057792329217
0.0003084486129599601
0
0
0.00013429738740167643
0.00013429738740167643
0
0
0.0002571473883512349
0.0002808960495010083
0
0
0
0.0002839048824719449
0.00028653566130566174
0.00018351319554442728
0.0002849951469975668
0.00028433998574010113
0
0.00038136041252911815
0.0003084486129599601
0.00038492083131829043
0.00038492083131829043
0
0
0.000336108407056913
0.0002894412491348143
0
0.0003076813278530945
0
0
0
0.0002304743362675975
0.00021436376741238125
0.0002304743362675975
0.0002304743362675975
0.0001429367031551741
0.00025840089233344844
