0.9675840262617057
0.00037959357640710305
0
0.0020456321908281306
0
0
0
0
0.0004003243799179585
0.0003756149170270596
0.0014643723439450712
0.0003781102095590878
0.0008681776817063307
0.00037678505695549287
0.00043702982215975864
0.00038033963296450697
0.00040165380915803476
0.00040215462438142384
0.00038518472383029687
0.0004106893150516578
0
0
0.0008926051902783263
0.0006906381343766636
0.0006761593474924568
0.0007280541958327357
0
0
0
0
0.0011814212774868202
0.0007231569703002285
0
0
0
0
0.0006437684805467104
0.0005896307289833673
0.0005475857534022104
0
0
0
0
0.0005878396271334786
0.0013542113733543816
0.0005811315473043278
0.0006705364007357628
0
0
0
0
0
0.001278182333238713
0.0006361499186467493
0
0
0
0
0
0
0
0
0
0
0.0008043092487628477
0
0.0011615654576971257
0
0
0
0
0
0.0007324633052700271
0
0
0
0
0.0007471691322484214
0
0
0
0
0
0.0008043092487628477
0
0
0
0
0
0.000754745730313343
0
0.0008023084794873182
0
0
0
0
0.0005589740186376116
0
0
0
0.0006738050322156725
