0
0.0011547335410462846
0.0026170705200879857
0.0023714068122636343
0
0
0
0.001536459688872508
0
0
0
0.0016660489313615305
0
0
0
0.0015415620871751148
0
0.0004927843773891788
0.0005254135636679191
0.008420913986405558
0
0
0
0
0
0
0
0
0
0
0
0
0
0.003094685890004043
0.00035398180040080565
0
0
0
0.0003544886471940485
0.0003541843650934527
0.0015972572335504738
0
0
0.003465008694196269
0
0.0008578477865569073
0
0
0.006315685489804169
0
0.01250378137375371
0
0.0016277111847490036
0.01823084471283678
0
0
0
0
0
0.0004796103665252295
0.0019711375095567154
0
0
0.0010289894896106544
0
0
0
0
0
0
0
0
0
0
0
0.0018942224269343799
0
0
0.001901496706607707
0.0018971254498109076
0.00522309854853003
0
0
0
0
0.0031418130862985207
0
0
0
0
0
0
0
0.001607629033768334
0
0
0
0
0
0
