1.3862943611198906
0.0016315743755824527
0
0
0
0
0
0
0.002867799671327866
0.0010763154977638902
0
0
0
0.002159337011090172
0.0006261492145979632
0.001634781086226286
0.004603717263992995
0.0023047287799166927
0
0
0
0
0
0
0
0
0
0
0
0
0
0
0
0
0
0
0
0
0
0
0
0.014310135340592419
0
0
0
0
0
0
0
0.02829172165550797
0.01575334501272603
0.0025459951535718836
0.005493901034821231
0.003645744539434295
0.004083341269867129
0.01575334501272603
0.01575334501272603
0
0
0
0
0.008829900389298666
0
0
0
0.0030535118086341207
0.003328437841824467
0
0
0
0
0
0
0
0
0
0
0.004281990304617423
0
0
0
0
0
0
0
0
0.010555540820709827
0
0.0025114028281157438
0
0
0
0
0
0.0162034405845182
0
0.0032034531741649695
0
0
0
0
