0.0006951576468936349
0
0
0
0
0
0
0
0
0
0.0006924411261945586
0
0
0
0.0006965239158537247
0
0
0
0.0037605196136075458
0
0
0.0016346465331474865
0
0
0
0
0
0
0
0
0
0
0
0
0
0
0
0
0
0
0
0
0
0.002479995580030616
0.001064238343502628
0
0
0
0
0.010067936601885655
0.0016271412689916212
0.0023407620104780387
0.002329989272757233
0.005219313231021724
0.010067936601885655
0.010067936601885655
0
0
0
0
0
0.0012826325312572389
0
0
0
0
0.0012826325312572389
0.0012826325312572389
0
0
0
0
0
0
0
0
0
0
0
0
0
0
0
0
0
0
0
0
0
0
0
0
0
0
0
0
0
0
0
0
