0
0
0.005811569123937559
0
0
0
0
0.00075820499120741
0
0
0
0
0.0007136220653225507
0.0008277242383687037
0
0.00076072289902379
0
0
0
0
0
0.0016905733060408766
0
0
0.004136752739838172
0.001017535515684792
0.001017535515684792
0
0
0
0
0
0
0
0
0
0
0
0
0
0.004729242487092413
0
0
0.0012824222979344367
0
0.0012699802243578034
0
0
0.004674952713643648
0
0
0
0
0
0
0
0
0
0
0
0.0014590616749588458
0
0
0
0
0
0
0
0
0
0
0
0
0
0
0
0
0
0
0
0
0
0
0
0
0.004651221989208909
0
0
0
0
0
0
0
0.0023799759269458576
0
0
0
0
0
0
