0.00034032976371311223
0
0
0
0
0
0
0.00035891624646451094
0.0003367626427425167
0.0003282257161198347
0.0003389998310686687
0.0003891882313614729
0.00033781174754856817
0.0003918250079967132
0.00034099865082732825
0.00036010816426098924
0.00036055717693463135
0.0003453425826850012
0.0003682090694841779
0
0
0.0008002772764803718
0.0006192009762346346
0.0006062198236930279
0.0006527468530509578
0
0
0
0
0
0.000648356179151512
0
0
0
0
0.0005771793530969548
0.0005286414184672292
0.0004909454259789039
0
0
0.0011193555712319008
0
0
0.000607068276910233
0.0005210213619848186
0.0006011784945978677
0
0
0
0
0
0.0011459716878530028
0.0005703488282082335
0
0
0
0
0
0
0
0.0013813703307400049
0.0003139705275804282
0
0.0007211143538692627
0
0.0010414172481449256
0.0003139705275804282
0.0003139705275804282
0
0
0
0.0006566998998521749
0
0
0
0
0.0006698846082661954
0
0
0
0
0
0.0007211143538692627
0
0
0
0
0.003143117998930156
0.0006766775099100804
0
0.0007193205370685929
0
0
0.0011266241139022378
0
0.0005011557294654667
0
0
0
0.0006041090304350439
