0.49429632181478017
0.00038783548200453525
0
0.0005225119680917339
0.0018938556391370886
0
0
0
0.0008180328039963262
0.00019188521809579973
0.0003740418628942718
0.0005794798614475735
0.000665270958027968
0.0001924829913608957
0.00022325940461372185
0.0001942988686378853
0.0004103746964008138
0.00020544319277422286
0.0003935480269225957
0.00041960638524174887
0
0.00013707607371458131
0.0004559929168033027
0.0007056335786078232
0.0006908404218235921
0.0007438620343337549
0
0
0.003385591245306713
0
0.000603536412472259
0.0007388584780489988
0
0
0
0.0001413486765269603
0.000657746269879947
0.00030121652761412566
0.0005594751803223319
0
0.00014142956275101006
0.0006378017055674583
0
0
0.0006918073083481877
0.0002968746677566247
0.00034254769356533625
0
0
0
0
0.00045389928541302125
0.0006529674000195246
0.0006499622903547406
0.0007279769098892197
0
0
0
0.00019225839043748744
0.00019583847932439784
0.00019151349159813257
0.0007870960538451914
0
0
0.0008217727710968914
0.0010887584180942296
0.0005933929433550782
0
0
0
0
0
0.0007483668763282062
0
0
0
0.0003781915239592809
0.0007633920028027492
0.00024445911068980225
0
0.0003787711278274178
0
0.0005080126637356426
0.0008217727710968914
0.0005127555205547513
0.0005127555205547513
0.0012545591924232999
0
0
0.0007711331073553513
0
0.000819728560223516
0
0
0.0006419432750841301
0.00030701634895327965
0.0008566660690030852
0.00030701634895327965
0.00030701634895327965
0
0.0003442174942999862
