0.9416085398584451
0.0011082093446745137
0.0008783661752410868
0.009953578645438109
0.010823086665039599
0
0
0.03621571307147866
0.001558309540518734
0
0.00035626505480834095
0
0.0012673062447623757
0.0007333399843134307
0.0008505948869543316
0.0011103874290783549
0.0007817422497787007
0.0003913584953692623
0.0014993766558255494
0
0
0.0005222454463995813
0
0
0
0
0
0
0
0
0
0
0
0
0.011770106748230563
0
0
0
0
0
0
0.006074893805538355
0
0
0
0
0.0006525353706572731
0
0
0.007206187805039121
0.010700097043845967
0.001729308613146823
0.0024877372255176886
0.008047936238106368
0.005547031162641797
0.010700097043845967
0.010700097043845967
0
0.000732484278380743
0
0
0.0037484416395638736
0.0006815841765171516
0
0
0
0.0011303824007904502
0.0006815841765171516
0.0006815841765171516
0
0
0
0.0014255996061445042
0
0
0
0
0.0014542216831790657
0.0009313635409084521
0
0
0
0
0
0
0
0.007169608171511003
0
0.001705812572207328
0
0
0.0007807699335476327
0
0
0.004891472934329585
0
0
0
0
0
0
