0.0006515226390041784
0
0
0
0
0
0
0
0
0.0006283508160505679
0.0006489766341624271
0
0.0006467021833417644
0
0.0006528031473355546
0
0
0
0
0
0
0
0.0011853898692517136
0
0.0012496096364346507
0
0
0
0
0
0
0
0
0
0
0.001104944249382336
0.0010120238920302564
0
0
0
0.0021428789765440656
0
0
0
0.0009974361602532438
0
0
0
0
0
0
0
0
0
0
0
0
0
0
0
0.0013222382219917604
0
0
0
0
0
0
0
0
0
0
0
0
0
0.015520852400202343
0.0012706436165429616
0.01538901504390719
0.0008213309628198075
0.0012755232003238486
0.001272590963081725
0
0
0
0
0
0
0
0
0
0
0
0
0
0.0021567937750930533
0
0
0
0
0
0
