0.0010566411192840573
0
0
0
0
0
0
0.0011143476264191402
0.0007841745573723978
0.0007642957471779404
0.0007893840014815539
0.0012083347748116026
0.0007866174687660812
0.0006082606623882253
0.0010587178510436566
0.0008385361809013269
0.0008395817372366153
0.0008041535269869811
0.0008573996858197354
0
0.000186728938786402
0.0018634996861543326
0.0009612341945235768
0.001411623801391542
0.0010133100876806103
0.00018693630018427695
0.00018693630018427695
0
0
0
0.0015097411508156178
0
0
0
0.00019254920024700187
0.0013440011043188932
0.0012309772454547816
0.000762133054061987
0.00019282490070554568
0
0
0
0
0.0014135994820093046
0.001213233429304082
0.0013998847261200947
0
0
0
0
0
0.0008894908233339043
0.0008853971772041625
0.000991670917914235
0
0
0
0.00026189986513565366
0.00026677676436757746
0
0
0
0
0.0011194423163154873
0.0014831377825193074
0.000808336798635973
0
0
0
0
0
0.0010194467119814768
0
0
0
0.00051518328482308
0.0015598715519623912
0
0.0005171617152563483
0
0
0
0.0016791634744732307
0.0006984902004810846
0.0006984902004810846
0
0
0
0.001050459521472333
0
0.0016749864509048892
0
0
0
0.00041822643059861216
0.001166974962328883
0.00041822643059861216
0.00041822643059861216
0
0.0014067086767348862
