0.9162907318741551
0.00035947066766345824
0
0
0
0
0
0
0.000379102495603705
0.0003557029238641906
0.0003466858614733845
0.00035806593664484374
0.00041107704435807763
0.00035681103266127533
0.00041386211918435187
0.0003601771744788346
0.000380361449511895
0.0003808357156584186
0.00036476541873971144
0.00038891796768852086
0
0
0.0008452866530204383
0.0006540262183255926
0.0006403149768512613
0.0006894587899730286
0
0
0
0
0
0.0006848211747938379
0
0
0
0
0.0006096412055050933
0.0005583733893200215
0.0005185572902513611
0
0
0.0023646212435462065
0
0
0.0006412111489672184
0.0005503247638883814
0.0006349901121789017
0
0
0
0
0
0.0012104236880768231
0.0006024265166825477
0
0
0
0
0
0
0
0.0014590616749588458
0
0
0.0007616714313168372
0
0.0010999888737985054
0
0
0
0
0
0.0006936341649312302
0
0
0
0
0.0007075604107136333
0
0
0
0.007732411239444346
0
0.0007616714313168372
0
0
0.0023256109946044544
0
0
0.0007147353602762521
0
0.0007597767262638103
0
0
0.0023799759269458576
0
0.0005293418439480965
0
0
0
0.0006380854678789381
