1.5606477482646683
0.0006122588263101877
0
0
0.0029897466441851884
0
0
0
0.0006456962135972976
0.0012116830343669785
0
0
0.0007001560108858987
0
0
0.000613462165198376
0.0012956809865211029
0.000648648274424218
0.0006212769698505845
0.0006624141546114891
0
0
0
0
0.0021811988095942255
0
0
0
0
0.00031765677758287573
0
0
0.00031765677758287573
0.00031765677758287573
0
0.00044628188397617056
0
0.001902069163028237
0
0.00044692089011015703
0.00044653726702851746
0
0
0
0
0
0
0
0
0
0
0
0.0020616218603232077
0
0
0
0
0
0
0
0
0
0
0
0.001297296548848436
0
0
0
0
0
0
0
0
0
0
0
0
0
0
0
0
0
0
0
0
0
0
0
0
0
0
0
0
0
0
0
0
0
0
0
0.002173604106218201
