0.0002687252325984903
0.00031948722849512676
0.0018102024785770397
0.0006561117029631722
0
0
0
0.000991904080524382
0.00013295431247933845
0.0002591678463464063
0.0004015126716843797
0.00046095600127426097
0.0001333685003686822
0.00030938600627531694
0.00013462669376838676
0.0002843423071372154
0.00014234842433365582
0.0002726833669958407
0.000290738802161949
0
9.497790042894508e-05
0.0003159504695080958
0.0004889226394672033
0.000478672688954264
0.0005154105477001895
0
0
0.00703747210164608
0.00020913310133122894
0.0025090865124305925
0.0005119436606080358
0.00020913310133122894
0.00020913310133122894
0
9.793832111717927e-05
0.0004557422607408861
0.000208708293081521
0.000387651736215932
0
9.799436593613045e-05
0.0008838459585723249
0.0001494938057384443
0.0006242229203161164
0.00047934262973656525
0.00020569988525331886
0.00023734602144613714
0.0001494938057384443
0.0001494938057384443
0.000873699767721367
0
0.0003144998245608594
0.0004524310554118572
0.000450348861205491
0.0005044039896123356
0
0
0
0.00013321287784783193
0.00013569346630220916
0.00013269674891390002
0.000818050100987522
0
0
0.0005693936973346233
0.0007543839404114007
0.0004111528318688786
0
0
0
0
0
0.0007777978250116031
0
0
0
0.0005240861651825186
0.0005289425620799628
0.00033876390598098507
0.00026304939243223954
0.0005248893623705378
0
0.0003519941510244357
0.0005693936973346233
0.00035528040347175923
0.00035528040347175923
0.0017385294870394714
0
0
0.0005343062542071388
0
0.0005679772951024476
0
0
0.0008895852180435738
0.00021272689996694157
0.0011871414521552024
0.00021272689996694157
0.00021272689996694157
0
0.0002385030006593147
