0.0006727337889729018
0.0023994380990092256
0
0
0
0
0
0
0
0
0
0
0
0
0.0006740559858851913
0
0
0
0
0
0.00047554032947640784
0
0
0
0
0
0
0
0
0
0
0
0
0
0
0
0
0
0
0
0
0
0
0
0
0
0
0
0
0
0.004723962611823489
0.0022652555192759927
0
0
0
0
0
0.000666977218238789
0
0
0
0
0
0
0
0
0
0
0
0
0
0
0
0
0
0.001312011039090992
0
0
0.001317049483941572
0.0013140217839784879
0
0
0
0
0
0.008704560548689982
0.019053315867688075
0.017085853903089847
0.0013375962777628133
0.005088422635287616
0.0014218892438573189
0.019053315867688075
0.019053315867688075
0
0
0
0
0
0
0
