0.0008237129262445489
0
0.006658491275890133
0
0
0
0
0.0004343492447243184
0
0.00039720852232261736
0
0.0009419669129642688
0.0012264277155358382
0.0014225232039277475
0.0008253318588826083
0.00043579166645856275
0.0004363350475888103
0.00041792282026221247
0.0008911902584878417
0.014283294210866361
0.0002911320367439483
0.012590117729227685
0.000749337704852732
0.0007336283190067628
0.005529537149353456
0.00029145533717342523
0.00029145533717342523
0
0
0
0
0
0
0.010498221244986776
0
0
0
0
0
0
0.0013546091929015195
0
0
0.0014693101812437753
0.0006305237984977043
0.0014550549196100868
0
0
0.0026781176645374427
0
0
0
0
0
0
0
0.010394278460382947
0.0004083322148964129
0.00041593586549075977
0.00040675014509828657
0.0008358456405244249
0
0
0
0
0
0
0
0.0055841602366950936
0
0
0
0
0
0
0
0
0
0
0
0.004429629217293998
0
0
0
0
0.002664523158626085
0
0
0
0
0
0
0
0.001363405356491789
0
0
0
0
0
0
