0.00013680140223207356
0.00016264308502311357
0.0003686118121454075
0.0006680206404014472
0
0.007925153961126261
0.006705899505568375
0.00014427255866344868
0.0001353675366030883
0.00013193597211106907
0.00013626681293065865
0.00015644090367409398
0.00013578924232459326
0
0.00013707027291256114
0.00014475167052285407
0.00014493215889008958
0.0001388163910388358
0.00014800796871373322
0.0023721549271398332
9.670182315295495e-05
0.00032168521613427627
0.0002488984827191688
0.00024368048517788642
0.0002623828248980854
9.680920996378554e-05
9.680920996378554e-05
0.0023884025636270925
7.09763432301151e-05
0.00021288569858947222
0.00026061791800415207
7.09763432301151e-05
7.09763432301151e-05
0.0008717669357238887
9.97159777779684e-05
0.00023200716852265834
0.00021249651084067977
0.00019734395828497765
9.985875552392769e-05
9.977303985395008e-05
0.000449944224889749
0.00015220723452184873
0.0002118510171868502
0.00024402153554202623
0.0002094334980718051
0.00024165403623669819
0.00015220723452184873
0.00015220723452184873
0.0008895580976774374
0
0.0003202082408535863
0
0.00022926152155789317
0
0
0
0.003452542319698569
0.00013563079513401614
0.00013815640819712975
0.0001351052980587197
0.0002776327820776716
0.00012620585388691837
0.0003466270122162579
0.00028986431778017915
0
0
0.00012620585388691837
0.00012620585388691837
0.0018548232674976356
0
0.00024165403623669819
0.00026397182005265366
0
0
0.003258941815790238
0.00026679936823990473
0.0002692716403780351
0.00017245636710660507
0.00026782394338675537
0.0002672082561605789
0.001471336600377871
0.0003583831184887518
0.00028986431778017915
0.0003617290189725679
0.0003617290189725679
0.0008850425743389732
0
0.00031585758540720606
0.0002720021640324146
0
0.000289143262263313
0
0
0.0004528659406357863
0.00021658805856494132
0.0002014481653896912
0.00021658805856494132
0.00021658805856494132
0.00013432464340891969
0.00024283201552197458
