1.5606477482646683
0
0.0007279140616906103
0
0
0
0
0
0
0
0
0.000609866255672008
0
0
0.0021146988458870843
0
0
0
0
0
0
0
0
0
0
0
0
0
0
0.00031765677758287573
0.0009527764030919831
0
0.00031765677758287573
0.00031765677758287573
0
0
0
0
0
0
0
0.004027478060037854
0.0027248323845738423
0.0009481456550818155
0
0
0
0.0027248323845738423
0.0027248323845738423
0.003981244255777215
0
0.001433101697212735
0
0
0
0
0
0
0
0
0
0.002485107879402338
0.0011296762564347942
0.0015513397100046403
0
0
0
0.0011296762564347942
0.0011296762564347942
0
0
0
0
0
0
0
0
0
0
0
0
0
0
0
0
0
0
0
0
0
0
0
0
0
0.0020268152574865824
0
0
0
0
0.0006011740170511049
0
