1.8971199848858813
0.000744260488382064
0.000884850739219161
0
0.003634329472961458
0
0
0
0
0
0
0
0
0
0
0.0007457232644991673
0
0
0
0
0
0
0
0
0
0
0
0
0
0
0
0
0
0
0.0047427999622147035
0
0
0
0
0
0
0
0
0
0
0
0
0
0
0
0
0.001742075284560038
0
0
0
0
0
0
0
0
0
0
0.0006866159916344123
0.0018858051539621084
0.0015769908436291614
0.004178678380805907
0.002277454963848597
0.0006866159916344123
0.0006866159916344123
0
0
0
0.001436124136931023
0
0
0
0
0
0
0
0
0
0
0
0
0
0
0
0
0
0
0
0
0
0
0
0
0
0
0.0007307858185230668
0
