0.002962600090075916
0.002515880740139762
0.002280781525099218
0
0
0
0
0.002231712166677555
0
0
0.0004215747015912193
0
0.004200972201604089
0.002436336181960095
0.002968422810378738
0.001343474049031046
0.0008967661358037656
0.0034356995585093316
0.0004578988375941978
0
0
0
0
0
0
0
0
0
0
0
0
0
0
0
0
0
0
0.003052658917294652
0
0
0.005568049865145445
0.0004708902930475469
0.0019662387509816466
0.0007549402808760882
0
0
0.0004708902930475469
0.0004708902930475469
0.005504130925366989
0
0
0.0014251118380078337
0
0.0015888212980440795
0
0
0
0
0
0
0.005153549337763997
0.0003904486649916504
0.0032171262267552585
0
0
0
0.0003904486649916504
0.0003904486649916504
0.005738349262616649
0
0
0
0
0
0
0
0
0
0
0
0.00455193949945962
0.002217491595831305
0
0.002238194318199025
0.002238194318199025
0
0
0
0
0
0
0
0
0.0070052575413761696
0
0
0
0
0.00041556612533587446
0
