1.6607312068216509
0.0013030452780083569
0.0007745947793011431
0
0.006362954815408624
0
0
0
0
0.0006446937914680322
0
0.0012979532683248542
0.0022351698611327736
0
0
0.0013056062946711093
0.0013787722763151937
0.0013804914437420207
0.0013222382219917604
0.0014097888003579378
0
0
0.0030640797173831194
0
0
0.0024992192728693014
0
0
0
0
0
0
0
0
0
0
0
0
0
0
0
0.004285757953088131
0
0
0
0
0
0
0
0
0
0.0015250056995607447
0
0
0
0
0
0
0
0
0
0.0013222382219917604
0
0.0016508262493256966
0
0
0.007974699672612969
0
0
0
0
0
0
0
0
0
0
0
0
0
0
0
0
0
0
0
0
0
0
0
0
0
0
0
0
0
0
0
0
0.0006397269671886175
0
