0.0004008047263758263
0
0
0
0
0
0
0.0004226939377459583
0.0003966037451599306
0.0003865498477230349
0.0003992384710949517
0.00045834510880752856
0.0003978392708457871
0.00046145042797289125
0.0004015924715141436
0.00042409765360397727
0.00042462645367081516
0.0004067082991767441
0.00043363805073513633
0
0
0.0009424827006752594
0.0007292300125139053
0.0007139421715806996
0.0007687368303476157
0
0
0
0
0
0.0007635659548071609
0
0
0
0
0.0006797413489900074
0.0006225784567531878
0.0005781840676468484
0
0
0
0
0
0.0007149413908551302
0.0006136043528720608
0.0007080050225446856
0
0
0
0
0
0.0013496053468057877
0.0006716970726705991
0
0
0
0
0.00039737504765926927
0
0
0
0
0
0.0008492529073416303
0
0.0012264720858727264
0
0
0
0
0
0.0007733923145586535
0
0
0
0
0.0007889198822640781
0
0
0
0
0
0.0008492529073416303
0
0
0
0
0
0.0007969198498689402
0
0.0008471403379203825
0
0
0
0
0.0005902086929705264
0
0
0
0.0007114563005097362
