0.0395646597826624
0.06845371525556386
0.11177591779632337
0.08841392722560572
0.28553771634167524
0.37983616657832636
0.3859647514855139
0.0579180929588405
0.05564036376599605
0.0759837730908382
0.053281640159534675
0.05464176043241418
0.04273109784202531
0.0616684908920716
0.039641462538463304
0.05050408531629998
0.04965752033807345
0.0552125696938733
0.05843139850807061
0.09665746168342557
0.0770461749938823
0.06439411533963474
0.04973770052631829
0.07911365599272781
0.06633478671734476
0.07760852749528985
0.07760852749528985
0.12151445113101578
0.070874337921361
0.06902993542145086
0.07083478872147855
0.070874337921361
0.070874337921361
0.1421475713162283
0.05253502101520071
0.06400341898999957
0.0701647863881331
0.06659646711369384
0.05260947316468333
0.05256348529423423
0.08318036753849974
0.06019649201345618
0.07018191152094261
0.06163547334166446
0.05442783959390881
0.07127146962257926
0.06019649201345618
0.06019649201345618
0.09903088089421136
0.20026117325250886
0.09537160084719501
0.07786677972570002
0.06931958132808656
0.10360675257155924
0.20026117325250886
0.20026117325250886
0.08814870163946205
0.09188662930944351
0.09331542737211
0.09161463896949887
0.07622801222375114
0.07116389529018997
0.08168218796203404
0.058271636144652854
0.08598470101526658
0.09272956815998933
0.07116389529018997
0.07116389529018997
0.11292203660310629
0.21169428729625603
0.08754532051937512
0.060883213190829406
0.21169428729625603
0.21169428729625603
0.09568617567820491
0.07366195801813015
0.07891996587117253
0.0687118641706411
0.07395030902389595
0.07377873853483975
0.1265007559950243
0.06322648056227954
0.06849304909789168
0.06403666096088478
0.06403666096088478
0.09968943056364671
0.18057213191955016
0.11055374848800828
0.06471243193777108
0.12842400123350364
0.06446999818742503
0.18057213191955016
0.18057213191955016
0.0858962248152614
0.07917863187927338
0.06802117254532057
0.07917863187927338
0.07917863187927338
0.09079355667983086
0.06177686619812078
