0.0008698804429357483
0.0005171001047209007
0.008203634642337502
0.006371624278859834
0
0
0
0
0
0
0.0008664811446046199
0
0.0004317222058105962
0.0015022528787555706
0.0008715901136176189
0.00046021694666733545
0
0
0
0
0
0.0010227514986361726
0
0
0
0
0
0
0
0
0
0
0
0
0
0
0
0
0
0
0.0014305324187375628
0
0.000673549589624308
0
0
0
0
0
0.002828220980922477
0
0
0.0029290954412724206
0.0014578075273130981
0
0
0
0
0
0
0
0.0026480795171694533
0.0004012532119151687
0
0
0.002441988159739232
0.005323710081736427
0.0004012532119151687
0.0004012532119151687
0.011794283239591608
0
0.006914735703876993
0
0
0
0
0
0
0
0
0
0
0
0
0
0
0.008441593587728004
0.01231847360579568
0.010042233917768217
0.01297187158176612
0.009869400218293274
0.002757867225178137
0.01231847360579568
0.01231847360579568
0.0014398215902878067
0
0
0
0
0.000427065725932824
0
