0.43078291609245434
0.00016900075170359134
0.0008036994703217432
0.004553730614085141
0
0
0
0
0.0017823041625670431
0.000334458785786067
0
0
0
0
0
0.00016933290726904652
0.0014305783846988937
0.001611407416804692
0.00017149001436801527
0.00036569008157254186
0.0029304960278398254
0.00011946281644272167
0.0003974012141074302
0.000307482452599896
0.00030103627958941604
0.00032414064416287007
0.00011959547920390183
0.00011959547920390183
0
0
0
0.0003219603259285907
0
0
0
0.00012318642153058462
0.00028661537996836617
0.00026251244125073393
0.00024379338771502793
0.00012336280529566277
0.0001232569144756665
0.0005558489239902637
0.00018803270017130264
0
0.00030145760398352296
0.0002587284781336062
0.00029853285938493025
0.00018803270017130264
0.00018803270017130264
0.0010989360104399345
0
0
0.002276263757423801
0.0045315757116891975
0
0
0
0
0.0001675546153607368
0.00017067468941856352
0.0001669054304891338
0.0006859600574720611
0.00015591129789810146
0.0017128545371469356
0.0017904526853385469
0
0
0.00015591129789810146
0.00015591129789810146
0.0022913984898534803
0
0.00029853285938493025
0.000978310937378776
0
0
0
0.0003295967223354662
0.0003326509004574937
0.00021304793080734636
0.0003308624547561093
0.0003301018514118424
0.0018176494349892588
0.0004427368099614125
0.00035809053706770935
0.000446870244909185
0.000446870244909185
0
0
0
0.00033602411551673505
0
0.0003571997645874414
0
0
0.0011189166651752061
0.00026756702862885365
0.00024886361414930925
0.00026756702862885365
0.00026756702862885365
0
0.0002999881031284501
