0.0006313997302605336
0.0007506706681129199
0
0
0
0
0
0.0006658824627364916
0
0
0.0006289323612481831
0
0.0006267281590475468
0.0021808101794500005
0.0006326406888498823
0.0006680937785114572
0
0
0.000683123052815832
0
0
0.0014847213214336718
0.0011487779532006427
0
0
0
0
0
0
0
0
0
0
0.00402359478108525
0.0013807016692314272
0.0021416339486814377
0.0009807665523669106
0.002732492211263328
0.0013826786189296393
0.0013814917703296997
0
0
0
0
0.0009666293768372975
0
0
0
0
0
0
0
0
0
0
0
0
0
0
0
0
0
0
0.0013378536262960102
0
0
0
0
0
0
0
0
0
0
0
0
0
0
0
0
0
0
0
0
0
0
0
0
0
0
0
0
0
0
0
0
0
0
0
0
