0.0007189413353269165
0
0
0.0035106924592879503
0
0.08329915744310501
0.0704839024518581
0
0
0
0.001432263746579375
0.002466462266148466
0
0
0.0007203543489576692
0.00076072289902379
0.0007616714313168372
0.0007295308374794229
0.0007778359353770417
0
0
0.003381146612081753
0
0
0.0027578351598921145
0
0
0
0
0
0
0
0
0
0
0
0
0
0
0
0.004729242487092413
0
0
0
0
0
0
0
0
0
0.0016828112614768688
0
0
0
0
0
0
0
0
0
0.0014590616749588458
0
0
0
0
0
0
0
0
0
0
0
0
0
0
0
0
0
0
0
0
0
0
0
0
0
0
0
0
0
0
0
0
0
0
0
0
0
0
0
