0.0004993980681886574
0
0.0013456296784491411
0.0024386315628599376
0
0
0
0
0
0
0
0
0
0
0.0005003795895490911
0
0.0005290796657576424
0.0005067538518363406
0
0
0
0.0011743225791631803
0
0
0
0
0
0
0
0
0
0
0
0
0.00036401649294048833
0
0
0
0.0003645377078501969
0.00036422479994646287
0.001642536355887597
0
0
0.0008908087304498862
0
0.0017643321910088532
0
0
0.003247361417890019
0
0
0.001681592702526932
0
0
0
0
0
0
0
0
0.0010135077036726812
0
0
0
0
0
0
0
0.013542188040562633
0
0.0061751626685309854
0
0
0
0
0
0
0
0
0
0
0
0
0
0
0.012923509399115608
0.00707203153229382
0.0034591458581871943
0.0009929529452518623
0.026441423533205378
0.001055527094372212
0.00707203153229382
0.00707203153229382
0.0016532021763803735
0
0
0
0
0.0004903565777399413
0
