1.7719568419318754
0.0006951576468936349
0
0
0
0
0
0
0.0007331224004682976
0
0
0
0.0015899119263632798
0.0006900143465466804
0.0008003418436910006
0.0006965239158537247
0.0007355570120099109
0
0
0
0
0
0
0
0
0
0
0
0
0
0
0
0
0
0
0.000506707704298506
0
0
0
0.0005074332307937788
0.0005069976657888056
0
0
0
0
0.002128476687005256
0
0
0
0
0
0.0032542825379832424
0
0
0
0
0
0
0
0
0
0
0
0
0
0
0
0
0
0
0
0
0
0
0
0
0
0
0
0
0
0
0.0018211272784500261
0
0.0018381295040787089
0.0018381295040787089
0
0
0
0
0
0.001469284280208852
0
0
0
0
0
0
0
0.0013651439460183941
0
