1.3862943611198906
0.0005438581251941509
0.0019397775575371603
0.0058617097721771275
0.0026557363239844644
0
0
0
0.002867799671327866
0.0005381577488819451
0.0015735463803858009
0
0
0.000539834252772543
0
0.0005449270287420954
0.0005754646579991244
0.0011523643899583463
0.0005518687743311666
0
0
0
0
0
0
0
0
0
0
0
0
0
0
0
0.0034657359027997266
0
0
0
0
0
0
0.0017887669175740523
0
0.0016844402929767806
0
0.0033304369035913285
0
0
0
0.003536465206938496
0
0
0
0
0
0
0
0
0
0
0
0.0022074750973246665
0.000501735201273938
0
0.0023047287799166927
0
0
0.000501735201273938
0.000501735201273938
0
0
0
0
0
0
0
0
0
0
0
0
0
0
0
0
0
0
0
0
0.0010813528557877463
0
0
0
0
0.0036007645743373782
0
0
0
0
0
0.0009653860453481132
