0
0.0016529448152349585
0.0037462089681435
0.003394553337034244
0
0
0
0
0
0
0
0
0
0
0
0.0007355570120099109
0
0.0007053968319792498
0
0
0
0
0
0.0012382647392955104
0
0
0
0
0
0
0
0
0
0
0.000506707704298506
0
0
0
0.0005074332307937788
0.0005069976657888056
0.0022863959250733878
0
0
0
0
0
0
0
0.004520298066152743
0
0.0016271412689916212
0
0
0
0
0
0
0
0
0
0.0014107936639584995
0.0012826325312572389
0
0
0
0
0.0012826325312572389
0.0012826325312572389
0
0
0
0
0
0
0
0
0
0
0
0
0
0
0
0
0
0
0
0
0
0
0
0
0
0.0023012426518595783
0
0
0
0
0
0
