1.0498221244986776
0.0016474258524890979
0.0014689675249515079
0.009987736913835199
0.004022306990416389
0.016663843246010755
0
0
0.0017373969788972736
0.0004075396446035239
0.00039720852232261736
0.00205123510062266
0.0014129503694464032
0.0004088092385119461
0.0023708720065462457
0.0016506637177652165
0.00043579166645856275
0.0004363350475888103
0.00041792282026221247
0.00044559512924392087
0
0
0
0
0
0
0
0
0
0
0
0
0
0
0
0
0
0
0
0
0
0.002709218385803039
0
0.001275604039488065
0
0
0.0007275274598050434
0
0
0
0
0
0
0.0006902183593022207
0
0
0
0
0
0
0
0.0016716912810488499
0.00037995733785692277
0
0
0.006937150602414169
0
0.00037995733785692277
0.00037995733785692277
0
0.01657613880787386
0.0029101098392201735
0.017483790112771316
0.01657613880787386
0.01657613880787386
0
0
0
0.0005191998637481096
0
0
0
0
0
0
0
0
0
0
0
0
0
0
0
0.001363405356491789
0
0.001819449089252474
0
0
0.0004043998938746832
0
