0.3424903089467759
0.0002687252325984903
0
0.00036204049571540795
0
0
0
0
0.00042510174879616374
0.0009306801873553693
0.0002591678463464063
0.00026767511445625317
0.00046095600127426097
0.0002667370007373644
0
0.0002692533875367735
0.0002843423071372154
0.0007117421216682791
0.0002726833669958407
0.000290738802161949
0
0.00018995580085789016
0.0006319009390161916
0.0004889226394672033
0.000478672688954264
0.0005154105477001895
0.00019016674566728258
0.00019016674566728258
0
0.00013942206755415261
0.0004181810854050988
0.0005119436606080358
0.00013942206755415261
0.00013942206755415261
0
0.00019587664223435854
0.0004557422607408861
0.000417416586163042
0.000387651736215932
0.00019615710707146386
0.0001959887318722609
0.00044192297928616244
0.0002989876114768886
0.0004161486135440776
0.0007190139446048479
0.0010284994262665943
0.0007120380643384115
0.0002989876114768886
0.0002989876114768886
0
0
0.0006289996491217188
0
0.000450348861205491
0
0
0
0
0.00026642575569566385
0.0002713869326044183
0.00026539349782780003
0.0002726833669958407
0.0002479119138232182
0.0006808952464150614
0.0005693936973346233
0
0
0.0002479119138232182
0.0002479119138232182
0
0
0.0004746920428922743
0.0007777978250116031
0
0
0
0.0005240861651825186
0.0005289425620799628
0.00033876390598098507
0.0005260987848644791
0.0005248893623705378
0
0.0007039883020488714
0.0005693936973346233
0.0007105608069435185
0.0007105608069435185
0
0
0.0006204534582369129
0.0005343062542071388
0
0.0005679772951024476
0
0
0.0004447926090217869
0.00042545379993388314
0.0005935707260776012
0.00042545379993388314
0.00042545379993388314
0.00026386002230106
0.001669521004615203
