0
0.0007062162932041864
0
0
0
0
0
0
0
0
0
0
0
0
0
0
0
0
0
0
0.0004198912181446965
0
0.0021614956925478596
0
0.0022785970393224613
0.00042035750489444076
0.00042035750489444076
0
0
0
0
0
0
0
0.0004329790485072278
0
0
0
0.0004335990070532003
0.0004332268190643135
0
0
0
0
0
0
0
0
0
0
0
0
0
0
0
0
0
0.000588925605845887
0.0005998921286171852
0.0005866438328670188
0
0
0
0
0
0
0
0
0
0
0
0
0
0
0
0.0011584756944374717
0
0.0007488267718248147
0.0011629245258293207
0.0011602511361147704
0
0.0015561436101025443
0
0.0015706719218151197
0.0015706719218151197
0
0
0
0
0
0
0
0
0
0.0009404520078445811
0
0.0009404520078445811
0.0009404520078445811
0
0
