0.001151775873017184
0
0.0007758659356027491
0.002812142433257473
0
0
0
0
0.00028492592200318344
0
0.0005736374951779606
0.0013171272769496646
0.0002858135416978974
0
0.0011540395834594348
0.0009140338419429645
0.0006101156900084792
0.0005843703623250005
0.0015576595396438891
0
0.0004070821825181368
0.0020312800048345033
0
0
0.0011045435290898428
0.00040753424490849564
0.00040753424490849564
0
0.0005975731122167316
0.0004480886294750919
0
0.0005975731122167316
0.0005975731122167316
0
0.00041977076069785565
0
0.00044726945464972615
0
0.00042037180703333367
0.00042001097286420636
0.0037882280004139382
0.001281482627813532
0.0017836431958206573
0
0
0
0.001281482627813532
0.001281482627813532
0
0
0.0006739845501195597
0
0
0
0
0
0
0
0
0
0.0017531110869750013
0.00026564211910249747
0.0007295916253282311
0
0.0016166721918066092
0
0.00026564211910249747
0.00026564211910249747
0.0039040913568095773
0.0019314978291584224
0.0045777703227455335
0.0005556163323847089
0.0019314978291584224
0.0019314978291584224
0
0
0
0
0
0
0.003096916350549369
0
0
0
0
0
0
0.0006648271513407613
0.0011450377146336981
0
0
0
0
0
0
0
0
0
0.0022618464563334377
0.0005111205954597496
