0.001361319054852449
0
0
0.003323756964385912
0
0
0
0.00035891624646451094
0.0006735252854850334
0.0003282257161198347
0.0003389998310686687
0.0003891882313614729
0.00033781174754856817
0
0.001363994603309313
0.0007202163285219785
0.0007211143538692627
0.0006906851653700024
0.0007364181389683558
0
0
0.0008002772764803718
0.0006192009762346346
0.0006062198236930279
0.0006527468530509578
0
0
0
0
0
0.000648356179151512
0
0
0
0
0.0005771793530969548
0.0005286414184672292
0.0004909454259789039
0
0
0
0
0
0.000607068276910233
0.0005210213619848186
0.0006011784945978677
0
0
0
0
0
0
0.0005703488282082335
0
0
0
0
0
0
0
0
0
0
0.0007211143538692627
0.0019107942019927823
0
0
0
0.03230055305283543
0.006848688692405709
0.016832997848740292
0.0013133997997043499
0.006848688692405709
0.006848688692405709
0
0
0.0006698846082661954
0
0
0
0
0
0.0007211143538692627
0.0008998968544654803
0.0008998968544654803
0
0
0
0.0013533550198201608
0
0.0007193205370685929
0
0
0
0
0.0005011557294654667
0
0
0.010693381420089037
0.0012082180608700879
