1.4696759700589417
0
0
0
0
0
0
0
0.0006080579106574024
0
0
0.001722949554582581
0
0
0
0
0
0
0
0
0
0.0004075640515970443
0
0
0
0
0.00040801664910020596
0.00040801664910020596
0
0.00059828046816973
0
0
0.00059828046816973
0.00059828046816973
0
0.0004202676494306382
0
0
0
0.0004208694072333739
0.0004205081459396114
0.003792712180797269
0
0.0017857545201202206
0
0.0008826882703056706
0
0
0
0.007498346786015008
0
0
0
0.0019325127811425926
0
0
0
0
0
0
0
0.003510372539949701
0
0
0
0
0
0
0
0
0
0
0
0
0
0
0
0
0.0007268427151626814
0
0
0
0
0
0
0
0
0
0
0
0
0
0
0
0.0038173401819712773
0.0009128422174279141
0.005094197469875014
0.0009128422174279141
0.0009128422174279141
0
0
