0.0006265262426188871
0.0007448765822926974
0
0
0
0
0
0.00033037140927503995
0.00030997969573671254
0.0003021217163139507
0.0009361168771603418
0.0003582358439738769
0.0003109453645707833
0.00036066291608752104
0.0006277576228127136
0.0003314685330916445
0.0003318818355019832
0.0003178772676026161
0.00033892516817392684
0
0
0.000736630716068055
0.000569955529063363
0.0005580067758335231
0.0006008334809765023
0
0
0
0
0
0.0005967920001627591
0
0
0
0
0.00053127591232054
0.00048659823048005586
0.00045190022423190245
0
0
0.0010303325112487375
0
0
0.0005587877510271319
0.00047958420193259556
0.00221346554738121
0
0
0
0
0
0.0010548318311991698
0.0005249886234173384
0
0
0
0
0
0
0
0.0006357545352052322
0.00028900025197892566
0.0007937452248685602
0.0013275273420079328
0.0017588275247087482
0.001917185345060676
0.00028900025197892566
0.00028900025197892566
0
0
0
0.0006044721394532715
0
0
0
0
0.0006166082596276228
0
0
0
0
0
0.0006637636710039664
0
0
0.0020266692797405368
0
0
0.0006228609174865614
0
0.0006621125175935088
0
0
0.0010370229821010022
0
0.00046129849579305116
0
0
0
0.0005560638553048549
