0.7765287894989963
0.0009139216824232989
0
0
0
0
0
0
0
0
0
0
0
0.0009071598008165844
0
0.0009157179121450428
0.0009670346070971311
0.000322746795302991
0.00030912770282603356
0.0003295962603985553
0
0.00021534353563477436
0.0007163549718625427
0.0005542675157023528
0.0005426476516415069
0.0005842955526704261
0.00021558267337562365
0.00021558267337562365
0
0
0
0.0005803653135269031
0
0
0
0.00022205570188704499
0.0005166525545568837
0.0004732046249232153
0.0004394616805314071
0.00022237365105927728
0.00022218277238884016
0
0
0
0.0005434071305101443
0.0004663836573567545
0.0005381349892577936
0
0
0
0
0
0
0.0005105383231420094
0
0
0
0
0.00030203375709801487
0.0003076579990091111
0.00030086353719449685
0
0
0
0.000645493590605982
0
0
0
0
0
0
0
0.0005878340571529116
0
0
0
0.0005941306729143047
0.0005996361308872559
0.0003840399552418379
0.0005964122807211953
0.0005950412180068937
0
0.0007980768648499448
0.000645493590605982
0.0008055277899367181
0.0008055277899367181
0
0
0
0.0006057166844765962
0
0.0006438878851567133
0
0
0
0.01157558443973659
0.0013458037946256433
0.01157558443973659
0.01157558443973659
0
0.0005407582099575183
