0.9416085398584451
0.00036940311489150454
0
0
0
0
0
0
0.0003895773851296835
0.00036553126547299883
0.00035626505480834095
0.00036795957008927126
0.0004224354149207919
0.00036666999215671537
0.0004252974434771658
0.00037012914302611837
0.00039087112488935037
0.0003913584953692623
0.00037484416395638736
0.0003996640661538392
0
0
0.00086864256444506
0.0006720974588568488
0.0006580073653797659
0.000708509059336678
0
0
0
0
0
0.0007037433033321712
0
0
0
0
0.00062648605446337
0.000573801669627328
0.0005328854215384522
0
0
0
0
0
0.0006589282994110882
0.0005655306545696366
0.0006525353706572731
0
0
0
0
0
0.0012438686127588443
0.0006190720183158744
0
0
0
0
0
0
0
0
0.0003407920882585758
0.001871985168704662
0.0007827169907385246
0
0.0011303824007904502
0.0003407920882585758
0.0003407920882585758
0
0
0
0.0007127998030722521
0
0
0
0
0.0007271108415895329
0
0
0
0
0
0.0007827169907385246
0
0
0
0
0
0.0007344840404512052
0
0.0007807699335476327
0
0
0
0
0.0005439679606345726
0
0
0
0.0006557162533833183
