1.07880966137193
0.0012696857528896783
0
0
0
0
0
0
0.0008926848666710219
0.0008375851408167158
0.0004081761866711805
0
0
0.00042009722016040886
0.00048726723639201896
0.0012721812044480306
0.0008956493660206974
0
0.0008589248896273329
0
0
0
0
0
0.002261655474574277
0
0
0
0
0
0
0
0
0
0
0
0
0.0006574099094283547
0
0
0
0
0
0
0
0
0
0
0
0
0.012259200697408296
0.0019812849611973004
0.005700447352031335
0.0007092765689493294
0.0015888212980440795
0.012259200697408296
0.012259200697408296
0
0
0
0
0
0
0
0
0.0023762327342994054
0.0025901792589962305
0
0
0
0.0028389727930840263
0.0022428475288397715
0.0008166613636426419
0.0028389727930840263
0.0028389727930840263
0
0
0.0033322306142762317
0
0
0
0
0
0
0
0
0
0.005993387007621834
0.001954365328572337
0.0025245155882338455
0.0032012156123796143
0.001789070748543831
0.005993387007621834
0.005993387007621834
0
0
0
0
0
0
0.001502520419738064
