0.000287943968254296
0
0
0
0
0
0
0.0003036694973438976
0.0005698518440063669
0.0008331091658118053
0.0008604562427669408
0.00032928181923741614
0.0002858135416978974
0.00033151272587181595
0.0002885098958648587
0.0003046779473143215
0.0003050578450042396
0.00029218518116250024
0.0003115319079287778
0
0
0.0006770933349448344
0.0005238894897074951
0.0005129064815375266
0.0005522717645449214
0
0
0
0
0
0.0005485569320479825
0
0
0
0
0.0004883361111644714
0.00044726945464972615
0.00041537587723837043
0
0
0.0018941140002069691
0
0.00044591079895516433
0.0010272486705111274
0.0008816446547509916
0.0005086411469717259
0
0
0.001872370344592348
0
0.0006739845501195597
0.0009695761890095119
0.00048255698558856056
0
0
0
0
0.0002854800369817972
0
0
0.001168740724650001
0.0005312842382049949
0
0.0006101156900084792
0
0.0008811154562787521
0.0005312842382049949
0.0005312842382049949
0
0
0
0.0011112326647694179
0
0
0
0
0.0005667715637684947
0.00036299167907032667
0
0
0
0
0.0006101156900084792
0
0
0.0018628659265994935
0
0.0006648271513407613
0.0005725188573168491
0
0.0006085979892870651
0
0
0.0019064134417667547
0
0.0004240145436627386
0
0
0
0.0005111205954597496
