0
0
0
0
0
0
0
0.0006456962135972976
0
0
0
0.0007001560108858987
0.0006077288739348397
0.0007048996152956948
0
0.0006478404932605514
0
0
0.0006624141546114891
0
0
0.0014397119448936054
0
0
0
0
0
0
0
0.0019055528061839662
0
0
0
0
0
0
0
0
0
0
0
0
0
0.001092125786049453
0.002811977924801204
0.0010815299710773862
0
0
0
0
0
0
0
0
0
0
0
0
0
0
0
0.0011296762564347942
0.0031026794200092805
0
0
0.0018735267086010424
0.0011296762564347942
0.0011296762564347942
0
0
0
0
0
0
0
0.0011940686673792412
0.0024102667926867464
0
0.0011986541845350755
0.0011958986576740755
0
0
0
0
0
0
0
0
0
0
0
0
0
0
0
0.000901587376236088
0
0
0
0
