0.0005765696234048417
0
0
0
0
0
0
0
0
0
0
0
0.0005723037266584664
0
0.0005777028184193953
0
0.0006108378927925776
0.0005850620899916169
0.0006238013455258666
0
0
0
0.001049019250577403
0
0
0
0
0
0.000897420702254595
0.0008972380769590608
0.001098412533676339
0.000897420702254595
0.000897420702254595
0
0
0
0
0
0
0
0
0.0006414997686857013
0
0
0
0
0.0006414997686857013
0.0006414997686857013
0
0
0
0
0
0
0
0
0
0.0005716359276775346
0.0005822804952689943
0.0005694211429906787
0
0
0
0
0
0
0
0
0
0
0
0.0011125480469787597
0
0
0
0
0
0.0007268427151626814
0
0
0
0
0
0
0
0
0
0
0
0
0
0
0
0
0.011866948826562883
0
0.011866948826562883
0.011866948826562883
0
0
