0.0010569428387340993
0
0
0
0
0
0
0.0011146658237208187
0
0
0.0005264062711866391
0
0.0010491227787901942
0.000608434348675072
0.0010590201634957622
0.0016775512427977702
0
0
0
0
0
0
0.0009615086709254886
0
0
0
0
0
0
0
0
0
0
0
0.0003852083637308006
0.0008962565854734594
0.0008208858305707553
0.000762350677966389
0.0003857599220981127
0.00038542879770146196
0
0.00176395501697941
0
0
0.0008090532420219876
0
0.00176395501697941
0.00176395501697941
0
0
0
0.0017794896274327735
0
0.0019839081707902937
0
0
0
0
0
0
0
0.00048754022727709353
0
0
0.0029671225726136774
0
0.00048754022727709353
0.00048754022727709353
0
0
0
0
0
0
0
0
0.001040211311171127
0
0
0
0
0
0
0
0
0
0
0
0
0
0
0
0
0
0
0.0007782054580974057
0
0
0
0
