0.0006727337889729018
0
0
0
0
0
0
0
0.0006656826196009032
0.0006488075777873352
0
0
0
0.0007745250352718729
0.0006740559858851913
0
0.0007127175511604018
0
0
0
0
0
0
0.0011983217526847845
0
0
0
0
0
0
0.001281613174956597
0
0
0
0
0
0
0
0
0
0
0
0
0
0.001029908965820977
0
0
0
0
0
0
0
0
0
0
0
0
0
0
0
0
0
0
0
0
0
0
0
0
0
0
0
0
0
0
0
0
0
0
0
0
0.0017623827626844057
0.002850870204641607
0.0017788365436638242
0.0017788365436638242
0
0
0
0
0.005088422635287616
0
0
0
0
0.001065092191361445
0.0019812806794822953
0.001065092191361445
0.001065092191361445
0
0
