0
0
0
0
0
0
0
0
0
0
0
0
0
0
0
0
0
0
0
0.011297491202868373
0
0
0
0.002321077857193083
0
0
0
0.011374871279600348
0
0
0.0024824083808993288
0
0
0.004151828017054127
0
0
0
0
0
0
0.0021428789765440656
0
0
0
0
0
0
0
0.00423655920107564
0
0
0
0
0
0
0
0.01644288323585793
0
0
0
0.0013222382219917604
0.001803182634985506
0
0
0
0
0.001803182634985506
0.001803182634985506
0.008833676632030057
0
0
0
0
0
0.015520852400202343
0
0
0
0
0
0.007007304670133547
0
0
0
0
0.004215053824420434
0
0.006017142053701634
0
0
0
0
0
0.0021567937750930533
0
0.007675245323265862
0
0
0
0
