0
0.0009421798786340002
0.00284712284678125
0.0025798641887500593
0
0
0
0
0.00026139151912413255
0.002292887241533821
0.00026312800049385133
0
0
0.00030413033119411267
0
0
0.0011194423163154873
0.0008041535269869811
0.0002857998952732451
0
0.000373457877572804
0
0
0
0
0.0003738726003685539
0.0003738726003685539
0
0.00013705364405938643
0
0
0.00013705364405938643
0.00013705364405938643
0.0016833613831594139
0.0005776476007410056
0.00044800036810629777
0
0.0003810665270309935
0.000578474702116637
0.0005779781573079532
0.0008688316816306651
0.00029390857846519665
0.0004090793154700884
0
0
0.0018665129681601261
0.00029390857846519665
0.00029390857846519665
0.0017177156971014426
0
0.0006183145576343118
0
0
0
0
0
0
0.0005237997302713073
0.0005335535287351549
0.0005217702853651806
0.0016083070539739622
0.00024370052597313266
0
0
0
0
0.00024370052597313266
0.00024370052597313266
0
0
0
0.0005097233559907384
0
0
0
0.00103036656964616
0
0.0006660183513983833
0.0010343234305126966
0.0010319456755000238
0.002841116258496901
0.0013840586911896516
0
0.0013969804009621692
0.0013969804009621692
0
0
0
0
0
0
0
0
0.0008744734457970981
0.0008364528611972243
0
0.0008364528611972243
0.0008364528611972243
0.00025937771697371557
0
