0.0005136654844973567
0.0018320895335593686
0
0
0
0
0
0
0
0.0004953966401754681
0.0005116581946009232
0
0.0005098649999936769
0.0005913881300739667
0.0005146750471634286
0
0.0005441950623373908
0
0
0
0
0
0.0009345705353203157
0
0
0
0
0
0.00026650383065006356
0.0007993487911988781
0.0009785749775663396
0.00026650383065006356
0.00026650383065006356
0.009819999899878216
0.00037441616242029236
0
0
0
0.00037495226803658713
0.0003746304205962124
0
0.0011430234133424375
0.0007954637423959672
0
0
0
0.0011430234133424375
0.0011430234133424375
0
0
0
0
0
0
0
0
0
0
0
0
0
0.0004738810423394
0
0
0
0
0.0004738810423394
0.0004738810423394
0
0
0
0
0
0
0
0
0
0
0
0
0
0
0.0010883901246747816
0
0
0
0
0
0
0
0
0
0
0
0
0
0
0
0
0.000911792005559723
