0.7339691750802005
0.000575887936508592
0.00034233636897397415
0.0015517318712054981
0.0014060712166287365
0
0
0
0.0003036694973438976
0.00028492592200318344
0
0
0
0.0002858135416978974
0
0.0005770197917297174
0.000609355894628643
0
0.0005843703623250005
0.0003115319079287778
0
0
0
0
0
0.0005522717645449214
0
0
0
0.0001493932780541829
0.0008961772589501838
0
0.0001493932780541829
0.0001493932780541829
0.0018349229377005013
0
0
0
0
0
0
0.0009470570001034846
0
0.00044591079895516433
0
0.0004408223273754958
0.0005086411469717259
0
0
0.001872370344592348
0
0
0
0
0
0
0
0
0.0002854800369817972
0.00029079602816172763
0.00028437395392491306
0.0017531110869750013
0.0005312842382049949
0.0014591832506564621
0.0006101156900084792
0.0016166721918066092
0.0008811154562787521
0.0005312842382049949
0.0005312842382049949
0
0.0019314978291584224
0.0005086411469717259
0.001666848997154127
0.0019314978291584224
0.0019314978291584224
0
0.004492542770192505
0.0005667715637684947
0
0.004509795238588021
0.004499427893211958
0
0
0
0
0
0
0
0
0
0
0.0006085979892870651
0
0
0.0009532067208833774
0.00045588147520509353
0.0004240145436627386
0.00045588147520509353
0.00045588147520509353
0
0
