0
0
0
0
0
0
0
0
0.0007114058477283812
0
0
0
0
0
0
0
0.0007616714313168372
0
0
0
0
0
0
0
0.0013789175799460572
0
0
0
0
0
0
0
0
0
0
0
0
0
0
0
0
0
0.0011133544737231531
0
0
0
0
0
0
0
0
0
0
0.005397883545650398
0
0
0
0
0
0
0
0.0006632578587579841
0
0
0
0
0.0006632578587579841
0.0006632578587579841
0
0
0
0
0
0
0
0
0
0.0036252847947543226
0
0
0
0.0018834341867916859
0
0.0019010181159214835
0.0019010181159214835
0
0
0.0016599469780328897
0
0
0
0
0
0
0.00113824935636541
0
0.00113824935636541
0.00113824935636541
0
0
