0
0.0007506706681129199
0
0
0
0
0
0
0.0006247817983051631
0
0
0.002888179295530014
0.0006267281590475468
0
0
0.0006680937785114572
0
0
0.000683123052815832
0
0
0
0
0
0
0
0
0
0
0
0
0
0
0.00402359478108525
0
0
0
0
0
0
0
0.0007025045449297688
0.0009777873101057717
0
0
0
0.0007025045449297688
0.0007025045449297688
0
0
0
0.004252147721094056
0
0
0
0
0
0
0
0
0
0.000582496530015961
0.0015998388791591454
0
0
0.001932098334254622
0.000582496530015961
0.000582496530015961
0.017121679919511704
0
0
0
0
0
0
0
0
0
0
0
0
0
0
0
0
0.0040848677980560915
0
0
0
0
0
0
0
0
0
0
0
0
0.001239936758423806
0
