1.6094379124341003
0.005051197842084269
0
0
0
0
0
0
0.005327059701891933
0.0024991271932206524
0
0
0.0021661344716475107
0.004387097113332828
0
0.005061125510799058
0.004676656449580201
0
0
0.000683123052815832
0
0
0
0
0
0
0
0
0
0
0.0009825628281038463
0
0
0
0
0
0
0
0
0
0
0
0
0
0
0.005799776261023785
0.0011153415886584201
0
0
0
0
0.0014779044191314053
0.002126073860547028
0
0.0023703062038793817
0
0
0
0
0
0
0
0
0
0.0013378536262960102
0
0.001932098334254622
0
0
0
0
0
0.0012183481547570782
0
0
0
0
0
0
0
0
0
0
0
0
0
0
0
0.0014578241960453808
0
0.004775780155590802
0
0
0
0
0
0
0
0
0
0.0011207784905529947
