0
0
0
0
0
0
0
0.0005417183781480191
0.0005082815683166779
0.0009907932803509363
0.0005116581946009232
0.0017622251951329236
0.0010197299999873538
0.0005913881300739667
0
0.0016305520796808994
0
0
0.00111148838708299
0
0
0
0.0018691410706406313
0
0.0009852018961503102
0
0
0
0.00026650383065006356
0
0
0.00026650383065006356
0.00026650383065006356
0
0
0.0017422931736310876
0
0
0
0
0
0.0011430234133424375
0.0007954637423959672
0
0
0.0009073688981176453
0.0011430234133424375
0.0011430234133424375
0
0
0
0.0017296345046020638
0
0
0
0
0
0
0
0
0
0.0004738810423394
0
0.0010883901246747816
0
0
0.0004738810423394
0.0004738810423394
0
0
0
0
0
0
0
0
0
0
0
0
0
0
0
0
0
0
0
0
0
0
0
0
0
0
0
0.0022692085268349433
0
0
0
0.000911792005559723
