0.00041185646312227447
0
0.001109748545981689
0
0
0
0
0
0.004075396446035239
0.00039720852232261736
0
0
0.0004088092385119461
0
0.00041266592944130413
0.0013073749993756881
0
0
0
0
0
0
0
0
0
0
0
0
0.00021368250040681408
0
0
0.00021368250040681408
0.00021368250040681408
0
0.000600412996567731
0.0006984844474375767
0
0
0.000601272694443687
0.000600756580542877
0.0013546091929015195
0
0.0006378020197440325
0.0007346550906218877
0
0.0007275274598050434
0
0
0.0026781176645374427
0
0.0009640239894386387
0
0.0013804367186044414
0
0
0
0
0
0
0
0.0008358456405244249
0.003039658702855382
0.0010435607599390434
0
0
0
0.003039658702855382
0.003039658702855382
0
0
0
0.0007947177323986962
0
0
0
0
0
0.0010383997274962193
0
0
0
0
0
0
0
0
0
0.0038037033496328898
0
0
0.003481997096181352
0
0
0.001363405356491789
0.0013041268627312767
0
0.0013041268627312767
0.0013041268627312767
0
0.0007310739028542323
