0.0006727337889729018
0.0007998126996697419
0
0
0
0
0
0.0007094739048787449
0
0
0.0006701048956982911
0
0.0006677563972320586
0.0007745250352718729
0.0006740559858851913
0.0007118299826035395
0
0
0
0
0
0
0.0012239817473889555
0
0
0
0
0
0
0
0
0
0
0
0.0014710881567846096
0.0011409171178256331
0.0010449716198000772
0.0009704575144832636
0.0014731945258521706
0.0014719299811947867
0
0
0
0
0
0
0
0
0
0
0
0
0
0
0
0
0
0
0
0
0
0
0
0.0014254351023208036
0
0
0
0
0
0
0
0
0
0
0
0
0
0
0
0
0
0
0
0
0
0
0
0
0
0
0
0
0
0
0
0
0
0
0.0006605540940261659
0.001194149323183793
