0
0.0005937339905843691
0
0
0
0
0
0
0.0024708184701337102
0
0.0004974465321660366
0
0
0
0
0.0021136831478835824
0
0
0
0
0.0003530132212459478
0
0
0
0
0.000353405240370041
0.000353405240370041
0
0
0
0
0
0
0
0.00036401649294048833
0
0
0
0.0003645377078501969
0.00036422479994646287
0
0.0005556375712845428
0.001546738366722828
0
0
0
0.0005556375712845428
0.0005556375712845428
0
0
0
0
0
0
0
0
0
0.0004951247280485755
0.0005043445625249159
0.0004932063834997627
0
0
0
0.0010581593315152848
0
0
0
0
0
0
0
0
0
0
0
0.0009739599661919568
0
0.0006295577031715567
0.0009777002118378552
0.0009754526251439751
0
0.0013082894920995762
0
0.0013205038130839084
0.0013205038130839084
0
0
0
0
0
0
0
0
0
0.0007906619104427874
0
0.0007906619104427874
0.0007906619104427874
0
0
