0
0
0
0
0
0
0
0
0
0
0.001219732511344016
0
0.0006077288739348397
0
0
0
0
0
0
0
0.0004327919435010173
0
0
0
0
0.0004332725564310573
0.0004332725564310573
0
0
0
0
0
0
0
0.00044628188397617056
0
0
0
0.00044692089011015703
0.00044653726702851746
0
0
0
0
0
0
0
0
0
0
0
0
0
0
0
0
0
0.0006070197387260475
0.0006183231966183314
0.0006046678606217235
0
0
0
0
0
0
0
0
0
0
0
0
0
0
0
0.0011940686673792412
0
0.0007718337033949893
0.0011986541845350755
0.0011958986576740755
0
0.0016039545203131228
0
0.0016189291994446768
0.0016189291994446768
0
0
0
0
0
0
0
0
0
0.0009693464274935829
0
0.0009693464274935829
0.0009693464274935829
0
0
