0.0014779887792916967
0
0.0010861214871462238
0.0026244468118526887
0
0
0
0.000991904080524382
0.0013295431247933847
0
0.00013383755722812658
0.00046095600127426097
0.0006668425018434111
0
0.0014808936314522543
0.0014217115356860769
0.0005693936973346233
0.000818050100987522
0.0010175858075668215
0.002329866047256979
9.497790042894508e-05
0.0003159504695080958
0.00024446131973360164
0.000478672688954264
0.00025770527385009473
9.508337283364129e-05
9.508337283364129e-05
0
0
0.0004181810854050988
0.0002559718303040179
0
0
0.004281128861834699
9.793832111717927e-05
0.00022787113037044305
0.000208708293081521
0.000193825868107966
9.807855353573193e-05
9.799436593613045e-05
0.00044192297928616244
0
0.0006242229203161164
0.0009586852594731305
0.0004113997705066377
0.00023734602144613714
0
0
0.000873699767721367
0
0
0.001809724221647429
0.000450348861205491
0
0
0
0
0.00013321287784783193
0.00013569346630220916
0.00013269674891390002
0.002726833669958407
0.005949885931757237
0.0037449238552828383
0.005693936973346233
0.002263151821234202
0.0016446113274755144
0.005949885931757237
0.005949885931757237
0.0018217569624828505
0
0.00023734602144613714
0.00025926594167053436
0
0
0
0.0005240861651825186
0.0002644712810399814
0.00033876390598098507
0.0005260987848644791
0.0005248893623705378
0.004335320366414885
0.0003519941510244357
0.00028469684866731164
0.00035528040347175923
0.00035528040347175923
0
0
0
0.0002671531271035694
0
0.0002839886475512238
0
0
0.0013343778270653607
0.0027654496995702404
0.0005935707260776012
0.0027654496995702404
0.0027654496995702404
0.0018470201561074202
0.0014310180039558882
