0
0
0
0
0
0
0
0
0
0
0
0
0
0
0
0
0
0.0005850620899916169
0
0
0
0
0
0
0
0
0
0
0
0
0
0
0
0
0
0
0
0
0
0
0.0018963560903986344
0.0006414997686857013
0.0008928772600601103
0
0
0.0010184864657373123
0.0006414997686857013
0.0006414997686857013
0.003749173393007504
0
0
0
0.006763794733999074
0.008657884948800834
0
0
0
0
0
0
0.0011701241799832339
0.004255305016457305
0
0
0
0.0035286337816541214
0.004255305016457305
0.004255305016457305
0
0.007735136684520746
0
0
0.007735136684520746
0.007735136684520746
0
0
0
0
0
0
0
0
0
0
0
0
0
0.003993684701247124
0.0022927862247409387
0
0.00121863679109365
0
0
0.0019086700909856386
0
0.0008490329116458358
0
0
0
0
