0.9162907318741551
0.001797353338317291
0.00042737440852339323
0
0
0
0
0
0
0.0017785146193209532
0.000693371722946769
0.0007161318732896875
0.0016443081774323105
0.0014272441306451013
0.0020693105959217594
0.0018008858723941729
0.00076072289902379
0.0003808357156584186
0.00036476541873971144
0
0
0.00025410170046426934
0
0.0006540262183255926
0
0
0
0
0
0.000559509911586091
0.0027969802560261145
0.0006848211747938379
0.000559509911586091
0.000559509911586091
0
0
0
0
0
0
0
0
0.001199856916465502
0.0011133544737231531
0.0012824222979344367
0.0005503247638883814
0.003174950560894508
0.001199856916465502
0.001199856916465502
0
0
0.0008414056307384344
0
0
0
0
0
0
0
0
0
0.0007295308374794229
0.00033162892937899205
0
0
0
0
0.00033162892937899205
0.00033162892937899205
0
0
0.0019049703365367052
0
0
0
0
0
0.0014151208214272667
0
0
0
0.003866205619722173
0
0.005331700019217861
0
0
0.0023256109946044544
0
0
0
0
0
0
0
0.0011899879634729288
0
0.0015880255318442896
0
0
0.0010588875946157417
0.0019142564036368143
