1.4696759700589417
0
0.000685483194990178
0
0
0
0
0
0
0
0
0
0
0
0
0
0
0
0
0
0
0.0004075640515970443
0
0
0
0
0.00040801664910020596
0.00040801664910020596
0
0.000299140234084865
0
0.001098412533676339
0.000299140234084865
0.000299140234084865
0
0.0004202676494306382
0
0.0008955977879701047
0
0.0004208694072333739
0.0004205081459396114
0
0.0006414997686857013
0
0
0
0
0.0006414997686857013
0.0006414997686857013
0
0
0
0
0
0
0
0
0
0
0
0
0
0
0
0
0
0
0
0
0
0
0
0
0
0
0
0.0011244651645439493
0
0
0.0011287833871420443
0.0011261884828037867
0
0.0015104583453843183
0.0012216757855851553
0.0015245601349159147
0.0015245601349159147
0
0
0
0
0
0.00121863679109365
0
0
0
0
0
0
0
0
0
