0.0007440130568226257
0
0
0
0
0
0
0.00043591442142253313
0.0008180164259148003
0.000398639862496505
0.0007411056201019433
0.0015125780623824318
0.0004923388582141414
0.0006662363230395519
0.0007454753466355632
0.00043736204092082305
0.0006130703321735527
0.00016777152174813102
0.0005366409965593868
0
5.843622609973726e-05
0.0003887841906192851
0.0003008151767532513
0.00029450877891775334
0.0003171121614983484
5.85011191881323e-05
5.85011191881323e-05
0
0.00017156200392074296
0.0014150985008987657
0.00015748956002664615
0.00017156200392074296
0.00017156200392074296
0
6.025765836878826e-05
0
0.00038523040459899913
0.000715521328745849
6.0343937948354105e-05
6.029214057672462e-05
0
0.0002759332579428012
0.0016642608791637198
0.0008847629026549442
0.0002531183559347178
0.00043808946219470386
0.0002759332579428012
0.0002759332579428012
0
0.0011972785870207532
0.0025154944050537033
0.0011134532698317174
0.00041562333592830877
0.0015517012615291056
0.0011972785870207532
0.0011972785870207532
0
8.196072785517408e-05
8.348693792220782e-05
8.164317369843182e-05
0
0.00022879590805174
0.0025135709500873067
0.000700651808198346
0.001392429722350127
0.0015177985448906544
0.00022879590805174
0.00022879590805174
0
0.000554529029778033
0.0017523578487788154
0.00015951629925484674
0.000554529029778033
0.000554529029778033
0
0.0001612249665766278
0.0013017515448071199
0.00010421415989893795
0.00016184411007346585
0.0001614720546480096
0
0.00021656837750837877
0.0001751629520495865
0.00021859028144777235
0.00021859028144777235
0
0.0011706723961980698
0.0022904459925614405
0.0006574759167415055
0.0006252849593936277
0.0005241816699394342
0.0011706723961980698
0.0011706723961980698
0
0.00026176525629273607
0.00036520109413457974
0.00026176525629273607
0.00026176525629273607
0.0002435142888855769
0.0014674166526159648
