0
0
0
0
0
0
0
0
0.0006878714448493305
0.0006704339167354807
0
0
0
0
0
0
0
0
0
0
0
0
0
0
0
0
0
0
0.0010820009211877928
0
0
0.0010820009211877928
0.0010820009211877928
0
0.001520123112895518
0
0
0
0.0015222996923813363
0.0015209929973664165
0
0
0
0.001239997790015308
0.002128476687005256
0
0
0
0
0
0
0
0.002329989272757233
0
0
0
0
0.0006892091956172211
0.0007020431227939285
0.0006865388771529932
0
0
0
0
0
0
0
0
0
0
0
0.00134137535346849
0
0
0
0
0
0
0
0
0
0
0
0
0
0
0
0
0.0013821816239718218
0
0
0
0
0
0
0
0
0
0.0006825719730091971
0
