0.00046907571655992186
0.0002788418846807931
0
0
0
0
0
0
0
0
0
0
0.0004656051407754053
0.0005400514911974891
0.0004699976421034752
0.0004963362397306935
0.0004969551128475647
0.0002379924366065368
0.00025375084921715635
0
0.000828947588402136
0.0005515101482985428
0.0008534432558966744
0.0004177756818697557
0.00044983972968820195
0.0008298681298662138
0.0008298681298662138
0
0.0008517929992447269
0
0.00044681390191003023
0.0008517929992447269
0.0008517929992447269
0
0.0013676568504560947
0.0007955249511052833
0.0007286252294401224
0.0010150033968686254
0.0013696151220060032
0.001368439486708144
0
0.00026095024039965973
0
0.0004183603924112109
0.0003590612617150873
0.00041430145582510076
0.00026095024039965973
0.00026095024039965973
0
0
0
0
0.00039305522732124945
0
0
0
0
0.0006975927663426142
0.0007105828059694379
0.0006948899660080826
0
0
0
0.0004969551128475647
0
0
0
0
0
0
0
0.00045256396726390646
0
0
0
0.0013722348907933138
0.0004616501936336837
0.0008869985174415734
0.0013775046100359917
0.0013743379327715412
0
0.001843279550120104
0.0004969551128475647
0.001860488591563134
0.001860488591563134
0
0
0
0.0009326630276998758
0
0.0009914378121983756
0
0
0
0.001113981988985628
0.0003453708843186715
0.001113981988985628
0.001113981988985628
0.00023029160275640233
0.0004163210311668666
