0.0006951576468936349
0
0
0
0
0
0
0.002199367201404893
0
0
0
0.0007949559631816399
0.0013800286930933609
0
0.0006965239158537247
0.0014711140240198219
0
0
0
0
0
0
0
0
0
0
0
0
0
0
0
0
0
0.004429892104829689
0
0
0
0
0
0
0.0045727918501467756
0
0
0
0
0
0
0
0.004520298066152743
0
0
0
0.0011649946363786164
0
0
0
0
0
0
0
0.002821587327916999
0.0012826325312572389
0
0
0
0
0.0012826325312572389
0.0012826325312572389
0
0
0
0
0
0
0
0
0
0
0
0
0
0
0
0
0
0.004497352390690039
0
0.0016050333713151046
0
0
0
0
0
0.006903727955578735
0
0
0
0
0
0
