1.3470736479666094
0.001585414258101149
0
0.0014239679153981073
0
0
0
0
0.0005573329118604093
0
0
0.0005264062711866391
0.0006043399048751051
0.0005245613893950971
0.000608434348675072
0.0015885302452436432
0.0005591837475992567
0
0
0.0005717630084747918
0
0
0.0012426878671278686
0.0038460346837019543
0
0
0
0
0
0.00027418555830787896
0
0.002013563001444857
0.00027418555830787896
0.00027418555830787896
0
0
0.002688769756420378
0
0.000762350677966389
0
0
0
0.0005879850056598033
0
0
0.0008090532420219876
0
0.0005879850056598033
0.0005879850056598033
0
0
0
0
0
0
0
0
0
0.0005239492990924191
0.0005337058827126028
0.0005219192746867918
0
0
0
0
0
0
0
0
0
0
0
0
0
0
0
0
0
0
0
0
0
0
0
0
0
0
0
0
0
0
0
0
0
0
0
0.0015564109161948115
0
0
0
0
