1.2039728043259361
0.00047233142578498863
0.0005615544796296343
0
0
0
0
0
0.0009962538720115317
0.0004673807470209379
0
0
0
0.0009376735236183303
0.0005437998212854273
0.0004732597501281196
0.0004997811558015509
0.0005004043243249942
0.0004792885367539555
0
0
0.0006677608454386779
0
0.000859366741132003
0.0008413506668944347
0
0.0006685023899644288
0.0006685023899644288
0
0
0
0
0
0
0
0.00034428733323589827
0.0008010464433306295
0.0007336823914234834
0.0006813654806598394
0.00034478029906241013
0.00034448435030785016
0
0
0
0
0.0007231067893849466
0
0
0
0
0
0
0.0015904528458730992
0.0007915666037645866
0
0
0
0
0
0
0
0
0
0.001196792052013853
0
0
0
0
0
0
0
0
0.0018228202942103498
0
0
0
0
0.0009297087292092171
0
0
0
0
0
0
0
0
0
0
0
0.0009391363528283433
0.0035726195974063388
0
0
0
0
0
0
0
0
0
0.0016768423458578497
