1.0498221244986776
0
0
0
0
0
0
0
0
0.0008150792892070478
0.00039720852232261736
0.0008204940402490642
0
0
0.00047417440130924913
0
0
0.0004363350475888103
0.0012537684607866373
0.0008911902584878417
0
0
0
0
0.0007336283190067628
0
0
0
0
0.00021368250040681408
0
0
0.00021368250040681408
0.00021368250040681408
0
0.001200825993135462
0
0
0.0005941268389918946
0.001202545388887374
0.001201513161085754
0
0.00045823750523731017
0.0006378020197440325
0.0007346550906218877
0.0006305237984977043
0
0.00045823750523731017
0.00045823750523731017
0
0
0.0009640239894386387
0.001386819186920314
0
0
0
0
0
0
0
0
0
0.001519829351427691
0
0
0.0023123835341380566
0.0012602906656646788
0.001519829351427691
0.001519829351427691
0
0
0.0014550549196100868
0
0
0
0
0
0
0
0
0
0
0
0.0008726700951776206
0
0
0
0
0.0009509258374082224
0
0.003115199182488658
0.000870499274045338
0
0
0
0
0.0030324151487541237
0
0
0.0004043998938746832
0
