0.6348782724359695
0.000996278183500933
0.0005922371944365387
0
0.0024324838024366645
0
0
0
0
0.0004929179133819639
0.00024021122680135056
0.001240481188815884
0.0011393060070632023
0
0.0005735124412249047
0.0009982362774150464
0
0.00026387293118701976
0.00025273816577865027
0
0
0
0
0
0.0004436605677400206
0.00047771126594128627
0
0
0
0.0009045690834626068
0
0.00047449796146186064
0.0009045690834626068
0.0009045690834626068
0
0.00018154940590104935
0
0
0.000359297267932071
0.00018180935636768886
0.00018165329683432604
0
0.0005542368157450628
0
0
0
0
0.0005542368157450628
0.0005542368157450628
0
0.0036072629115680085
0.0005829919857079609
0.0008386767139180575
0.0004174084631400194
0.0009350195470338284
0.0036072629115680085
0.0036072629115680085
0
0.0004938765246487511
0.0005030731160348412
0.0004919630162231456
0
0.002068007402071562
0.0031554586105167473
0.0005277458623740395
0.002796820583418368
0.0030486351617573563
0.002068007402071562
0.002068007402071562
0
0
0.0004399710827692096
0.00048060429404691104
0
0
0
0
0.0004902534922285479
0.00031398529794063773
0
0
0
0
0
0
0
0
0
0
0.000495224861494516
0
0.002105732246885471
0
0
0
0.0007886686614111423
0.0011003089643604324
0.0007886686614111423
0.0007886686614111423
0.0009782407895777652
0.0004421157886044356
