0
0
0
0
0
0
0
0.00044634243333551094
0.0008375851408167158
0
0
0
0
0
0
0.0004478246830103487
0.0004483830679018828
0.00042946244481366645
0
0
0.002393365859948819
0
0.0007700283093304283
0.0007538851581914256
0
0.0023960236787827433
0.0023960236787827433
0
0.0006587480122360656
0
0
0.0006587480122360656
0.0006587480122360656
0
0.001542478783774564
0
0
0
0.0015446873730984106
0.0015433614611901716
0
0
0.000655412916993882
0.0007549402808760882
0
0
0
0
0
0
0
0
0.0007092765689493294
0
0
0
0
0.0016784281001508052
0.0017096825061361808
0.0016719250854272452
0
0
0
0
0
0
0
0
0
0
0
0
0
0
0
0.00082540907526544
0
0.0037347515477762164
0.000828578848979977
0.0008266740700168046
0
0.003326237393746958
0.0008967661358037656
0.003357291477298537
0.003357291477298537
0
0
0
0
0
0
0
0
0
0.0006700681126533728
0
0.0006700681126533728
0.0006700681126533728
0.00041556612533587446
0
