1.4271163556401458
0.0005598730308513715
0
0
0
0
0
0
0.0005904494644766842
0
0.000539960785334902
0
0
0
0
0.0005609734102359064
0
0
0
0
0
0
0
0
0
0
0
0
0
0.00029047758103809197
0
0
0.00029047758103809197
0.00029047758103809197
0
0
0.0009495118800000971
0.0008696626176966154
0
0
0
0
0.0006229228963946511
0
0
0
0
0.0006229228963946511
0.0006229228963946511
0
0
0
0
0
0.0021017913926953545
0
0
0
0
0
0
0
0.002582548598697332
0
0
0
0
0.002582548598697332
0.002582548598697332
0
0.003755569356947752
0
0
0.003755569356947752
0.003755569356947752
0
0.0010919023379037075
0
0.0007057944389911701
0.0010960955112443516
0.0010935757514483877
0
0
0
0
0
0
0
0
0
0
0
0
0
0
0
0
0
0
0.0010994733094300045
0
