1.6607312068216509
0
0.0007745947793011431
0
0.003181477407704312
0
0
0
0
0
0.0006283508160505679
0
0.0007450566203775912
0
0.0007501044294587402
0
0
0
0
0
0
0.0013816399391195098
0
0
0
0
0.0013831742422168109
0.0013831742422168109
0
0
0
0
0
0
0
0
0.001104944249382336
0
0.0009398592002386253
0
0
0
0
0.0010089497003776737
0
0
0
0
0
0
0
0.0015250056995607447
0
0
0
0
0
0
0.002583790286770363
0.0026319036558187813
0.0025737794758956233
0
0
0
0
0
0
0
0
0
0
0
0.001257177295095875
0
0
0
0
0
0
0
0
0
0
0
0
0
0
0
0.0015042855134254085
0
0
0
0
0
0
0
0.0009594056654082327
0
0
0
0.001156498054889729
