1.7147984280919266
0.0013454675779458036
0
0
0
0
0
0
0.002128421714636235
0
0
0.0026804195827931643
0
0.0020032691916961757
0
0.0013481119717703826
0.001423659965207079
0
0.0006826426863423275
0
0
0.00047554032947640784
0
0
0
0
0.00047606841423984643
0.00047606841423984643
0
0.0006980657146720646
0
0
0.0006980657146720646
0.0006980657146720646
0
0.0034325390324974224
0
0.0020899432396001543
0
0.0034374538936550645
0.0034345032894545022
0
0
0
0
0.002059817931641954
0
0
0
0
0
0
0
0
0
0
0
0
0
0
0
0
0
0
0
0
0
0
0
0
0
0
0
0
0
0
0
0
0
0
0
0
0
0
0
0
0
0
0
0
0
0
0
0
0
0
0
0
0
0
0
