0.0010493504738530212
0
0.001884985453031255
0.011956296618748054
0
0
0
0.0022133176316519246
0.0003461172823306613
0.0013493728630855598
0.0006968332311713823
0.0015999966250045464
0.0003471955293161151
0
0.0010514128765138956
0.0011103338969910132
0.0003705727844072251
0
0
0.006065293328461112
0
0
0
0
0
0
0
0
0
0
0
0
0
0.002228995298209459
0
0
0
0
0
0
0.00575224593086312
0
0.0010833512992512557
0
0
0.0006178781145417765
0
0
0.004548969996345834
0
0
0.0047112185959513
0.000586192057385788
0
0
0
0
0
0
0
0.008518453368953346
0.005163072713912608
0.0026588413099914022
0.0022234367064433505
0.01767485258492082
0.0171255341038902
0.005163072713912608
0.005163072713912608
0.014227629563039098
0.002346310840220483
0.004943024916334212
0.0020248254033696823
0.002346310840220483
0.002346310840220483
0
0
0
0
0
0
0.007524034761888468
0
0
0
0
0.004525878778090272
0
0.0008076069921048764
0.003477371760077159
0
0.0007393019231208819
0
0
0.0069475178126009104
0
0.0010301538062204316
0
0
0
0
