0.0006313997302605336
0
0
0
0
0
0
0
0
0
0
0
0.0006267281590475468
0.0007269367264833334
0.0006326406888498823
0
0
0
0
0
0.0004463222164265392
0
0
0.001124694557955346
0
0.0004468178546457802
0.0004468178546457802
0
0
0
0
0
0
0
0.0009204677794876182
0.0010708169743407188
0
0
0.000921785745953093
0.0009209945135531332
0
0.0007025045449297688
0.0009777873101057717
0.0011262686581064382
0.0009666293768372975
0.0011153415886584201
0.0007025045449297688
0.0007025045449297688
0
0
0
0
0
0
0
0
0
0
0
0
0
0
0
0.0013378536262960102
0
0
0
0
0
0
0
0
0
0
0
0
0
0
0
0
0
0
0
0
0
0
0
0
0
0
0
0
0
0
0
0
0
0
0
0
