1.8325814637483102
0
0
0
0
0
0
0
0.00075820499120741
0.0007114058477283812
0
0
0.0008221540887161553
0
0.0008277242383687037
0
0.00076072289902379
0
0.0007295308374794229
0.0007778359353770417
0
0
0
0
0.0025612599074050454
0
0
0
0
0
0
0
0
0
0
0.0005240438844004319
0
0
0.0010371145805027223
0.0005247942336048998
0.0005243437664515909
0
0
0
0.0012824222979344367
0
0
0
0
0
0
0
0.0024208473761536463
0
0
0
0
0
0
0
0
0
0
0
0.0015233428626336744
0
0
0
0
0
0
0
0
0
0
0
0
0
0
0
0
0
0
0
0
0
0
0
0
0
0
0
0
0
0
0
0
0
0
0
0.0012761709357578762
