0.1508228897345837
0.0007692026545898737
7.034649707769761e-05
0.00015943223016340772
0.00028893273895514115
0
0
0
0.0008112112397805494
0.0008782388765600758
0.0010842356810280326
0.0008251349965940491
0.0009472949557129528
0.0008809748232160261
0.0006812235308698449
0.0007707144522600581
0.0007512970846056473
0.0007522338640128862
0.0010206963079171668
0.001216313626891804
0
0.000543731992942204
0.000695677535676124
0.0006459224399768039
0.0007377779372062095
0.0006809159807430414
0.0005862077890850004
0.0005862077890850004
0
0.000951660814527192
0.0011970070613855847
0.0009017811045416065
0.000951660814527192
0.000951660814527192
0.0003770572243364592
0.0008194552201764627
0.000501739486808329
0.0006433639415856709
0.0006828427379041706
0.0008206285523932102
0.0008199241502023146
0.00019461018030268864
0.0009216588635024757
0.0009162994516074344
0.00063326615703814
0.0008152588634301822
0.0007316425697450351
0.0009216588635024757
0.0009216588635024757
0.0003847522697310808
0
0.00027699336957682954
0.00039847527010458043
0.0009916034828046265
0.0002221250217004178
0
0
0
0.00041064186236564986
0.00035853301838649054
0.00040905084391402004
0.0002401638371569804
0.00038210648865077295
0.00029984669927352617
0.0006268615533440719
0.0009966270246778658
0.0007242395665526227
0.00038210648865077295
0.00038210648865077295
0
0
0.0004180814684257344
0.00079921289034223
0
0
0
0.00034618872930661904
0.0006987933115115846
0.00022377283343410045
0.000347518179111944
0.0003467192867461694
0.0006363835009898046
0.00015500810866863688
0.0003761169320064431
0.00015645527980765942
0.00015645527980765942
0.00038279921252432406
0.0008379049429699094
0.0005464597454151583
0.0008235259189875864
0.0013426370006046026
0.0008754230747446813
0.0008379049429699094
0.0008379049429699094
0.0001958738827721866
0.0005620728809984485
0.001045565960031776
0.0005620728809984485
0.0005620728809984485
0.0005809818556802146
0.0005251493375159599
