0.0018470155744575226
0
0
0
0
0
0
0
0.0010965937964189966
0.00035626505480834095
0.00036795957008927126
0
0.0018333499607835768
0.0008505948869543316
0.0018506457151305916
0.00039087112488935037
0
0.00037484416395638736
0.0003996640661538392
0
0
0
0.0006720974588568488
0
0.000708509059336678
0
0
0.012898747121348562
0.0003833130632438205
0.0022994103537446768
0
0.0003833130632438205
0.0003833130632438205
0
0.0008077854216686689
0.00062648605446337
0.000573801669627328
0.0010657708430769045
0.0008089420445519288
0.0008082476736982361
0.004859915044430684
0.004932039492929437
0.002288234604759283
0.013178565988221765
0.003958714581987457
0.011093101301173643
0.004932039492929437
0.004932039492929437
0
0
0
0
0.0006190720183158744
0
0
0
0
0
0
0
0.0007496883279127747
0.0003407920882585758
0
0
0
0
0.0003407920882585758
0.0003407920882585758
0
0
0
0.0007127998030722521
0
0
0
0
0
0
0
0
0
0
0.0007827169907385246
0
0
0
0
0
0
0
0
0
0
0.0024457364671647925
0
0
0
0
0
0
