1.9661128563728327
0
0
0
0
0
0
0
0
0
0
0
0
0
0
0
0
0
0.0007826882390019239
0.0016690261938648835
0
0.0005452337372082177
0
0
0.0013739432958580241
0
0.0005458392160946232
0.0005458392160946232
0
0.00040018580426884445
0
0.0029388831933824106
0.00040018580426884445
0.00040018580426884445
0
0
0
0.001198118742457546
0
0
0
0
0
0
0
0
0
0
0
0
0
0
0
0
0
0
0
0
0
0
0
0
0
0
0
0
0
0
0
0
0
0
0
0
0
0
0
0
0
0
0
0
0
0
0
0
0
0
0
0
0
0
0
0
0
0.0012211881095483433
0
0.0012211881095483433
0.0012211881095483433
0
0
