0
0
0
0
0
0
0
0.0004845606046764357
0
0
0
0
0
0
0
0
0
0
0
0
0.0012991491752667168
0
0
0
0.0017625026057230173
0.001300591872851688
0.001300591872851688
0
0.00047676897272662123
0.0007150079252154732
0
0.00047676897272662123
0.00047676897272662123
0
0.0003349107753797384
0
0
0
0.000335390315436124
0.00033510242675334625
0
0.0005112103804028569
0
0
0
0.0008116306178121588
0.0005112103804028569
0.0005112103804028569
0
0
0
0
0.0007700085348474327
0
0
0
0
0.0009110719420481876
0.0009280372278153289
0.0009075420236365324
0
0.0004238809198345802
0.0011641977947345378
0
0
0
0.0004238809198345802
0.0004238809198345802
0
0
0
0.0008865881767622597
0
0
0
0
0
0
0
0
0
0
0
0
0
0
0
0
0.0009135592679430149
0.003475320419890045
0
0
0
0
0.0014548856913080064
0.0006765932879855257
0.0014548856913080064
0.0014548856913080064
0
0
