1.7147984280919266
0
0
0
0
0
0
0
0.0007094739048787449
0.0006656826196009032
0
0
0
0
0.0007745250352718729
0
0.0007118299826035395
0
0
0
0
0
0
0
0
0
0
0
0
0.0006980657146720646
0
0
0.0006980657146720646
0.0006980657146720646
0
0.0009807254378564065
0
0
0.0009704575144832636
0.0009821296839014472
0.000981286654129858
0
0
0
0
0
0
0
0
0
0
0
0.0022652555192759927
0
0
0
0
0
0
0
0
0
0
0.0017045710020794497
0.0014254351023208036
0
0
0
0
0
0
0
0
0
0
0
0
0
0
0
0
0
0
0.0014254351023208036
0
0
0
0
0
0
0
0
0
0
0
0.00213018438272289
0
0.00213018438272289
0.00213018438272289
0
0
