0.0014776124595660182
0
0
0
0
0
0
0.0003895773851296835
0.0014621250618919953
0
0
0.0008448708298415837
0.001100009976470146
0.0029770821043401605
0.0014805165721044735
0.0015634844995574015
0
0.00037484416395638736
0.0003996640661538392
0
0.000783368169599372
0
0.0020162923765705463
0
0
0.0007842380953846017
0.0007842380953846017
0
0.001533252252975282
0
0
0.001533252252975282
0.001533252252975282
0
0.0016155708433373379
0.0018794581633901097
0.0017214050088819835
0.002131541686153809
0.0016178840891038575
0.0016164953473964722
0
0.0016440131643098124
0
0
0
0
0.0016440131643098124
0.0016440131643098124
0
0
0
0.0012438686127588443
0
0
0
0
0
0.000732484278380743
0.0007461240410922702
0.0007296462920251415
0
0
0
0.0007827169907385246
0
0.0011303824007904502
0
0
0
0
0
0
0
0
0
0
0
0.00046568177045422604
0
0
0
0
0
0
0
0
0
0
0
0
0.0015615398670952654
0
0
0
0.0005848500247567982
0
0.0005848500247567982
0.0005848500247567982
0.00036271515402867686
0.0026228650135332733
