0
0.0013538955591348492
0.0010228160954140653
0
0
0
0
0
0
0.0025626516019038744
0
0.0008681776817063307
0.0011303551708664785
0
0
0.0012049614274741041
0.0012064638731442714
0.0015407388953211875
0.001642757260206631
0
0
0
0.002071914403129991
0
0
0
0
0
0.0001969436243154296
0
0
0.0001969436243154296
0.0001969436243154296
0
0.00027668974156754527
0.001931305441640131
0
0
0.00027708591817345523
0.0002768480761836068
0.0012484955177570396
0
0.0005878396271334786
0
0
0
0
0
0.0024683265976063917
0
0.003554027644671095
0
0.0006361499186467493
0
0
0
0
0.0018817270055653552
0.0019167670884740605
0.00187443631588862
0.0007703694476605937
0.000350193277691533
0.002885439442132323
0
0
0.0011615654576971257
0.000350193277691533
0.000350193277691533
0
0
0
0
0
0
0
0
0
0
0
0
0
0
0
0
0
0.002455797020968796
0
0
0
0
0
0
0
0.0012566026315087087
0.0006009838672432954
0
0.0006009838672432954
0.0006009838672432954
0.00037272111951529497
0.0006738050322156725
