0.0006727337889729018
0
0
0
0
0
0
0
0
0
0
0
0.0006677563972320586
0.0007745250352718729
0.0006740559858851913
0.0007118299826035395
0
0
0
0
0
0
0.0012239817473889555
0
0
0
0
0
0
0
0
0
0
0
0.0004903627189282033
0.0011409171178256331
0.0020899432396001543
0.0009704575144832636
0.0004910648419507236
0.000490643327064929
0
0
0
0.0011999988999943502
0.001029908965820977
0
0
0
0
0
0
0
0
0
0
0
0
0
0
0
0
0.0024825167254316706
0
0
0
0
0.0024825167254316706
0.0024825167254316706
0
0
0
0
0
0
0
0
0
0
0
0
0
0
0
0
0
0
0
0
0
0
0
0
0
0
0
0
0
0
0.0019816622820784976
0
