0
0
0
0
0
0
0
0.00034918083173129044
0.0003276281328783109
0.0003193227659078808
0.0003298046386457714
0.00037863170493249393
0.00032864878126733995
0
0
0
0
0
0
0.005741292995200877
0
0.0007785701755484584
0.0006024054748711841
0.0005897764292764004
0.0006350414373924221
0
0
0.005780616919825541
0
0
0.0006307698582171368
0
0
0.0021099251757363225
0
0.0005615236661972914
0.000514302297559128
0.00047762878907443634
0
0
0.0010889936390897149
0.00036838501540573066
0.0005127400184049386
0.0005906018686455765
0.0005068889311078252
0.0005848718435859521
0.00036838501540573066
0.00036838501540573066
0.002152984873200329
0
0
0
0.0005548784157097495
0
0
0
0.008356139309846822
0
0
0
0.0006719506929096569
0
0
0.0007015545056479875
0
0
0
0
0.0044892025015666435
0
0
0.000638887259874738
0
0
0.007887570750416158
0
0.0006517143399957753
0
0
0
0.003561055148922063
0
0.0007015545056479875
0
0
0.0021420560159759617
0
0
0.0006583229877492426
0
0.0006998093451861766
0
0
0.0010960650263565311
0
0.00048756214343993585
0
0
0.00032510403324134397
0.0005877228901772486
