0.0005765696234048417
0
0
0
0
0
0
0.0006080579106574024
0
0.0005560635528032319
0
0
0.0005723037266584664
0
0.0005777028184193953
0
0.0006108378927925776
0.0005850620899916169
0
0
0.0004075640515970443
0
0
0
0.0011058509932723413
0.00040801664910020596
0.00040801664910020596
0
0
0.0017944761539181217
0.001098412533676339
0
0
0
0
0
0
0
0
0
0
0
0.0008928772600601103
0
0.0008826882703056706
0.004073945862949249
0
0
0
0
0
0
0
0
0
0
0
0
0
0
0
0.0015957393811714894
0
0
0
0
0.0015957393811714894
0.0015957393811714894
0
0
0
0.0011125480469787597
0
0
0
0
0.0011348849189644337
0
0
0
0
0
0
0
0
0
0
0
0
0
0
0
0
0
0
0
0
0
0.0005661309591906555
0.001023451232631575
