1.7147984280919266
0
0.0007998126996697419
0
0
0
0
0
0
0
0.0006488075777873352
0.0006701048956982911
0
0
0.0007745250352718729
0
0
0
0
0.0007278431358624476
0
0.00047554032947640784
0
0
0
0
0.00047606841423984643
0.00047606841423984643
0
0.0003490328573360323
0
0
0.0003490328573360323
0.0003490328573360323
0
0
0
0
0
0
0
0
0.000748493421253569
0
0
0
0
0.000748493421253569
0.000748493421253569
0
0
0
0
0
0
0
0
0
0
0
0
0
0
0
0
0
0
0
0
0
0
0
0
0
0
0
0
0
0
0
0
0
0
0.0014254351023208036
0
0
0
0
0
0
0
0
0
0
0
0.00213018438272289
0
0.00213018438272289
0.00213018438272289
0
0
