0
0
0
0
0
0
0
0
0.00045465177853375193
0.0008862527290979533
0.0009153442606509927
0
0.0009121362784290849
0.0005289896032081956
0
0
0
0.0004662352633371597
0
0
0.0003247872938166792
0
0
0
0.0008812513028615087
0.000325147968212922
0.000325147968212922
0
0.0011919224318165532
0.0021450237756464197
0
0.0011919224318165532
0.0011919224318165532
0
0
0
0
0
0
0
0
0.0005112103804028569
0
0.00163916442477669
0.0014068264042077418
0
0.0005112103804028569
0.0005112103804028569
0
0.006654448758539461
0.0010754664660265795
0
0.0007700085348474327
0
0.006654448758539461
0.006654448758539461
0
0.0009110719420481876
0.0009280372278153289
0.0009075420236365324
0
0
0
0
0
0
0
0
0
0
0.0008116306178121588
0
0
0
0
0
0.0009043884027049769
0
0
0
0
0
0
0
0
0
0
0
0
0
0
0
0
0
0
0
0
0
0.0009022981367511133
0.000815587034472803
