1.8325814637483102
0.0007189413353269165
0
0
0
0
0
0
0
0
0
0.0007161318732896875
0
0.0007136220653225507
0
0.0007203543489576692
0
0.0007616714313168372
0
0
0
0.0005082034009285387
0.0016905733060408766
0.0013080524366511851
0.0012806299537025227
0.0013789175799460572
0.000508767757842396
0.000508767757842396
0
0.0003730066077240607
0
0
0.0003730066077240607
0.0003730066077240607
0
0
0
0
0
0
0
0
0
0
0
0
0
0
0
0
0
0
0
0
0
0
0
0
0
0
0
0
0
0
0.0015233428626336744
0
0
0
0
0
0
0
0
0
0
0
0
0
0
0
0
0
0
0
0
0
0
0
0
0
0
0
0
0
0
0
0
0
0
0
0
