0.0005284714193670496
0
0
0
0
0
0
0.0011146658237208187
0
0
0.0021056250847465564
0
0.0015736841681852913
0
0.0005295100817478811
0
0
0
0.0011435260169495836
0
0
0
0.0019230173418509772
0
0
0
0
0
0
0
0
0
0
0
0
0.0017925131709469189
0.0008208858305707553
0
0
0
0
0.00352791003395882
0
0
0.0016181064840439753
0
0.00352791003395882
0.00352791003395882
0
0
0.0012369822295377497
0.003558979254865547
0
0
0
0
0
0
0
0
0
0.005362942500048029
0
0
0
0
0.005362942500048029
0.005362942500048029
0
0
0
0
0
0
0
0.0010306607865085
0.001040211311171127
0.00199862559045491
0.0010346187772400995
0.0010322403432694327
0
0
0
0
0
0
0.007483742488703386
0
0
0
0
0.007483742488703386
0.007483742488703386
0
0
0
0
0
0
0
