0
0
0
0
0
0
0
0
0
0
0
0
0
0
0
0
0
0
0
0
0
0
0
0
0
0
0
0
0.000299140234084865
0.0008972380769590608
0
0.000299140234084865
0.000299140234084865
0
0
0
0
0
0
0
0
0.0006414997686857013
0
0
0
0
0.0006414997686857013
0.0006414997686857013
0
0
0
0
0.0019325127811425926
0
0
0
0
0.001714907783032604
0.001746841485806983
0.001708263428972036
0
0.0005319131270571631
0
0.0012216757855851553
0
0
0.0005319131270571631
0.0005319131270571631
0
0
0
0
0
0
0
0.004497860658175797
0
0.0014536854303253627
0.004515133548568177
0.004504753931215147
0
0
0
0
0
0
0.008164866500327455
0
0
0
0
0.008164866500327455
0.008164866500327455
0
0
0
0
0
0.0005661309591906555
0
