0.9416085398584451
0.00036940311489150454
0.0004391830876205434
0
0
0
0
0
0
0.0007310625309459977
0.00035626505480834095
0.00036795957008927126
0.0008448708298415837
0.00036666999215671537
0
0.00037012914302611837
0.00039087112488935037
0.0011740754861077867
0.0007496883279127747
0.0003996640661538392
0
0.0005222454463995813
0
0
0.0006580073653797659
0
0.0005228253969230679
0.0005228253969230679
0
0
0
0
0
0
0
0.0002692618072228897
0
0
0
0.00026964734818397625
0.0002694158912327454
0
0.0004110032910774531
0
0
0.0011310613091392733
0
0.0004110032910774531
0.0004110032910774531
0
0
0
0
0
0
0
0
0
0
0
0
0
0.0017039604412928792
0.000935992584352331
0.0007827169907385246
0.004148055241667159
0.0011303824007904502
0.0017039604412928792
0.0017039604412928792
0
0
0
0.0007127998030722521
0
0
0
0
0
0.00046568177045422604
0
0
0
0
0
0
0
0
0
0
0.0007344840404512052
0
0.0015615398670952654
0
0
0
0.0005848500247567982
0.0010879359212691451
0.0005848500247567982
0.0005848500247567982
0.00036271515402867686
0
