0.001087568755425403
0
0
0
0
0
0
0.0011469643184027108
0.0010761695487497484
0.001048888671047806
0.0010833187798278043
0.0010364187070357976
0.0008996017515509319
0.0010434405139940347
0.0010897062726333928
0.0009589777077554145
0.0011522081286697223
0.0011035878812019713
0.0013727708901425766
0
0.00038438890149464114
0.0021311598689878167
0.0019787385849959686
0.0016143796631605822
0.0017382823912586855
0.00012827192104290913
0.00012827192104290913
0
9.404344791299789e-05
0.0005641458603132584
0.0017265899088062728
9.404344791299789e-05
9.404344791299789e-05
0
0.0003963701397739994
0.0018444529325211919
0.0014077862876190085
0.0013074008477548347
0.000396937680065772
0.00039659696102708894
0
0
0.0002807019803138266
0.001939966940223479
0.0013874938726623383
0.001600954468456544
0
0
0
0
0
0.0030517533658953673
0.0015188542393049264
0
0
0
0
0.0003594208164889604
0
0
0
0
0
0.0019203468811162037
0
0.002773322086413917
0
0
0
0.0012158827884119964
0
0.0017488094610013574
0.0012158827884119964
0.0012158827884119964
0
0.0010605251559217108
0.0017839206934230063
0.0006855125513302057
0.001064597833171794
0.0010621504818311691
0
0
0.0023044162573394446
0.000958579791694105
0.000958579791694105
0
0.002566863664425326
0
0.0018020103728414924
0
0.00191556989882487
0.002566863664425326
0.002566863664425326
0
0.0005739570926665325
0.0013345911600131676
0.0005739570926665325
0.0005739570926665325
0.00017797976101562352
0.0016087585640548697
