0
0
0
0
0
0
0
0
0
0
0
0.0008221540887161553
0
0
0
0
0
0
0.0007778359353770417
0
0.0005082034009285387
0
0
0
0
0.000508767757842396
0.000508767757842396
0
0
0
0
0
0
0
0
0
0
0
0
0
0
0
0
0
0
0
0
0
0
0
0
0
0
0
0
0
0
0
0
0
0
0.0006632578587579841
0
0
0
0
0.0006632578587579841
0.0006632578587579841
0
0.004822582799337658
0
0.0013872683298624604
0.004822582799337658
0.004822582799337658
0
0
0
0
0
0
0
0.0018834341867916859
0
0.0019010181159214835
0.0019010181159214835
0
0
0
0
0
0
0
0
0
0
0.001058683687896193
0
0
0
0
