0.0006621969951310545
0
0
0
0
0
0
0
0
0
0.000989413915937314
0.00037863170493249393
0.00032864878126733995
0.0011435908811578983
0.0006634984829359504
0.0003503404193833661
0.0010523317584719813
0.0006719506929096569
0
0
0.001872368431047208
0
0.0006024054748711841
0.0005897764292764004
0
0.0018744476852738013
0.0018744476852738013
0
0.0006871321557455966
0
0
0.0006871321557455966
0.0006871321557455966
0
0.0009653646786325754
0.0005615236661972914
0.000514302297559128
0.00047762878907443634
0.000966746930463378
0.0009659171047719932
0
0.0025786951078401146
0.0005127400184049386
0
0
0
0.0025786951078401146
0.0025786951078401146
0
0
0
0
0
0
0
0
0
0.0016413264688730628
0.0016718899966214917
0.0016349672032052091
0
0.0003054542418727937
0
0
0
0
0.0003054542418727937
0.0003054542418727937
0
0
0
0.001277774519749476
0
0
0
0
0
0.0004173937043988768
0
0
0
0
0
0
0
0
0
0
0.0006583229877492426
0.007513086679179783
0.0006998093451861766
0
0
0
0.00209682005042119
0.0009751242868798717
0.00209682005042119
0.00209682005042119
0.0006502080664826879
0
