1.3862943611198906
0
0
0
0
0
0
0
0
0.0005381577488819451
0.0005245154601286003
0.0010834656984133573
0
0
0
0
0
0.0005761821949791732
0
0.0005884101702546225
0
0.00038444103192453985
0
0
0
0.0010431108812038303
0.00038486795144916457
0.00038486795144916457
0
0.0011286744238712726
0.000846333553797247
0
0.0011286744238712726
0.0011286744238712726
0
0.00039642389508718636
0
0
0
0.0003969915123481932
0.0003966507471015424
0
0
0
0
0
0
0
0
0
0
0
0
0
0
0
0
0
0.0016176130234771184
0.0016477349775592994
0.001611345634777091
0
0.000501735201273938
0
0
0
0
0.000501735201273938
0.000501735201273938
0
0
0
0
0
0
0
0
0
0
0
0
0
0
0.0011523643899583463
0
0
0
0
0.0012557014140578719
0
0
0
0
0
0
0
0
0
0
0
0.0009653860453481132
