0.001137345027957909
0
0
0
0
0
0
0.0007196754181873507
0.0006752544587573084
0.00043875784733480303
0.0015860607529388803
0.0013006247089568015
0.0013547161104040704
0.0005237746117912756
0.0011395803758902166
0.0009627538318853336
0.0016869199778763904
0.0013849167880245433
0.0004922058533556385
0
0.00032158541056735566
0
0.002069302267141121
0.0012155524009495643
0.00043628178724826344
0.0008048563232272934
0.0008048563232272934
0
0.0015342235779133419
0.00035397954533146654
0.000866694312784667
0.0015342235779133419
0.0015342235779133419
0.0014495462381323553
0.0001658045453968951
0.0015430964610856745
0.00035333241636376734
0
0.00016604195167610028
0.00016589942639569163
0
0.0030370239821192954
0.0003522591101172188
0.0004057512213106663
0.002785914691906028
0
0.0030370239821192954
0.0030370239821192954
0
0
0.0010648640867822628
0.0007659425300567267
0.0007624174822523894
0
0
0
0
0
0
0
0
0
0
0
0
0
0
0
0
0
0.00040181461902490795
0
0
0
0
0.001330876423686937
0.0017909451590824468
0.002294039546005706
0.0013359873162510187
0.0013329160810412464
0
0.0023836320462608104
0
0.002405885872418847
0.002405885872418847
0
0
0.0005251979123667954
0
0.0017205296595042795
0.0004807781884352754
0
0
0
0.0007202714226744624
0.0006699231603153578
0.0007202714226744624
0.0007202714226744624
0.0006700521901998562
0
