0
0
0
0
0
0
0
0.00151640998241482
0
0
0
0
0.0014272441306451013
0.0016554484767374075
0
0.00152144579804758
0
0
0
0
0.0005082034009285387
0.003381146612081753
0
0
0
0.000508767757842396
0.000508767757842396
0
0.002238039646344364
0
0.0041089270487630275
0.002238039646344364
0.002238039646344364
0
0
0
0
0
0
0
0
0
0
0
0
0
0
0
0
0
0
0
0
0
0
0
0
0.0007127893674633646
0.0007260623865880786
0.0007100276883953159
0
0
0
0
0
0
0
0
0
0
0
0
0
0
0
0
0
0
0
0
0
0
0
0
0
0
0
0
0
0
0
0
0
0
0
0
0
0
0.0014118501261543223
0
