0
0
0
0
0
0
0
0
0
0.0004816366537317017
0.0004974465321660366
0
0.00049570314478695
0.0005749619131946195
0
0
0
0.0005067538518363406
0.0005403080118051305
0
0.0003530132212459478
0
0
0.0008895637147539395
0
0.000353405240370041
0.000353405240370041
0
0.0005182030025698708
0
0
0.0005182030025698708
0.0005182030025698708
0
0.00036401649294048833
0
0
0.0007204106824068408
0.0003645377078501969
0.00036422479994646287
0
0.0011112751425690856
0
0
0
0
0.0011112751425690856
0.0011112751425690856
0
0
0
0
0
0
0
0
0
0.000990249456097151
0.0010086891250498317
0.0009864127669995254
0
0
0
0
0
0
0
0
0
0
0
0
0
0
0
0
0
0.0012591154063431133
0
0
0
0
0
0
0
0
0
0
0
0
0
0
0
0
0.0007906619104427874
0
0.0007906619104427874
0.0007906619104427874
0.0004903565777399413
0
