0
0
0
0
0
0
0
0
0
0
0
0
0
0.0007048996152956948
0
0
0
0
0.0006624141546114891
0
0.0008655838870020346
0
0
0.0010905994047971128
0
0.0008665451128621147
0.0008665451128621147
0
0.0031765677758287575
0
0
0.0031765677758287575
0.0031765677758287575
0
0
0
0
0
0
0
0
0.0013624161922869212
0
0
0
0
0.0013624161922869212
0.0013624161922869212
0
0
0.001433101697212735
0
0.0010260668956375203
0
0
0
0
0.001214039477452095
0.0012366463932366627
0.001209335721243447
0
0
0
0
0
0
0
0
0
0
0
0
0
0
0
0
0
0
0
0
0
0.004811863560939367
0
0.0048567875983340295
0.0048567875983340295
0
0
0.001413630206761475
0
0
0
0
0
0
0
0
0
0
0
0
