0.32850406697203605
0.0005155026551150036
0.00015322018049068845
0
0
0.005214350269397397
0
0
0.0004077419118395152
0.0012752487071895809
0.0007457527059524088
0.0006418602324580618
0.0002947546585662055
0.000639610722297578
0.0008902549240434581
0.0005165158285723837
0.0006818266230220757
0.0005461414247249145
0.0005230956480446435
0.001115463724862601
0
0.0011842908681742842
0.0003030480322620259
0.0007034348329165654
0
0.0004943627794914011
0.0011856060162788642
0.0011856060162788642
0
0.0008023710164185696
0.0006016558003150844
0.000736556203973175
0.0008023710164185696
0.0008023710164185696
0
0.0007515105907281352
0.0006556967404631458
0.0006005558811188958
0.0007436424832417342
0.000752586636820243
0.0007519406397070926
0
0.0007169447118551639
0.0009978859871568532
0
0.0005918992197694343
0.0006829606381955011
0.0007169447118551639
0.0007169447118551639
0
0
0.0012066265086208853
0.0013018655230067479
0.000647937015723937
0.0009676113901974552
0
0
0
0.00038331863123924854
0.0003904564979857798
0.000381833475752076
0
0.000475575920335919
0.0003265447981829384
0.00027307071236245726
0.0014471544800530223
0.0007887252508332197
0.000475575920335919
0.000475575920335919
0
0.0017289687735370317
0.00022765354606516704
0
0.0017289687735370317
0.0017289687735370317
0
0.0005026841116634064
0.0007610132825607012
0.0011372544356104115
0.0005046145421997481
0.000503454508769404
0
0
0.0008192121370873717
0
0
0
0
0.0005951160633551378
0.0005124868439501342
0.0009747895162374957
0.0008171742959503384
0
0
0
0.00020403979315033294
0.0011386622771994317
0.00020403979315033294
0.00020403979315033294
0.00012654239867952082
0.0004575265556713594
