0
0
0
0
0
0
0
0
0.0019340813744040965
0
0
0
0.0006467021833417644
0
0
0
0.0006902457218710104
0.0013222382219917604
0
0
0.0013816399391195098
0
0
0.0011605389285965415
0
0.0013831742422168109
0.0013831742422168109
0
0.0023661954910953707
0.0010138774156420334
0
0.0023661954910953707
0.0023661954910953707
0
0.0018996067564445536
0.001104944249382336
0
0
0.0019023266973902072
0.0019006937989375118
0
0
0
0.004648652783265642
0.0029923084807597315
0
0
0
0
0
0
0
0
0
0
0
0
0
0
0
0
0
0
0
0
0
0
0
0
0
0
0
0
0
0
0
0
0
0
0
0
0
0
0
0
0
0
0
0.001295422158207216
0
0
0
0
0
0
0
0
0
0
0
