0.0016533623484947235
0.0011794087573637267
0
0
0
0
0
0.0013077432642675997
0.0007362147833233202
0.000398639862496505
0.0007411056201019433
0.000567216773393412
0.0014770165746424242
0.00047588308788539414
0.0016566118814123627
0.0010496688982099753
0.00026274442807437974
0
0
0
0.002629630174488176
0.0005831762859289276
0.000902445530259754
0.00014725438945887667
0.0001585560807491742
0.002632550363465953
0.002632550363465953
0
0.003474130579395045
0.00025729063652704827
0.00015748956002664615
0.003474130579395045
0.003474130579395045
0
0.001446183800850918
0.00042060086090948604
0.00038523040459899913
0.00011925355479097484
0.0014482545107604985
0.0014470113738413908
0
0.0004598887632380021
0.00012802006762797845
0.000147460483775824
0.0002531183559347178
0.00014602982073156793
0.0004598887632380021
0.0004598887632380021
0
0.0011972785870207532
0.00019349956961951564
0.002226906539663435
0.00027708222395220585
0.0003103402523058211
0.0011972785870207532
0.0011972785870207532
0
0.0020490181963793517
0.0020871734480551953
0.0020410793424607957
0
0.0005338571187873933
0.00020946424584060886
0.0008758147602479325
0.002320716203916878
0.0002529664241484424
0.0005338571187873933
0.0005338571187873933
0
0.000554529029778033
0.00029205964146313587
0.0004785488977645402
0.000554529029778033
0.000554529029778033
0
0.00048367489972988344
0.00016271894310088998
0.00010421415989893795
0.0004855323302203975
0.0004844161639440288
0
0.00043313675501675754
0.0001751629520495865
0.0004371805628955447
0.0004371805628955447
0
0.0011706723961980698
0.00019087049938012004
0.0004931069375561292
0.0006252849593936277
0.00017472722331314473
0.0011706723961980698
0.0011706723961980698
0
0.0014397089096100484
0.00012173369804485992
0.0014397089096100484
0.0014397089096100484
0.0007305428666567307
0.00044022499578478944
