1.8325814637483102
0
0
0
0
0
0
0
0.00075820499120741
0
0
0
0
0.0007136220653225507
0.0008277242383687037
0
0.00076072289902379
0
0
0
0
0
0.0016905733060408766
0
0
0
0
0
0
0
0
0
0
0
0
0
0
0
0
0
0
0
0
0
0
0.0022012990555535256
0
0
0
0
0
0
0
0.002409706066730191
0
0
0
0
0
0
0
0
0.0026530314350319364
0.0018216515544217794
0
0
0
0.0026530314350319364
0.0026530314350319364
0
0.004822582799337658
0
0
0.004822582799337658
0.004822582799337658
0
0
0.0014151208214272667
0
0
0
0
0
0
0
0
0
0
0
0
0
0.0015195534525276205
0
0
0
0
0
0
0
0
0
