1.171182981502945
0.00045946762710982546
0.0005462607189845826
0
0
0
0
0
0.0009691212093528714
0
0
0
0.0005254297808447488
0.00045606813921454247
0.0005289896032081956
0.00046037066882977405
0.00048616977231338523
0.000973551938073936
0
0
0
0.0003247872938166792
0.0021608542094150277
0
0
0
0.000325147968212922
0.000325147968212922
0
0.0011919224318165532
0
0
0.0011919224318165532
0.0011919224318165532
0
0
0
0
0
0
0
0
0.0015336311412085706
0
0
0
0
0.0015336311412085706
0.0015336311412085706
0
0
0
0
0
0
0
0
0
0
0
0
0
0.0004238809198345802
0
0
0.002579698197143051
0
0.0004238809198345802
0.0004238809198345802
0
0.0030820604776393293
0.0008116306178121588
0.0008865881767622597
0.0030820604776393293
0.0030820604776393293
0
0
0
0
0
0
0
0
0
0
0
0
0
0.001060854149912088
0
0
0
0
0
0
0
0.002029779863956577
0
0
0.0009022981367511133
0
