1.7147984280919266
0.0013454675779458036
0
0
0
0
0
0
0
0.0006656826196009032
0
0
0
0.0006677563972320586
0
0.0013481119717703826
0
0
0
0
0
0
0
0
0
0
0
0
0
0
0
0
0
0
0
0.0004903627189282033
0
0
0
0.0004910648419507236
0.000490643327064929
0
0.002245480263760707
0.0020835946878395217
0.0011999988999943502
0.001029908965820977
0.0011883564990242041
0.002245480263760707
0.002245480263760707
0
0
0
0
0
0
0
0
0
0
0
0
0
0
0.0017045710020794497
0.0014254351023208036
0
0.002058581546328843
0
0
0
0
0
0
0
0
0
0
0
0
0
0
0
0
0
0
0
0
0
0
0
0
0
0
0
0
0
0
0
0
0.0006605540940261659
0
