0.0006727337889729018
0
0
0
0
0
0
0
0
0
0
0
0.0006677563972320586
0
0.0006740559858851913
0.0007118299826035395
0
0.0006826426863423275
0.0007278431358624476
0
0
0
0
0
0
0
0
0
0.0003490328573360323
0
0.001281613174956597
0.0003490328573360323
0.0003490328573360323
0
0
0
0
0
0
0
0
0.000748493421253569
0
0
0
0
0.000748493421253569
0.000748493421253569
0
0
0
0
0.001127415140099886
0
0
0
0
0
0
0
0
0
0
0
0
0
0
0
0
0
0
0
0
0
0
0
0
0
0
0
0
0
0
0
0
0
0
0
0
0
0
0
0
0
0.00213018438272289
0.0009906403397411476
0.00213018438272289
0.00213018438272289
0
0
