0
0
0
0
0
0
0
0
0
0
0
0
0
0
0
0
0
0
0.0007521039227215091
0
0.0004913912484558723
0
0
0
0
0.0004919369355724252
0.0004919369355724252
0
0.00036066697372926426
0
0
0.00036066697372926426
0.00036066697372926426
0
0
0
0
0
0
0
0
0.000773442532488815
0
0
0
0
0.000773442532488815
0.000773442532488815
0
0
0
0
0
0
0
0
0
0.0006892091956172211
0.0007020431227939285
0.0006865388771529932
0
0.0006413162656286194
0
0
0
0
0.0006413162656286194
0.0006413162656286194
0
0
0
0
0
0
0
0
0
0
0
0
0
0
0
0
0
0
0
0
0
0.005258032171904675
0
0
0
0
0
0
0
0
0
0
