0
0
0.002751058882784534
0.003323756964385912
0
0
0
0.00035891624646451094
0.0006735252854850334
0.0006564514322396694
0.0003389998310686687
0
0.0013512469901942727
0
0
0.0010803244927829678
0.0007211143538692627
0
0
0
0.0004811428550774948
0
0
0
0.0006527468530509578
0.0004816771614129501
0.0004816771614129501
0
0.0005297174237968999
0.0005296096261933596
0
0.0005297174237968999
0.0005297174237968999
0
0.0002480699364325774
0
0.0010572828369344585
0
0.00024842513393606047
0.00024821189347774624
0.0022387111424638016
0.000757311713404385
0.0021081423273504813
0.001214136553820466
0
0.0006011784945978677
0.000757311713404385
0.000757311713404385
0.0022130116523079667
0
0
0
0
0
0
0
0
0.00033741756814652783
0.0003437007003584481
0.00033611025482554167
0.003453425826850012
0.0009419115827412846
0
0
0
0.0010414172481449256
0.0009419115827412846
0.0009419115827412846
0
0
0
0
0
0
0
0
0.0006698846082661954
0.0008580618869482919
0
0
0
0
0
0
0
0
0
0
0
0
0
0
0
0.0011266241139022378
0
0.0010023114589309335
0
0
0.0010025045081333472
0
