0.0021568240059807496
0
0
0
0
0
0
0
0.002845623390913525
0
0
0
0.0007136220653225507
0
0.002161063046873007
0.00076072289902379
0
0
0
0
0
0
0
0
0
0
0
0
0
0
0
0
0
0
0
0
0
0
0
0
0.0023646212435462065
0
0.0011133544737231531
0
0.0011006495277767628
0
0
0
0.004674952713643648
0
0
0
0
0
0
0
0
0
0
0
0.0029181233499176915
0
0
0.0030466857252673487
0
0
0
0
0
0
0
0
0
0
0
0
0
0.0018126423973771613
0
0
0
0
0
0
0
0
0
0
0
0
0
0
0
0.0023799759269458576
0.00227649871273082
0
0.00227649871273082
0.00227649871273082
0
0
