0
0
0
0
0
0
0
0.00075820499120741
0
0.000693371722946769
0
0
0.0014272441306451013
0
0
0.00152144579804758
0
0.0007295308374794229
0.0015556718707540834
0
0
0
0.0013080524366511851
0
0.0013789175799460572
0
0
0
0
0
0.0013696423495876758
0
0
0
0
0.0012192824110101865
0
0
0
0
0
0
0
0
0
0
0
0
0
0
0
0
0
0
0
0
0
0
0
0
0
0
0
0
0
0
0
0
0
0
0
0
0
0
0
0.0014021281283460674
0
0
0.0014075126449679802
0.0014042769837151804
0
0
0
0
0
0
0
0
0
0
0
0
0
0
0.00113824935636541
0
0.00113824935636541
0.00113824935636541
0
0
