0.0005598730308513715
0
0
0
0
0
0
0
0.0011080095928883119
0
0.0005576851721923196
0
0
0
0.0005609734102359064
0
0
0
0
0
0
0
0
0
0
0
0
0
0.00029047758103809197
0
0
0.00029047758103809197
0.00029047758103809197
0
0
0
0
0
0
0
0
0.0006229228963946511
0
0
0
0
0.0006229228963946511
0.0006229228963946511
0
0
0
0
0
0
0
0
0
0.0022203288302452676
0.0016962555732648328
0.0016587946791632845
0
0.0010330194394789329
0
0
0
0
0.0010330194394789329
0.0010330194394789329
0
0
0.001977985246902489
0
0
0
0
0
0
0
0
0
0
0.0029334354689417182
0
0.0029608223146061117
0.0029608223146061117
0
0
0
0.0011131952852107222
0
0.0011833468952240015
0
0
0
0
0
0
0
0.002198946618860009
0.0009938136181338064
