0
0
0
0
0
0
0
0.0012913924271945952
0.0012116830343669785
0.0017714503385524044
0
0
0.0012154577478696795
0.0007048996152956948
0
0.0006478404932605514
0
0
0
0
0
0
0
0
0.001174302293652873
0
0
0
0.0006353135551657515
0
0
0.0006353135551657515
0.0006353135551657515
0
0
0.0010383551219325805
0
0.0008832188728153189
0
0
0
0.0006812080961434606
0
0
0
0
0.0006812080961434606
0.0006812080961434606
0
0
0
0.0020616218603232077
0.0010260668956375203
0
0
0
0
0
0
0
0
0.0005648381282173971
0
0
0
0
0.0005648381282173971
0.0005648381282173971
0
0
0
0
0
0
0
0
0
0
0
0
0
0
0
0
0
0
0
0
0
0
0
0
0
0
0
0
0
0
0
0.0010868020531091004
