0
0
0
0
0
0
0
0.0006080579106574024
0.0005705263858924463
0.0005560635528032319
0
0
0
0
0
0.0006100771980319393
0.0006108378927925776
0
0.0018714040365775998
0
0
0
0
0
0
0
0
0
0.000299140234084865
0
0
0.000299140234084865
0.000299140234084865
0
0
0
0
0
0
0
0
0
0.0008928772600601103
0
0
0
0
0
0
0
0
0
0
0
0
0
0
0.0005716359276775346
0.0005822804952689943
0.0005694211429906787
0
0.0010638262541143263
0
0.0012216757855851553
0
0
0.0010638262541143263
0.0010638262541143263
0
0
0.0030554593972119373
0.0011125480469787597
0
0
0
0
0
0.0014536854303253627
0
0
0
0
0
0
0
0
0
0.0013312282337490414
0.0011463931123704694
0
0
0
0
0
0
0
0
0
0.001132261918381311
0
