1.2729656758128876
0.0004993980681886574
0
0
0
0
0
0
0.0005266717731952368
0.000494163694026742
0
0
0
0.0009914062895739
0.0005749619131946195
0.0005003795895490911
0
0.0010581593315152848
0
0.0005403080118051305
0
0.0031771189912135297
0.0011743225791631803
0.0009086121883032745
0.001779127429507879
0.0009578372278501787
0.0031806471633303687
0.0031806471633303687
0
0
0.0007771463222300901
0
0
0
0
0
0
0
0
0
0
0
0
0
0
0
0
0
0
0
0
0
0
0
0
0
0
0
0
0
0
0
0
0
0
0
0
0
0
0
0
0.0008821660955044266
0
0
0
0
0.0009739599661919568
0.0019659701556955793
0.0006295577031715567
0.0009777002118378552
0.0009754526251439751
0
0
0
0
0
0
0
0
0.0009929529452518623
0
0.001055527094372212
0
0
0
0.0007906619104427874
0
0.0007906619104427874
0.0007906619104427874
0
0.0008864663480591139
