1.1086626245216111
0.00043494022146787413
0
0
0
0
0
0
0
0.00043038145361863785
0
0
0
0
0
0.00043579505680880944
0
0
0.0004413465861949089
0
0.007541922615793273
0
0
0
0
0
0
0
0.007593579620011034
0.00022565899135387974
0.0006768392091096527
0
0.00022565899135387974
0.00022565899135387974
0.005543313122608056
0
0
0
0
0
0
0.0028610648374751257
0.0009678416626116203
0.001347099179248616
0
0
0
0.0009678416626116203
0.0009678416626116203
0.002828220980922477
0
0.002036111339800939
0
0
0
0
0
0.010976857668530803
0
0
0
0.0017653863447796357
0.0004012532119151687
0.0011020503225860944
0
0
0
0.0004012532119151687
0.0004012532119151687
0.005897141619795804
0
0.0015366079341948872
0
0
0
0.010361332939454309
0
0
0
0
0
0.004677901369289498
0
0.00092158156651838
0
0
0.005627729058485335
0
0.0010042233917768218
0
0
0
0
0
0.0014398215902878067
0
0
0
0
0.00213532862966412
0
