0
0.0007506706681129199
0
0.006166428783272415
0
0
0
0
0
0
0
0
0.0018801844771426403
0
0
0.0013361875570229143
0.0006689268131480051
0
0
0.010948557227442859
0
0
0
0
0
0
0
0
0
0
0
0
0
0.00402359478108525
0.0009204677794876182
0
0.0009807665523669106
0.0009108307370877761
0.000921785745953093
0.0009209945135531332
0.004153388161120259
0
0
0
0
0.0011153415886584201
0
0
0.004105708960291072
0
0
0
0
0
0
0
0
0
0
0
0.003844198835431768
0
0
0.0013378536262960102
0
0
0
0
0
0
0
0
0
0
0
0
0
0
0
0
0.013581754535308861
0
0
0
0
0.0040848677980560915
0
0
0
0
0
0
0
0.004180358214114546
0
0
0
0
0
0
