0
0
0.003511059633872412
0.003181477407704312
0
0
0
0
0.0006446937914680322
0
0.0006489766341624271
0.0014901132407551824
0.0025868087333670575
0
0
0.0013787722763151937
0.0006902457218710104
0.0013222382219917604
0
0
0
0.0015320398586915597
0
0.005802694642982708
0.0012496096364346507
0
0
0
0
0
0
0
0
0
0
0
0.0010120238920302564
0
0
0
0.006428636929632197
0
0
0
0
0
0
0
0
0
0
0
0
0
0
0
0
0
0
0
0.0026444764439835207
0
0
0
0
0
0
0
0
0
0
0
0
0
0
0
0.002564835840651198
0
0
0
0.014014609340267095
0
0
0
0
0.004215053824420434
0
0
0
0
0
0
0
0.006470381325279159
0
0
0
0
0
0
