0.0009987961363773148
0
0
0
0
0
0
0
0.000494163694026742
0
0
0.0005710927213157862
0.00049570314478695
0
0.0010007591790981822
0
0
0
0
0
0.0003530132212459478
0
0
0
0
0.000353405240370041
0.000353405240370041
0
0
0
0
0
0
0
0
0
0
0
0
0
0
0.0011112751425690856
0.000773369183361414
0.0017816174608997724
0.0007645439494371696
0.0017643321910088532
0.0011112751425690856
0.0011112751425690856
0
0
0
0.001681592702526932
0
0
0
0
0
0.0004951247280485755
0.0005043445625249159
0.0004932063834997627
0
0
0
0
0
0
0
0
0
0
0.0008821660955044266
0
0
0
0
0.0009739599661919568
0
0
0.0009777002118378552
0.0009754526251439751
0
0
0
0
0
0
0
0
0
0
0
0
0
0
0.0007906619104427874
0
0.0007906619104427874
0.0007906619104427874
0.0004903565777399413
0.0008864663480591139
