0.0005136654844973567
0
0
0
0
0
0
0
0.0005082815683166779
0
0.0010233163892018463
0.0017622251951329236
0.0010197299999873538
0.0017741643902219
0.0005146750471634286
0.0005435173598936331
0.0010883901246747816
0.0005212314171909882
0
0
0
0
0.0009345705353203157
0
0
0
0
0
0
0.0015986975823977562
0.0009785749775663396
0
0
0
0.0014976646496811694
0.0008711465868155438
0
0.00222297677416598
0.0014998090721463485
0.0014985216823848496
0
0.0005715117066712187
0
0
0
0.002722106694352936
0.0005715117066712187
0.0005715117066712187
0
0
0
0
0
0
0
0
0
0
0
0
0
0
0
0
0
0
0
0
0
0
0
0
0
0
0
0
0
0.001295087359034384
0
0
0
0
0.0010883901246747816
0
0
0
0
0
0.0010213208424210314
0
0
0
0
0
0
0
0
0
0.000504365685664007
0.000911792005559723
