0.0013030452780083569
0
0
0
0
0
0
0
0
0
0.0006489766341624271
0
0.0006467021833417644
0.019502715165927248
0.0013056062946711093
0.0006893861381575969
0
0.0013222382219917604
0
0
0
0.0015320398586915597
0.0011853898692517136
0
0
0
0
0
0
0
0
0
0
0
0.0014247050673334152
0.002209888498764672
0.0010120238920302564
0.024436339206204256
0.0014267450230426553
0.0014255203492031336
0
0
0
0
0.0019948723205064876
0
0
0
0
0
0
0
0
0
0
0
0
0.0006459475716925907
0.0006579759139546953
0.0006434448689739058
0
0
0
0
0
0
0
0
0
0
0
0
0
0
0
0
0
0
0
0
0
0
0
0
0
0
0
0
0
0
0
0
0
0
0
0
0
0
0
0
