0.00031326312130944354
0
0
0
0
0
0
0
0.00030997969573671254
0.0003021217163139507
0.00031203895905344733
0.0007164716879477538
0.0003109453645707833
0.0010819887482625631
0.0003138788114063568
0
0.0006637636710039664
0.0006357545352052322
0
0
0.00022143862901213856
0.002209892148204165
0.000569955529063363
0.0005580067758335231
0
0.00022168453531864845
0.00022168453531864845
0
0.0006501182138960079
0
0
0.0006501182138960079
0.0006501182138960079
0
0.00045668155345597464
0
0
0.00045190022423190245
0.00045733545029654735
0.00045694288767826705
0
0.00209124669459041
0.00048512010705818444
0
0.00047958420193259556
0
0.00209124669459041
0.00209124669459041
0
0
0
0
0
0.001176005443619693
0
0
0
0.0003105825345071068
0.00031636596522098716
0.00030937919264539777
0
0
0
0
0
0
0
0
0
0.002101336042678346
0
0
0.002101336042678346
0.002101336042678346
0
0.0006109469749179583
0
0.0019745491993515617
0.0006132931614575819
0.0006118832921208978
0
0.0008206656692885629
0
0.0008283274857030826
0.0008283274857030826
0
0
0
0
0.0023694590392218744
0
0
0
0
0
0.00046129849579305116
0
0
0
0.0005560638553048549
