0.0005136654844973567
0.0012213930223729124
0
0
0
0
0
0
0
0
0
0
0.0005098649999936769
0
0.0005146750471634286
0.0005435173598936331
0
0
0
0
0
0
0
0
0
0
0
0
0.0007995114919501907
0.0007993487911988781
0
0.0007995114919501907
0.0007995114919501907
0
0.00037441616242029236
0
0
0
0.00037495226803658713
0.0003746304205962124
0
0.0005715117066712187
0.0015909274847919345
0.0009162584464546971
0.000786386378368626
0.0009073688981176453
0.0005715117066712187
0.0005715117066712187
0
0
0
0
0
0
0
0
0
0
0
0
0.0010424628343819763
0
0.001301524174934157
0
0
0
0
0
0
0
0
0
0
0
0
0
0
0
0
0
0
0.001345666310363579
0.0010883901246747816
0.0013582295850453965
0.0013582295850453965
0
0
0
0
0
0
0
0
0
0
0.0007564028422783144
0
0
0.000504365685664007
0
