0.0007189413353269165
0.00042737440852339323
0
0
0
0
0
0.000379102495603705
0.0003557029238641906
0.0003466858614733845
0.00035806593664484374
0.00041107704435807763
0.0007136220653225507
0.00041386211918435187
0.0007203543489576692
0.00076072289902379
0.0003808357156584186
0.00036476541873971144
0.00038891796768852086
0
0
0.0008452866530204383
0.0013080524366511851
0.0006403149768512613
0.0006894587899730286
0
0
0
0.0003730066077240607
0
0.0006848211747938379
0.0003730066077240607
0.0003730066077240607
0
0.0007860658266006478
0.0012192824110101865
0.001116746778640043
0.0010371145805027223
0.0007871913504073497
0.0007865156496773863
0
0
0
0.0006412111489672184
0.0005503247638883814
0.0006349901121789017
0
0
0
0
0
0
0.0006024265166825477
0
0
0
0
0
0
0
0
0
0
0.0007616714313168372
0
0
0
0
0
0
0
0.0006936341649312302
0
0
0
0
0.0007075604107136333
0
0
0
0
0
0.0007616714313168372
0
0
0
0
0
0.0007147353602762521
0
0.0007597767262638103
0
0
0
0
0.0005293418439480965
0
0
0
0.0006380854678789381
