0.0007189413353269165
0
0
0
0
0
0
0
0
0.000693371722946769
0.0007161318732896875
0
0.0007136220653225507
0
0.0007203543489576692
0
0
0
0.0007778359353770417
0
0
0
0
0
0
0
0
0
0
0
0.0013696423495876758
0
0
0
0
0
0
0
0
0
0
0.0015998092219540027
0.0011133544737231531
0.0012824222979344367
0.0011006495277767628
0.0012699802243578034
0.0015998092219540027
0.0015998092219540027
0
0
0
0
0
0
0
0
0
0
0
0
0
0
0
0
0
0
0
0
0
0
0
0
0
0
0
0
0
0
0
0
0
0
0.0015233428626336744
0
0
0
0
0
0
0
0
0
0
0
0
0
0
0
0.0021177751892314835
0
