0.3424903089467759
0.001746714011890187
0.00031948722849512676
0
0
0
0
0
0.0007085029146602728
0.0010636344998347076
0.0006479196158660157
0.0008030253433687594
0.0016901720046722903
0.0016004220044241863
0.0007734650156882924
0.0017501470189890277
0.0009951980749802539
0.002419923213672149
0.0017724418854729643
0.0010175858075668215
0
0.0008548011038605056
0.0003159504695080958
0.0012223065986680082
0.000478672688954264
0.00025770527385009473
0.0008557503555027715
0.0008557503555027715
0
0.0018821979119810605
0.001045452713512747
0.004095549284864286
0.0018821979119810605
0.0018821979119810605
0
0.002252581385695123
0.0018229690429635444
0.0025044995169782517
0.001744432812971694
0.002255806731321834
0.002253870416531
0
0.0017939256688613316
0.0016645944541763104
0.0009586852594731305
0.0014398991967732322
0.0011867301072306857
0.0017939256688613316
0.0017939256688613316
0
0
0.001572499122804297
0.0004524310554118572
0.0006755232918082366
0
0
0
0
0.00013321287784783193
0.00013569346630220916
0.00013269674891390002
0
0.0002479119138232182
0.002383133362452715
0.0011387873946692465
0
0.0008223056637377572
0.0002479119138232182
0.0002479119138232182
0
0
0.0004746920428922743
0.0007777978250116031
0
0
0
0.0002620430825912593
0.0005289425620799628
0.0016938195299049251
0.00026304939243223954
0.0002624446811852689
0
0.001055982453073307
0.0017081810920038698
0.0010658412104152775
0.0010658412104152775
0
0
0.0006204534582369129
0.0005343062542071388
0
0.0014199432377561192
0
0
0
0.0021272689996694153
0.0019785690869253375
0.0021272689996694153
0.0021272689996694153
0.00171509014495689
0.0009540120026372588
