0.8209805520698303
0.0006441589266926876
0
0
0.001572759678294694
0
0
0
0.0006793384791641128
0.0006374072609237813
0.0009318734983766519
0.0006416416975926772
0.0011049536367023288
0.000639392953325413
0.0011124397724523447
0.000645424962319049
0.0006815944807553593
0.0017061108729630723
0.00065364693636133
0.000696927463556732
0
0
0.001514724265811495
0.001757988334196639
0.0022948443104677295
0.001235486158118631
0
0
0
0.00033420743011187883
0
0.0012271757131088645
0.00033420743011187883
0.00033420743011187883
0
0
0.0010924558244442186
0.0015008785229795802
0.0009292366180756428
0
0
0
0
0.0004987731179039066
0.0011490280644784188
0.0009861628253091054
0.0011378801830489679
0
0
0
0
0
0.002169037125679869
0.001079527353149021
0
0
0
0
0
0
0
0
0.00029713375029671743
0
0.0013648886983704577
0
0.00394228356336053
0.00029713375029671743
0.00029713375029671743
0
0
0
0.0012429682847385774
0
0
0
0
0.0012679236325402784
0.00040602401190397146
0
0
0
0
0.0013648886983704577
0
0
0
0
0
0.001280780892464634
0
0.0013614934528521233
0
0
0
0
0.0009485621629922938
0
0
0
0.0011434269527434962
