0.004549380111831636
0
0
0
0
0
0
0.004797836121249004
0.00450169639171539
0.004606957397015431
0.004305022043691247
0.004942373894035846
0.0049672924048149245
0.004452084200225843
0.004558321503560866
0.005295146075369335
0.00506075993362917
0.004385569828744387
0.0046759556068785655
0
0
0.0048139911967495196
0.004552464987710466
0.003241473069198838
0.003926536085234371
0
0
0
0.0002360343966020526
0.003185815907983199
0.0043334715639233344
0.0002360343966020526
0.0002360343966020526
0
0.0004974136361906854
0.004243515267985605
0.0035333241636376733
0.0032813723557042563
0.0004981258550283009
0.0004976982791870748
0
0.0007592559955298239
0.0031703319910549696
0.0040575122131066635
0.0031341540283942823
0.0036163315712241717
0.0007592559955298239
0.0007592559955298239
0
0
0.0053243204339113144
0.00689348277051054
0.0038120874112619473
0.005977510260339609
0
0
0
0.00022552255746905567
0.00022972206626503257
0.00022464877770358085
0
0
0.005187242999280794
0.004819771365361115
0.006385666247279099
0.005568484948407607
0
0
0
0
0.0036163315712241717
0.003950315259104073
0
0
0
0
0.0040296266079355055
0
0
0
0
0
0.004337794228825004
0
0
0
0
0.004726781211301159
0.004522765173579892
0.003441059319008559
0.004327003695917478
0
0
0
0
0.0030146542214191103
0
0
0
0.004037733253850572
