0.0014959161349908606
0.0005081410218672313
0.0023032861540874076
0
0
0
0
0.00045074652498276535
0.002749011366747568
0.0004122036893240045
0.00042573440831705507
0.0017106730498392569
0
0
0.0014988562217341601
0.0006783651001764284
0.00045280729463148127
0.00021684999022359553
0.0013872508712436467
0
0
0
0
0
0
0
0
0
0.00022174930813827475
0.002660450185307311
0
0.00022174930813827475
0.00022174930813827475
0
0.00015576985285721247
0
0.000663896618454201
0.0006165559427749541
0.00015599289101995187
0.00015585899154268155
0.002108621324290343
0.00023776830006183846
0.000661879921557317
0
0.0006543269374674738
0
0.00023776830006183846
0.00023776830006183846
0.0013896101414328365
0
0.0005002086092210027
0
0.00035813752494521497
0.0008022491538168953
0
0
0
0
0
0
0.002602199882683146
0.013209091840243221
0.0016244349168240712
0.002264036473157406
0.001199839593483859
0.0006539341842036878
0.013209091840243221
0.013209091840243221
0
0.005733970267807073
0.0018874815503869436
0.0028865179622193063
0.005733970267807073
0.005733970267807073
0
0.004167767218375455
0
0.0005388003713567476
0.004183772468830046
0.004174154601085609
0
0
0
0
0
0
0
0.0034538860761700214
0
0
0.0027100854499585666
0
0
0.0028297515607359582
0.0030450587447049984
0.0012587571933949668
0.0030450587447049984
0.0030450587447049984
0.003776998905219605
0.001896682365743983
