0.0008821010877262318
0
0
0
0
0
0
0.0006977065595616978
0.0002182138657428343
0.0014887750386208052
0.0006589905253851597
0.00025218435089885205
0
0
0.0008838347769709768
0
0.0002336321355584128
0.000447546909357915
0.0007157711181921153
0
0.00015588433670369974
0
0
0
0.0004229638210335148
0.0001560574453507888
0.0001560574453507888
0
0.00022882919525892172
0.0010295218281200387
0
0.00022882919525892172
0.00022882919525892172
0
0
0
0
0
0
0
0.0021759441993040303
0.0004907192650838422
0.0003415060256096848
0.00039336523313753755
0.0006752179197039534
0
0.0004907192650838422
0.0004907192650838422
0.0014339768320243396
0
0
0
0.0007391438765990023
0.0008278629133336395
0
0
0
0.001530467688477164
0.0015589668886984106
0.0015245379415245207
0.001342640728073745
0.002644786802749199
0.0011175326404642965
0.0014017928133504768
0.0012381473968139675
0.0006748126268349833
0.002644786802749199
0.002644786802749199
0
0
0.0003895487998292039
0.0008510505952362471
0
0
0
0.0004300833344709573
0.0017362746506673088
0
0.00043173496017937115
0.0004307424660180392
0.0023718097812385703
0
0
0
0
0.0014266977618110181
0
0.0005091656867332801
0.000438470294971561
0
0.0013983057665510974
0
0
0.002190073707091719
0.0010474265555656048
0.0006494730423495565
0.0010474265555656048
0.0010474265555656048
0.0012991962669188166
0.00039144771459160253
