1.1394342831883648
0.00044701227272984104
0
0
0
0
0
0
0
0.00044232697328740867
0
0.0008905308973726963
0
0.0008874098778725582
0.0005146496310697221
0.00044789083458662143
0.0004729905700242278
0.00047358033382725054
0
0.0004836308502497304
0
0.0006319657699325374
0.0010511386376276428
0.0008133007017761348
0.000796250372598438
0.0008573621393441421
0.0006326675642356274
0.0006326675642356274
0
0.0009276892189606064
0
0.0008515951294382398
0.0009276892189606064
0.0009276892189606064
0
0
0
0.0006943536155931535
0
0
0
0
0.0009947047430714665
0
0.0007973647887952167
0
0
0.0009947047430714665
0.0009947047430714665
0
0
0
0
0
0
0
0
0
0.0008863743937676895
0.0009028797806563905
0.000882940165198268
0
0
0
0.0018943213353090022
0
0
0
0
0
0
0
0
0
0
0
0
0
0
0
0
0
0
0
0
0
0
0
0
0
0
0
0
0
0
0.001415446314519708
0
0.001415446314519708
0.001415446314519708
0
0
