0.0006515226390041784
0
0
0
0
0
0
0
0
0
0
0
0.0006467021833417644
0
0.0006528031473355546
0.0006893861381575969
0
0
0
0
0.00046054664637317
0
0
0
0
0.000461058080738937
0.000461058080738937
0
0.0003380279272993387
0
0
0.0003380279272993387
0.0003380279272993387
0
0
0
0.0010120238920302564
0
0
0
0
0.0007248935865655394
0
0
0.0009974361602532438
0
0.0007248935865655394
0.0007248935865655394
0
0
0
0
0
0
0
0
0
0
0
0
0
0
0
0
0
0
0
0
0
0
0
0
0
0
0
0
0
0
0
0
0
0
0
0
0
0
0
0
0
0
0
0
0
0
0.002063020132697703
0.0009594056654082327
0.002063020132697703
0.002063020132697703
0
0
