0.0005283205596420287
0
0
0
0
0
0
0.0008357607198143553
0.0005227830382482651
0.0002547652490593135
0
0
0.0007866174687660812
0.00030413033119411267
0.0005293589255218283
0.0005590241206008846
0.0002798605790788718
0.0005361023513246542
0.0005715997905464902
0
0.000373457877572804
0
0.0004806170972617884
0.000941082534261028
0.0010133100876806103
0.0003738726003685539
0.0003738726003685539
0
0.0008223218643563186
0.0008221545216895794
0.0005032470502718726
0.0008223218643563186
0.0008223218643563186
0
0.0009627460012350094
0
0
0.0003810665270309935
0.0009641245035277283
0.0009632969288465887
0
0.0011756343138607866
0.0012272379464102652
0.00047119982733643493
0.0008088222862027213
0.00046662824204003154
0.0011756343138607866
0.0011756343138607866
0
0
0
0.0008894908233339043
0.00044269858860208124
0
0
0
0
0.0005237997302713073
0.0005335535287351549
0.0005217702853651806
0
0.0004874010519462653
0
0.0011194423163154873
0
0
0.0004874010519462653
0.0004874010519462653
0
0
0.00046662824204003154
0.0005097233559907384
0
0
0
0
0
0
0
0
0
0
0.0005597211581577436
0
0
0
0
0.0012198270892459521
0
0
0.0005583288169682965
0
0
0
0.00041822643059861216
0.00038899165410962767
0.00041822643059861216
0.00041822643059861216
0
0
