0.0011531392468096834
0.000685483194990178
0
0
0
0
0
0.0012161158213148048
0
0.0011121271056064638
0
0
0.0011446074533169328
0.0006638102845794678
0.0011554056368387907
0.0006100771980319393
0
0
0.0012476026910517332
0
0
0.0013557896402757764
0
0
0
0
0
0
0
0.0008972380769590608
0
0
0
0
0.002101338247153191
0
0
0
0.0021043470361668693
0.0021025407296980567
0
0.0006414997686857013
0.0017857545201202206
0.0010284646396493643
0.0017653765406113412
0.0010184864657373123
0.0006414997686857013
0.0006414997686857013
0
0
0
0
0
0
0
0
0
0
0
0
0
0
0
0
0
0
0
0
0
0
0
0
0
0
0
0
0
0
0
0
0
0
0
0
0
0
0
0
0.0011463931123704694
0
0
0
0
0
0
0.0008490329116458358
0
0
0
0
