0.0004993980681886574
0
0
0.0024386315628599376
0
0
0
0
0.000494163694026742
0
0.0004974465321660366
0.0011421854426315724
0.00049570314478695
0
0.0005003795895490911
0.0005284207869708956
0
0.0010135077036726812
0.0032418480708307834
0
0
0.0011743225791631803
0
0
0.003831348911400715
0
0
0
0.0010364060051397416
0
0
0.0010364060051397416
0.0010364060051397416
0
0.0018200824647024415
0.0016938997682140887
0
0.0007204106824068408
0.0018226885392509844
0.001821123999732314
0
0.0016669127138536283
0
0.0008908087304498862
0.0015290878988743393
0
0.0016669127138536283
0.0016669127138536283
0
0
0
0
0
0
0
0
0
0.000990249456097151
0.0010086891250498317
0.0009864127669995254
0
0
0
0
0
0
0
0
0
0
0
0
0
0
0
0
0
0
0
0
0
0
0
0
0
0
0
0
0
0
0
0
0
0
0
0
0
0
0
0
