0
0.0003936427566672243
0
0
0
0
0
0.0006983616634625809
0.0009828843986349328
0.0006386455318157616
0.0006596092772915428
0.0007572634098649879
0.0009859463438020198
0.002668378722701763
0
0.0007006808387667323
0.0017538862641199688
0.0006719506929096569
0.0010746647754174819
0
0
0.0007785701755484584
0
0.0011795528585528008
0.0012700828747848442
0
0
0
0.001202481272554794
0
0
0.001202481272554794
0.001202481272554794
0
0.0007240235089744315
0.0011230473323945828
0
0.0019105151562977454
0.0007250601978475335
0.0007244378285789948
0
0
0.0005127400184049386
0
0.0005068889311078252
0.0005848718435859521
0
0
0
0
0.0015499909463627714
0
0.0005548784157097495
0.0012429603391672002
0
0
0
0.0003282652937746126
0.00033437799932429835
0.00032699344064104186
0
0.0003054542418727937
0
0
0.0018589649125430156
0
0.0003054542418727937
0.0003054542418727937
0
0
0.0017546155307578567
0
0
0
0
0
0
0.0004173937043988768
0
0
0
0
0.0007015545056479875
0
0
0
0
0
0.0006583229877492426
0
0
0
0
0
0
0.0014626864303198075
0
0
0.0013004161329653759
0.0005877228901772486
