1.6607312068216509
0.0006515226390041784
0.004647568675806859
0
0
0
0
0
0
0.0006446937914680322
0
0
0
0
0
0.0006528031473355546
0
0
0
0.0028195776007158757
0.011297491202868373
0
0
0
0
0
0
0
0
0
0.002027754831284067
0
0
0
0
0
0
0
0
0
0
0
0
0
0
0
0
0
0
0
0
0.0076250284978037226
0
0.0021837359721520724
0
0
0
0
0.0006459475716925907
0.0006579759139546953
0.0006434448689739058
0
0
0.0016508262493256966
0
0
0
0
0
0
0
0
0
0
0
0.031041704800404687
0.0012706436165429616
0
0.02381859792177442
0.0012755232003238486
0.001272590963081725
0
0
0
0
0
0
0
0.006017142053701634
0
0
0
0
0
0
0
0
0
0
0
0
