1.5141277326297755
0
0
0
0
0
0
0
0.000626449206714843
0
0.0005728822295231841
0.0005916872733996778
0
0
0
0
0.0006285295693772418
0
0.0006027578553462482
0
0
0.0004198912181446965
0
0
0
0.0011392985196612307
0.00042035750489444076
0.00042035750489444076
0
0
0
0.001131635076703868
0
0
0
0
0
0
0
0
0
0
0
0
0
0
0
0
0
0
0
0
0
0
0.002229937750559316
0
0
0
0
0
0
0
0.0016440040528010592
0
0.001258626544164402
0
0.001817680351296249
0.0016440040528010592
0.0016440040528010592
0
0
0
0
0
0
0
0.0011584756944374717
0
0
0.0011629245258293207
0.0011602511361147704
0
0
0
0
0
0
0
0.009600447580080098
0
0
0
0
0
0
0
0.001749425456533536
0
0
0.0023330165371799314
0
