0
0
0
0
0
0
0
0
0
0
0
0
0
0
0
0
0
0
0
0
0.0003957616072213383
0
0.0010186412245825453
0
0
0.0003962010981788301
0.0003962010981788301
0
0.00029047758103809197
0
0
0.00029047758103809197
0.00029047758103809197
0
0.00040809732789252103
0
0
0
0.00040868165969076343
0.0004083308599828744
0
0
0
0
0
0
0
0
0
0
0
0
0
0
0
0
0
0.0005550822075613169
0.0005654185244216109
0.0005529315597210949
0
0
0
0
0
0
0
0
0
0
0
0
0
0
0
0.0010919023379037075
0
0.0007057944389911701
0.0010960955112443516
0.0010935757514483877
0
0.0014667177344708591
0
0.0014804111573030558
0.0014804111573030558
0
0
0
0
0.004234766633947021
0
0
0
0
0.0017728153486212992
0
0.0017728153486212992
0.0017728153486212992
0
0
