0.16251892949777494
0.00012751583326620238
7.58017395045592e-05
0.0001717959085600158
0.00031133894539803626
0
0
0
0.00013447987546361185
6.308964654416729e-05
0.00012298065039559208
0.00019052629483912653
0.00014582227859827272
6.328618749913355e-05
0
0.00012776645400768471
6.746323349845369e-05
6.754735224346424e-05
6.4697026073955e-05
6.898086990567697e-05
0.0011055709489644554
9.013806405866608e-05
0.0001499252117138145
0.00011600209100483579
0.00011357018134016417
0.00012228662866649732
9.023816185328982e-05
9.023816185328982e-05
0.0011131433527244857
3.307936688332484e-05
9.921790567629727e-05
0.00012146407286829218
3.307936688332484e-05
3.307936688332484e-05
0.00040629732374443736
4.6473814554696866e-05
0.00010812969361129405
9.90365201083333e-05
9.197449320756929e-05
4.654035781723223e-05
4.65004090122389e-05
0.00020970184451325798
7.093798755904623e-05
9.873568013230555e-05
0.00034118739572660937
9.760896666533029e-05
0.0001126257307676888
7.093798755904623e-05
7.093798755904623e-05
0.0004145891058616707
0
0.00044771054958064725
0
0.00010685005226678169
0
0
0
0.0016090983118591579
6.321234130601904e-05
6.438943324000592e-05
6.296742715915341e-05
0.00012939405214791
0.00011763947122531664
0.00016154963170752975
0.00013509470448692847
0
0
0.00011763947122531664
0.00011763947122531664
0.0008644623909456114
0.0004276813934151972
0.0001126257307676888
0.00012302719871141177
0.0004276813934151972
0.0004276813934151972
0.001518868499979205
0.00012434501109240623
0.00037649172856627395
8.037533605231204e-05
0.0001248225264959869
0.00012453557815921451
0.000685733879737447
0.00016702870451980981
0.00013509470448692847
0.00016858810113877068
0.00016858810113877068
0.0004124845926339465
0
0.00014720917526972368
0.00012676983580169653
0
0.00013475864800810525
0
0
0.00021106354480230512
0.00010094343447066767
9.388730762436449e-05
0.00010094343447066767
0.00010094343447066767
0.00018781078139188168
0.00011317474199009397
