0
0
0
0
0.028126299078283734
0
0
0.0007331224004682976
0
0
0.0006924411261945586
0
0
0.0008003418436910006
0
0
0
0.0007053968319792498
0.0007521039227215091
0
0
0
0
0
0
0
0
0
0
0.0010817807337801437
0
0
0
0
0
0
0
0.0010028052302953456
0
0
0
0.000773442532488815
0
0
0
0
0.000773442532488815
0.000773442532488815
0
0
0
0
0.0011649946363786164
0
0
0
0
0
0
0
0
0
0
0
0.003902988638616466
0.002127199089954232
0
0
0
0
0
0
0
0
0
0
0.0013683064416462358
0.0017526773906348916
0
0
0
0
0
0
0
0
0
0.0016050333713151046
0
0
0
0
0
0
0
0
0
0
0
0
