0
0
0
0
0
0
0
0.00075820499120741
0
0
0.001432263746579375
0
0.0007136220653225507
0.0008277242383687037
0
0.00076072289902379
0
0
0
0
0.0005082034009285387
0.0016905733060408766
0
0
0
0.000508767757842396
0.000508767757842396
0
0.0003730066077240607
0
0
0.0003730066077240607
0.0003730066077240607
0
0.0005240438844004319
0.002438564822020373
0
0
0.0005247942336048998
0.0005243437664515909
0
0
0
0
0
0
0
0
0
0
0
0
0
0
0
0
0
0
0
0
0
0
0
0
0
0
0
0
0
0
0
0
0
0
0
0
0
0
0
0
0
0
0
0
0
0
0
0
0
0
0
0
0
0
0
0
0
0
0
0
