1.2378743560016172
0
0
0.0013085352600439928
0
0
0
0
0.0010243064592483386
0
0
0
0.0011106992875743536
0.0009640766012473654
0.0022364487009965983
0
0.0010277080581167432
0.0010289894896106544
0.0004927843773891788
0.0005254135636679191
0
0
0.003425851538749863
0
0
0.0027942987720126797
0
0
0
0.0007558768711591393
0
0.0009251676801207902
0.0007558768711591393
0.0007558768711591393
0
0
0
0
0
0
0
0.0015972572335504738
0.001080641079006213
0
0.003465008694196269
0
0.002573543359670722
0.001080641079006213
0.001080641079006213
0
0
0
0
0.0008138555923745018
0
0
0
0
0.00048147582886099463
0.0004904415039626059
0.0004796103665252295
0.0009855687547783577
0
0
0
0
0
0
0
0
0
0
0.0009370736987143204
0
0
0
0
0
0
0
0
0
0
0
0
0
0
0
0
0
0
0
0
0
0.001607629033768334
0
0
0
0
0
0.0008620294958228532
