0.0007189413353269165
0
0
0
0
0
0
0
0.0003557029238641906
0.000693371722946769
0
0.00041107704435807763
0
0.00041386211918435187
0.0007203543489576692
0
0.0007616714313168372
0.0010942962562191343
0.00038891796768852086
0
0.0005082034009285387
0
0
0
0
0.000508767757842396
0.000508767757842396
0
0.001119019823172182
0.0022375842048208915
0.0006848211747938379
0.001119019823172182
0.001119019823172182
0
0
0
0.0005583733893200215
0.0005185572902513611
0
0
0
0.0015998092219540027
0
0
0
0
0.0015998092219540027
0.0015998092219540027
0
0.005206197340194063
0.0008414056307384344
0.0012104236880768231
0.0006024265166825477
0.0013494708864125995
0.005206197340194063
0.005206197340194063
0
0.0003563946837316823
0.0003630311932940393
0.00035501384419765796
0
0
0.0018216515544217794
0.0007616714313168372
0
0
0
0
0
0
0
0
0
0
0
0
0
0
0
0
0
0.0009417170933958429
0.0007616714313168372
0.0009505090579607418
0.0009505090579607418
0
0
0.0016599469780328897
0
0
0
0
0
0
0
0.001058683687896193
0
0
0
0
