0.7339691750802005
0.000287943968254296
0
0
0
0
0
0
0.0003036694973438976
0.0008547777660095503
0.0005554061105412036
0.0017209124855338816
0.00032928181923741614
0.0008574406250936922
0.00033151272587181595
0.0002885098958648587
0.000609355894628643
0.0009151735350127188
0
0
0
0.0006106232737772051
0.0006770933349448344
0
0.0005129064815375266
0
0.0006113013673627434
0.0006113013673627434
0
0.00044817983416254865
0.0017923545179003677
0
0.00044817983416254865
0.00044817983416254865
0
0
0
0.00044726945464972615
0
0
0
0
0
0.00044591079895516433
0
0.0004408223273754958
0
0
0
0
0
0
0
0.0009651139711771211
0.0010809560752285722
0
0
0
0.0002854800369817972
0.00029079602816172763
0.00028437395392491306
0
0.0013282105955124874
0.0007295916253282311
0.0006101156900084792
0.0032333443836132184
0.0017622309125575042
0.0013282105955124874
0.0013282105955124874
0
0
0
0
0
0
0
0
0.0005667715637684947
0.00036299167907032667
0
0
0
0
0
0
0
0
0.004077606528223337
0.0013296543026815226
0.0005725188573168491
0.00217795007442196
0
0.004077606528223337
0.004077606528223337
0
0.00045588147520509353
0
0.00045588147520509353
0.00045588147520509353
0.0011309232281667188
0.0010222411909194993
