0.0003046405608077663
0
0
0
0
0
0
0
0.0006028950229029474
0.0002938058227389316
0
0
0.0003023866002721948
0.0003507356772804861
0.0003052393040483476
0.00032234486903237705
0.000322746795302991
0.00030912770282603356
0.0006591925207971106
0
0.001938091820712969
0
0
0.0005426476516415069
0.0023371822106817044
0.0019402440603806127
0.0019402440603806127
0
0.0006322237244038236
0.0004740713000604373
0
0.0006322237244038236
0.0006322237244038236
0
0.00044411140377408997
0
0.0004732046249232153
0.0004394616805314071
0.00044474730211855457
0.00044436554477768033
0
0.0010168425877332993
0
0.0005434071305101443
0.001865534629427018
0
0.0010168425877332993
0.0010168425877332993
0
0
0.0007130659224049553
0
0.0005105383231420094
0
0
0
0
0.00030203375709801487
0.0003076579990091111
0.00030086353719449685
0
0.0005620910528403882
0
0
0
0
0.0005620910528403882
0.0005620910528403882
0
0
0
0
0
0
0
0.0005941306729143047
0
0.001152119865725514
0.0005964122807211953
0.0005950412180068937
0
0
0
0
0
0
0
0.0007033775267201053
0
0
0
0
0
0
0.0009646320366447159
0
0.0009646320366447159
0.0009646320366447159
0.00029912511151733293
0
