0.0006727337889729018
0
0
0
0
0
0
0
0.0013313652392018063
0
0
0.001538625776663909
0.0013355127944641172
0.0007745250352718729
0.0006740559858851913
0.001423659965207079
0
0.0006826426863423275
0.0007278431358624476
0
0.00047554032947640784
0
0
0
0
0.00047606841423984643
0.00047606841423984643
0
0.0017451642866801616
0
0
0.0017451642866801616
0.0017451642866801616
0
0
0
0
0
0
0
0
0.000748493421253569
0
0
0
0
0.000748493421253569
0.000748493421253569
0
0
0
0
0
0
0
0
0
0
0
0
0
0
0
0
0
0
0
0
0
0
0
0
0
0
0
0
0
0
0
0
0
0
0
0
0
0
0
0
0
0
0
0
0
0
0
0
0
0
0
0
