0.00023453785827996093
0
0
0.0011452816106429509
0
0
0
0.0002473467111111379
0.0002320795810386725
0.00022619636804979964
0.0002336213367548341
0.00026820861406712444
0.0013968154223262157
0.00027002574559874455
0.0002349988210517376
0.00024816811986534676
0.0007454326692713471
0.0002379924366065368
0.0005075016984343127
0
0.0009947371060825632
0
0
0
0
0.0009958417558394565
0.0009958417558394565
0
0.00036505414253345435
0
0.0008936278038200605
0.00036505414253345435
0.00036505414253345435
0
0.0003419142126140237
0.00039776247555264166
0.0003643126147200612
0
0.0003424037805015008
0.000342109871677036
0
0.00026095024039965973
0
0.0004183603924112109
0
0
0.00026095024039965973
0.00026095024039965973
0
0.003396801140656934
0.0005489779621263732
0
0
0.0008804668641467163
0.003396801140656934
0.003396801140656934
0
0.000930123688456819
0.0009474437412925839
0.0009265199546774435
0
0.00021637242155469433
0
0
0
0.0007176914774977435
0.00021637242155469433
0.00021637242155469433
0
0
0.00041430145582510076
0
0
0
0
0.00045741163026443793
0
0.0002956661724805244
0.00045916820334533057
0.0004581126442571804
0
0.0006144265167067014
0
0.0006201628638543781
0.0006201628638543781
0
0
0
0.0023316575692496895
0
0
0
0
0
0.00037132732966187605
0
0.00037132732966187605
0.00037132732966187605
0.00023029160275640233
0
