0.0006515226390041784
0
0
0
0
0
0
0
0.0006446937914680322
0.0006283508160505679
0.0006489766341624271
0
0
0
0.0006528031473355546
0
0
0
0
0
0
0.0015320398586915597
0
0
0
0
0
0
0.0003380279272993387
0.0010138774156420334
0
0.0003380279272993387
0.0003380279272993387
0
0
0
0
0
0
0
0
0
0
0
0
0
0
0
0
0
0
0
0
0
0
0
0
0.003229737858462954
0.0032898795697734766
0.003217224344869529
0
0.001202121756657004
0
0
0
0
0.001202121756657004
0.001202121756657004
0
0
0
0
0
0
0
0
0.001282417920325599
0
0
0
0
0
0
0
0
0
0
0
0
0
0
0
0
0
0
0
0
0
0.0006397269671886175
0.001156498054889729
