1.7719568419318754
0.0013903152937872697
0
0
0
0
0
0
0
0.0006878714448493305
0
0
0
0.0006900143465466804
0.0008003418436910006
0.0013930478317074493
0.0007355570120099109
0
0.0007053968319792498
0
0
0
0
0.0012647800442054785
0
0
0
0
0
0
0
0
0
0
0
0.000506707704298506
0.0011789466679520129
0.001079803072475244
0.0010028052302953456
0.0005074332307937788
0.0005069976657888056
0
0
0
0
0
0
0
0
0
0
0
0
0
0
0
0
0
0
0
0
0
0
0
0
0
0
0
0
0
0
0.001227967319426109
0
0
0
0
0
0
0
0
0
0
0
0
0
0
0
0
0
0
0
0
0
0
0
0
0
0
0
0.0006825719730091971
0.0012339532325430888
