0.0006122588263101877
0
0
0
0
0
0
0
0
0
0
0
0.0006077288739348397
0
0.000613462165198376
0
0
0.0006212769698505845
0
0
0.0004327919435010173
0
0
0
0
0.0004332725564310573
0.0004332725564310573
0
0.0006353135551657515
0
0
0.0006353135551657515
0.0006353135551657515
0
0
0
0
0
0
0
0
0.0006812080961434606
0.0009481456550818155
0.001092125786049453
0.0009373259749337347
0.0010815299710773862
0.0006812080961434606
0.0006812080961434606
0
0
0
0
0
0
0
0
0
0
0
0
0
0.0005648381282173971
0
0
0
0
0.0005648381282173971
0.0005648381282173971
0
0
0
0.001181413889678023
0
0
0
0
0
0
0
0
0
0
0
0
0
0
0
0
0
0
0
0
0
0
0
0
0
0
0
0
