0.0006727337889729018
0
0
0
0
0
0
0
0
0.0006488075777873352
0.0020103146870948728
0.001538625776663909
0.0006677563972320586
0.0007745250352718729
0.0006740559858851913
0
0
0
0
0
0
0
0
0
0
0
0
0
0
0
0.001281613174956597
0
0
0
0
0
0
0.0019409150289665272
0
0
0
0.000748493421253569
0.0010417973439197608
0.0011999988999943502
0.001029908965820977
0.0011883564990242041
0.000748493421253569
0.000748493421253569
0
0
0
0
0
0
0
0
0
0
0
0
0
0
0
0
0
0
0
0
0
0
0
0
0
0
0
0
0
0
0
0
0
0
0.0014254351023208036
0
0
0
0
0
0
0
0
0
0
0
0
0.0019812806794822953
0
0
0
0
