0
0
0
0
0
0
0
0.0011146658237208187
0
0
0.0005264062711866391
0.0012086798097502103
0
0.001216868697350144
0
0.0005591837475992567
0
0.00160876629932318
0.0011435260169495836
0
0.001494258067627964
0
0
0
0
0.0014959174325003992
0.0014959174325003992
0
0.0005483711166157579
0
0
0.0005483711166157579
0.0005483711166157579
0
0.002696458546115604
0
0
0.001524701355932778
0.0027003194546867883
0.0026980015839102333
0
0.0011759700113196066
0.0008183922527136144
0
0
0
0.0011759700113196066
0.0011759700113196066
0
0
0.0024739644590754993
0.003558979254865547
0.0017712999973262453
0
0
0
0
0
0
0
0
0
0
0
0.005934245145227355
0
0
0
0
0
0
0
0
0
0
0
0
0
0
0
0
0
0
0
0
0
0
0
0
0.00799450236181964
0
0
0
0
0
0
0
0
0
0
