0.0005438581251941509
0
0
0
0
0
0
0.0005735599342655732
0
0
0.0005417328492066787
0
0.001079668505545086
0
0.0005449270287420954
0.0005754646579991244
0
0
0
0
0.00038444103192453985
0
0
0
0.0020862217624076605
0.00038486795144916457
0.00038486795144916457
0
0.0011286744238712726
0
0
0.0011286744238712726
0.0011286744238712726
0
0.001189271685261559
0
0
0
0.0011909745370445794
0.001189952241304627
0
0
0
0
0.0008326092258978321
0
0
0
0
0
0
0
0
0
0
0
0
0.0005392043411590395
0.0005492449925197665
0.0005371152115923636
0
0.000501735201273938
0
0
0
0
0.000501735201273938
0.000501735201273938
0
0
0
0
0
0
0
0
0
0
0
0
0
0
0
0
0
0
0
0
0.0010813528557877463
0.008227266238100241
0
0
0
0
0
0
0
0
0
0
