0.000888610338499058
0.00035215605609982873
0
0
0
0
0
0
0
0
0
0
0
0.0006820438882367053
0.0008903568210825858
0.0003134174280938285
0.00031380822289195045
0.0003005663153973061
0.0003204679899312533
0
0.00020937952974987045
0.0006965152991494768
0.0005389169052662619
0.0005276188569378286
0.0005681133064545017
0.00020961204449695527
0.00020961204449695527
0
0
0
0.0005642919165007719
0
0
0
0.00043181160095969855
0.0005023437021144596
0.0004600990763424941
0.00042729065324167113
0.0004324298879026534
0.0004320587034495181
0
0
0
0.0005283573018040817
0.0004534670175844041
0.0005232311741358509
0
0
0
0
0
0
0.0004963988062314482
0
0
0
0
0.0002936688386923504
0.0002991373154825804
0.00029253102839133394
0
0
0
0.0006276164457839009
0
0
0
0
0
0
0
0.0005715538109599038
0
0
0
0.0005776760399984949
0.0005830290226085195
0.000373403849791312
0.0005798944579708394
0.0005785613672628604
0
0.0038798693950566946
0.0018828493373517028
0.003916092242105979
0.003916092242105979
0
0
0
0.000588941173383801
0
0.00062605521084414
0
0
0
0.0004689581268807657
0.0004361771139676677
0.0004689581268807657
0.0004689581268807657
0
0.0005257817439262067
