0.0004993980681886574
0
0
0
0
0
0
0
0
0.0004816366537317017
0.0004974465321660366
0
0.00049570314478695
0.001149923826389239
0.0005003795895490911
0.0005284207869708956
0
0.0005067538518363406
0
0
0.0010590396637378432
0
0.0009086121883032745
0
0
0.001060215721110123
0.001060215721110123
0
0
0
0
0
0
0
0.00036401649294048833
0.0008469498841070444
0.0007757255794106567
0.0014408213648136815
0.0003645377078501969
0.00036422479994646287
0
0
0
0
0
0
0
0
0
0
0
0
0
0
0
0
0
0.001980498912194302
0.0020173782500996634
0.001972825533999051
0
0.0004607186665989459
0
0
0
0
0.0004607186665989459
0.0004607186665989459
0
0
0.0008821660955044266
0
0
0
0
0
0
0
0
0
0
0
0
0
0
0
0
0.0011530486193957316
0
0
0.001055527094372212
0
0
0
0
0
0
0
0.0004903565777399413
0
