1.07880966137193
0.0008464571685931189
0.0005031761480279525
0
0.0020666851750420112
0
0
0
0.00044634243333551094
0.0008375851408167158
0
0
0.000483988183657214
0.00042009722016040886
0
0.0008481208029653539
0.0004478246830103487
0.0017935322716075312
0
0.0009157976751883956
0.014677682467645305
0
0.0009952118647342527
0
0
0
0
0
0
0.00043916534149071037
0.0019758418706445607
0
0.00043916534149071037
0.00043916534149071037
0
0
0
0
0
0
0
0.004176037398859084
0.0009417805860950938
0
0.0007549402808760882
0.001943801191661135
0
0.0009417805860950938
0.0009417805860950938
0.005504130925366989
0
0
0
0
0
0
0
0
0.0020980351251885065
0.002137103132670226
0.0020899063567840566
0.0034356995585093316
0
0
0
0
0
0
0
0
0
0.0014952316858931809
0
0
0
0
0
0
0
0
0
0.00455193949945962
0
0
0
0
0.005476191174476802
0
0
0
0
0
0
0
0.004203154524825702
0
0.000623229151572461
0
0
0
0.000751260209869032
