0.37106368139083196
0.0002911445126644425
0
0.00039224490633280333
0
0
0
0
0.0001535224167938899
0.00014404646016724843
0.00042118465538119404
0.00014500339249348652
0.00016647092031890173
0.0002889904060676261
0.00033519754416515984
0.00029171673065316977
0.0003080644926449414
0.00015422430647998005
0.00014771643367469427
0.0001574973180776027
0
0.00020580348385514807
0.00034230966917973425
0.000264856303633713
0.00025930376058059537
0.0002792051778712054
0.00020603202742411548
0.00020603202742411548
0
7.552690441498716e-05
0.00022653460402370694
0.0013866355806832285
7.552690441498716e-05
7.552690441498716e-05
0
0.00021221829075826823
0.00024688202354679437
0.00022612046397978792
0.00020999642410347028
0.00021252215429028176
0.0002123397318402472
0
0.0008098290733104147
0.00022543358529212147
0.0002596666769704912
0.00022286106990440356
0.0002571473883512349
0.0008098290733104147
0.0008098290733104147
0
0
0.00034073799944061705
0
0.00024396034279476132
0
0
0
0
0.0001443265971959673
0.00014701413684264342
0.00014376740852027584
0
0.00026859477480335286
0.00036885057792329217
0.0003084486129599601
0
0
0.00026859477480335286
0.00026859477480335286
0
0
0.0002571473883512349
0.0002808960495010083
0
0
0
0.0002839048824719449
0.00028653566130566174
0.00018351319554442728
0.0002849951469975668
0.00028433998574010113
0
0.0007627208250582363
0.0006168972259199202
0.0007698416626365809
0.0007698416626365809
0
0
0.000336108407056913
0.0002894412491348143
0
0.0003076813278530945
0
0
0
0.0002304743362675975
0.0004287275348247625
0.0002304743362675975
0.0002304743362675975
0.0001429367031551741
0.00025840089233344844
