1.2039728043259361
0
0
0.0025453970493148756
0
0
0
0
0
0.0009347614940418758
0
0
0
0.00046883676180916516
0.0010875996425708547
0
0
0.0010008086486499885
0
0.0015330723314846387
0
0.00033388042271933897
0
0
0
0
0.0003342511949822144
0.0003342511949822144
0
0.0004901171603199414
0.0007350261320671161
0
0.0004901171603199414
0.0004901171603199414
0
0.001377149332943593
0.0008010464433306295
0
0
0.0013791211962496405
0.0013779374012314006
0
0
0
0.0008425282045667852
0
0
0
0
0
0
0
0
0
0
0
0
0
0
0
0
0
0
0
0
0
0
0
0
0
0.003168349485068253
0
0.0009114101471051749
0.003168349485068253
0.003168349485068253
0
0
0
0
0
0
0
0.0012373821216093896
0.0010008086486499885
0.0012489344443215105
0.0012489344443215105
0
0
0.0010905550763821885
0.0009391363528283433
0
0
0
0
0
0
0.0006955359932558845
0
0
0
0.0008384211729289249
