0.0006122588263101877
0
0
0.0029897466441851884
0
0
0
0
0
0.0005904834461841348
0
0.0014003120217717974
0
0.0014097992305913895
0.000613462165198376
0
0
0
0.0006624141546114891
0
0
0.0014397119448936054
0
0
0.001174302293652873
0
0
0
0.00031765677758287573
0
0
0.00031765677758287573
0.00031765677758287573
0
0.00044628188397617056
0
0
0
0.00044692089011015703
0.00044653726702851746
0
0
0
0
0.0009373259749337347
0
0
0
0
0
0
0
0
0
0
0
0
0.0006070197387260475
0.0006183231966183314
0.0006046678606217235
0
0
0
0
0
0
0
0
0
0
0
0
0
0
0
0
0
0
0
0
0
0
0.001297296548848436
0
0
0
0
0
0
0
0
0
0
0
0
0
0
0
0
0.0010868020531091004
