0.4620354595965586
0.0009063072961878356
0
0.0004884095767405482
0
0.022001688552217076
0
0
0.0003823214394675702
0.00017936159145829137
0.0001748147785079677
0.0009027656498565037
0.0008291349656286382
0.00035984070062037275
0
0.0009080885605278274
0.00019179554155108287
0.0005761040643348611
0.00018393131353366187
0
0
0.00038438890149464114
0
0.00032978976416599473
0
0.0010429694347552111
0.00038481576312872736
0.00038481576312872736
0
9.404344791299789e-05
0.0033848751618795504
0
9.404344791299789e-05
9.404344791299789e-05
0
0.0007927402795479988
0.00030740882208686533
0.00028155725752380175
0
0.000793875360131544
0.0007931939220541779
0
0.00020167414211984226
0
0
0.000832496323597403
0
0.00020167414211984226
0.00020167414211984226
0
0
0.0008485499717108514
0.0006103506731790735
0.0006075416957219706
0.0006804645943984663
0
0
0
0.0001797104082444802
0.00018305683819198044
0.00017901412615132066
0
0.00016722238856191048
0.000459279780911092
0
0
0.0011093288345655667
0.00016722238856191048
0.00016722238856191048
0
0.0012158827884119964
0.0003201908936913088
0.0003497618922002715
0.0012158827884119964
0.0012158827884119964
0
0.0007070167706144738
0.0024974889707922087
0.002285041837767352
0.000709731888781196
0.0007081003212207795
0
0.00047485658745792254
0.0003840693762232408
0.0004792898958470525
0.0004792898958470525
0
0
0.0012555311402080397
0.000720804149136597
0.0027420502053208226
0
0
0
0
0.00028697854633326624
0
0.00028697854633326624
0.00028697854633326624
0
0
