0
0
0
0
0
0
0
0
0.0006656826196009032
0
0
0
0
0
0
0
0
0
0
0
0.0009510806589528157
0
0
0
0
0.0009521368284796929
0.0009521368284796929
0
0.006980657146720646
0
0
0.006980657146720646
0.006980657146720646
0
0.0004903627189282033
0
0
0
0.0004910648419507236
0.000490643327064929
0
0.000748493421253569
0
0.0011999988999943502
0.001029908965820977
0
0.000748493421253569
0.000748493421253569
0
0
0
0
0
0
0
0
0
0.000666977218238789
0.0006793971585150264
0.0006643930368430556
0
0
0
0
0
0
0
0
0
0
0
0
0
0
0
0
0
0
0
0
0
0
0
0
0
0
0
0
0
0
0
0
0
0
0
0
0
0
0
0
