0.0005598730308513715
0
0
0
0
0
0
0.0005904494644766842
0
0.001079921570669804
0
0
0.0005557306680841689
0
0.0005609734102359064
0
0.0011862978849876524
0
0
0
0.0007915232144426766
0.0013165280033580681
0.0010186412245825453
0.0019945721252832226
0.0010738272051468367
0.0007924021963576602
0.0007924021963576602
0
0.00029047758103809197
0.0008712554063737154
0
0.00029047758103809197
0.00029047758103809197
0
0
0
0.0008696626176966154
0
0
0
0
0.0006229228963946511
0
0
0
0
0.0006229228963946511
0.0006229228963946511
0
0
0
0
0
0
0
0
0
0
0
0
0
0
0
0
0
0
0
0
0
0
0
0
0
0
0
0
0
0
0
0
0
0
0
0
0
0
0
0
0
0
0
0
0
0
0.0008864076743106496
0
0.0008864076743106496
0.0008864076743106496
0
0
