1.8971199848858813
0.000744260488382064
0
0
0
0
0
0
0.0007849069031385524
0.0007364596214619104
0.0007177903839901179
0.0007413520847541546
0.0008511081134526161
0.0007387538881954367
0.0008568744285844088
0.0007457232644991673
0.000787513484801113
0.0007884954218145807
0.0007552229239195388
0.0008052291956221907
0
0
0
0
0
0
0
0
0
0
0
0
0
0
0
0
0
0
0
0
0
0
0
0
0
0
0
0
0
0
0
0
0
0
0
0
0
0
0
0
0
0
0
0.0018858051539621084
0
0
0
0
0
0
0
0.00131470546423138
0
0
0
0
0
0
0
0
0
0
0
0
0
0
0
0
0
0
0
0
0
0
0
0
0
0
0
0
0
