0.0007189413353269165
0
0
0
0
0
0
0
0
0.000693371722946769
0
0.0016443081774323105
0
0.0008277242383687037
0.0007203543489576692
0
0.0007616714313168372
0.0007295308374794229
0.0007778359353770417
0
0
0
0
0.0012806299537025227
0
0
0
0
0
0
0
0
0
0
0
0
0
0
0
0
0
0
0
0
0
0
0
0
0
0
0
0
0
0
0
0
0
0
0
0
0
0
0
0
0
0
0
0
0
0
0
0.0013872683298624604
0
0
0
0
0
0
0
0
0
0.0018834341867916859
0.0015233428626336744
0.0019010181159214835
0.0019010181159214835
0
0
0
0
0
0
0
0
0
0
0.001058683687896193
0
0
0.0007059250630771612
0
