0.7550225842780328
0.0005924068923327052
0
0
0
0
0
0
0
0
0
0.0005900918986151097
0
0.0005880238195311782
0
0.0005935712140550573
0.000626834856187657
0.00031380822289195045
0.0003005663153973061
0.0003204679899312533
0
0.00020937952974987045
0.0006965152991494768
0.0005389169052662619
0.0005276188569378286
0.0005681133064545017
0.00020961204449695527
0.00020961204449695527
0
0
0
0.0011285838330015439
0
0
0
0.00021590580047984928
0.0015070311063433788
0.0004600990763424941
0.00042729065324167113
0.0002162149439513267
0.00021602935172475906
0
0
0
0.0005283573018040817
0.0004534670175844041
0.0005232311741358509
0
0
0
0
0
0
0.0004963988062314482
0
0
0
0
0.0002936688386923504
0.0002991373154825804
0.00029253102839133394
0
0
0
0.0006276164457839009
0
0
0
0
0
0
0
0.0005715538109599038
0
0
0
0.0005776760399984949
0.0005830290226085195
0.000373403849791312
0.0005798944579708394
0.0005785613672628604
0
0.000775973879011339
0.0006276164457839009
0.0007832184484211958
0.0007832184484211958
0
0
0
0.000588941173383801
0
0.00062605521084414
0
0
0
0.0014068743806422972
0.0008723542279353354
0.0014068743806422972
0.0014068743806422972
0
0.0005257817439262067
