0
0
0
0
0
0
0
0
0
0
0
0
0
0.0016554484767374075
0
0
0
0
0
0
0.0005082034009285387
0
0
0
0
0.000508767757842396
0.000508767757842396
0
0.0014920264308962428
0
0
0.0014920264308962428
0.0014920264308962428
0
0
0
0
0
0
0
0
0
0
0
0
0
0
0
0
0
0
0
0
0
0
0
0
0.0007127893674633646
0.0007260623865880786
0.0007100276883953159
0
0
0
0
0
0
0
0
0
0
0
0
0
0
0
0
0
0.0009063211986885806
0
0
0
0.0018834341867916859
0.0015233428626336744
0.0019010181159214835
0.0019010181159214835
0
0
0
0
0
0
0
0
0
0
0
0
0
0
0.0012761709357578762
