0
0
0
0
0
0
0.056525998848420834
0
0.0011410527717848925
0
0
0
0
0
0
0
0
0.0005850620899916169
0
0.009997795714686678
0
0
0
0
0
0
0
0.010066273767526997
0
0
0
0
0
0.003674189925147354
0.0004202676494306382
0
0
0
0.0004208694072333739
0.0004205081459396114
0.0018963560903986344
0
0
0
0
0
0
0
0.003749173393007504
0
0
0
0
0
0
0
0.014551247228306353
0
0
0
0.0011701241799832339
0.0005319131270571631
0
0
0
0
0.0005319131270571631
0.0005319131270571631
0.007817425372653945
0
0
0
0
0
0.013735289439803192
0
0
0
0
0
0.0062011644306284456
0
0
0
0
0.003730142055987161
0
0
0
0
0
0
0
0.0019086700909856386
0
0.0016980658232916715
0
0
0.0005661309591906555
0
