0.001585414258101149
0
0
0
0
0
0
0.0016719987355812282
0.0015687969502716725
0.0015290279772606236
0.0015792188135599172
0.0018130197146253157
0.0015736841681852913
0.001825303046025216
0.0015885302452436432
0.0016775512427977702
0.0016796429525768198
0.00160876629932318
0.0017152890254243755
0
0.000373564516906991
0
0
0
0
0.0003739793581250998
0.0003739793581250998
0
0
0.0008223892844728995
0
0
0
0
0
0
0
0
0
0
0
0
0.0016367845054272288
0
0
0
0
0
0
0
0
0
0
0
0
0
0
0.0015718478972772572
0.0016011176481378084
0.0031315156481207503
0
0
0
0
0
0
0
0
0
0
0
0
0
0
0
0
0
0
0
0
0
0.004153361710071766
0
0
0
0
0
0
0
0
0
0
0
0
0.0025100751204346758
0.0007782054580974057
0.0025100751204346758
0.0025100751204346758
0
0
