0
0
0
0
0
0
0
0
0
0
0
0
0
0
0
0
0.000648648274424218
0
0
0
0.0008655838870020346
0
0
0
0
0.0008665451128621147
0.0008665451128621147
0
0.00031765677758287573
0.0009527764030919831
0
0.00031765677758287573
0.00031765677758287573
0
0
0
0
0
0
0
0
0
0
0
0
0
0
0
0
0
0
0
0
0
0
0
0
0
0
0
0
0.0016945143846521914
0
0
0
0.0018735267086010424
0.0016945143846521914
0.0016945143846521914
0
0
0
0
0
0
0
0.0011940686673792412
0
0.003087334813579957
0.0011986541845350755
0.0011958986576740755
0
0
0
0
0
0
0.026010795804411138
0
0
0
0.0025881388860110586
0.026010795804411138
0.026010795804411138
0
0
0
0
0
0
0.0010868020531091004
