0.0005765696234048417
0
0
0
0
0
0
0
0.0005705263858924463
0
0.0005743165181941938
0
0.0011446074533169328
0
0.0005777028184193953
0.0006100771980319393
0
0
0
0
0
0
0
0
0
0
0
0
0.000299140234084865
0.0017944761539181217
0
0.000299140234084865
0.000299140234084865
0
0
0
0
0
0
0
0
0.002565999074742805
0.0008928772600601103
0.0020569292792987286
0.0008826882703056706
0.0020369729314746246
0.002565999074742805
0.002565999074742805
0
0
0
0
0
0
0
0
0
0
0
0
0
0
0.0014609105070168406
0
0
0.0017643168908270607
0
0
0
0
0
0
0
0
0
0.0011244651645439493
0
0
0.0011287833871420443
0.0011261884828037867
0
0
0
0
0
0
0
0
0
0
0
0
0
0
0
0
0
0
0.0005661309591906555
0
