0.0005438581251941509
0
0
0
0
0
0
0
0.0005381577488819451
0
0
0
0.000539834252772543
0.0006261492145979632
0.0005449270287420954
0.0005754646579991244
0.0005761821949791732
0
0.0005884101702546225
0
0
0
0.0009895034697501004
0
0.0010431108812038303
0
0
0
0
0.000846333553797247
0
0
0
0
0.00039642389508718636
0.0009223515376712512
0.001689572652187557
0.00078454689367283
0.0003969915123481932
0.0003966507471015424
0
0
0
0
0.0008326092258978321
0
0
0
0
0
0
0
0
0
0
0
0
0
0
0
0
0.001003470402547876
0
0
0
0
0.001003470402547876
0.001003470402547876
0
0
0
0
0
0
0
0
0
0
0
0
0
0.0014247629610687467
0
0.0014380646899583927
0.0014380646899583927
0
0
0
0
0
0
0
0
0
0
0
0
0
0
0.0019307720906962264
