1.2729656758128876
0.0004993980681886574
0
0.0013456296784491411
0.0024386315628599376
0
0
0
0.0005266717731952368
0.000494163694026742
0
0
0.0011421854426315724
0.0009914062895739
0.004024733392362337
0.0005003795895490911
0.001585262360912687
0
0
0.0005403080118051305
0
0
0
0.0009086121883032745
0
0
0
0
0
0
0
0
0
0
0.003182414189532219
0.00036401649294048833
0.0008469498841070444
0.0015514511588213134
0.007924517506475248
0.0003645377078501969
0.00036422479994646287
0
0.0016669127138536283
0
0
0
0
0.0016669127138536283
0.0016669127138536283
0
0
0
0.001681592702526932
0
0
0
0
0
0
0
0
0
0
0
0.0010581593315152848
0
0
0
0
0
0
0
0
0
0
0
0
0
0
0
0
0
0
0
0
0
0.003230877349778902
0
0
0
0
0
0
0
0.0016532021763803735
0
0
0
0
0.0019614263109597654
0.004432331740295569
