0
0
0
0
0
0
0
0
0.0012893875829360643
0
0
0
0
0
0
0
0
0
0.0007048944001789689
0
0.00046054664637317
0
0
0
0
0.000461058080738937
0.000461058080738937
0
0.0006760558545986774
0.0010138774156420334
0
0.0006760558545986774
0.0006760558545986774
0
0
0
0
0
0
0
0
0
0
0
0
0
0
0
0
0
0
0
0
0.0024458486109302665
0
0
0
0
0
0
0
0
0
0
0
0
0
0
0
0.013111035843328823
0.0011508878772152813
0
0.013111035843328823
0.013111035843328823
0
0
0
0
0
0
0
0
0.0013804914437420207
0
0
0
0
0
0
0.004927985776918845
0.002754114770848509
0
0
0
0
0
0
0
0.0006397269671886175
0.001156498054889729
