1.4696759700589417
0
0
0
0
0
0
0
0
0
0
0.002297266072776775
0
0
0
0
0
0.0012216757855851553
0
0
0
0.0004075640515970443
0
0.0031470577517322094
0
0
0.00040801664910020596
0.00040801664910020596
0
0
0
0
0
0
0
0.0004202676494306382
0.0029334849701775282
0
0
0.0004208694072333739
0.0004205081459396114
0
0
0
0
0
0
0
0
0
0
0
0
0
0
0
0
0
0.0005716359276775346
0.0005822804952689943
0.0005694211429906787
0
0
0
0
0
0
0
0
0
0
0
0
0
0
0
0.0011244651645439493
0
0.0007268427151626814
0.0011287833871420443
0.0011261884828037867
0
0.0015104583453843183
0
0.0015245601349159147
0.0015245601349159147
0
0
0
0
0
0
0
0
0
0.0009128422174279141
0
0.0009128422174279141
0.0009128422174279141
0
0
