1.1086626245216111
0
0.002068400418883603
0.0011719478060482147
0
0
0
0
0
0
0
0.0012997217169069296
0
0
0
0
0
0
0.0008826931723898178
0.0009411397491694491
0
0.00030744942443749617
0
0
0
0.0008342081448620099
0.0003077908452308749
0.0003077908452308749
0
0
0.0006768392091096527
0
0
0
0
0.0003170324919993169
0
0.0006756018430966552
0.0006274264994462995
0.0003174864331390639
0.0003172139125955969
0.0014305324187375628
0
0
0
0
0.0007683039670974436
0
0
0
0
0
0
0
0
0
0
0
0.0004312184459438394
0.0004392482664507176
0.00042954770419279784
0.0026480795171694533
0.007222557814473037
0.0011020503225860944
0.00276474469955514
0
0
0.007222557814473037
0.007222557814473037
0
0
0.0007683039670974436
0
0
0
0
0
0
0.000548300012127404
0
0
0
0
0
0
0
0
0
0
0
0
0
0
0
0.0014398215902878067
0.0006886103257898206
0
0.0006886103257898206
0.0006886103257898206
0.003416525807462592
0
