1.8971199848858813
0
0.000884850739219161
0
0
0
0
0
0
0
0.0014355807679802357
0
0
0.0007387538881954367
0
0
0.000787513484801113
0
0
0
0
0.0005261009386816088
0
0.001354118476007053
0
0
0.0005266851707067966
0.0005266851707067966
0
0.00038614288314387977
0
0
0.00038614288314387977
0.00038614288314387977
0
0
0.001262222212166255
0
0
0
0
0
0
0
0
0
0
0
0
0
0
0
0
0
0
0
0
0
0
0
0
0
0
0
0
0
0
0
0
0
0.0049924210128575825
0
0
0.0049924210128575825
0.0049924210128575825
0
0
0
0
0
0
0
0
0
0
0
0
0
0
0
0
0
0
0
0
0
0
0
0
0
0
