0
0
0
0
0
0.08054349281508524
0
0
0
0
0
0
0
0
0
0
0.0014729483307829388
0
0
0
0.0004913912484558723
0
0
0
0
0.0004919369355724252
0.0004919369355724252
0
0.0007213339474585285
0
0
0.0007213339474585285
0.0007213339474585285
0
0.001013415408597012
0
0.001079803072475244
0
0.0010148664615875576
0.0010139953315776112
0
0.000773442532488815
0.002153045980476155
0
0
0
0.000773442532488815
0.000773442532488815
0
0
0
0
0
0
0
0
0
0
0
0
0
0
0
0
0
0
0
0
0
0
0
0
0
0
0
0
0
0
0
0
0
0
0.0014729483307829388
0
0
0
0
0
0
0
0
0
0
0
0
0
0
0
0
0
