0.0005284714193670496
0
0
0
0
0
0
0.0011146658237208187
0.0005229323167572241
0.0005096759924202079
0.0005264062711866391
0.0006043399048751051
0.0010491227787901942
0
0.0005295100817478811
0.0016775512427977702
0.0005598809841922733
0.0005362554331077267
0
0
0
0
0.0009615086709254886
0
0
0.0003739793581250998
0.0003739793581250998
0
0
0
0
0
0
0
0.0003852083637308006
0.0008962565854734594
0
0
0.0003857599220981127
0.00038542879770146196
0
0.0005879850056598033
0
0
0.0008090532420219876
0
0.0005879850056598033
0.0005879850056598033
0
0
0
0
0
0
0
0
0
0
0
0
0
0
0
0
0
0
0
0
0
0.007089861305087418
0
0
0.007089861305087418
0.007089861305087418
0
0
0
0.0006662085301516367
0
0
0
0
0
0
0
0
0
0
0
0
0
0
0
0
0
0
0
0
0
0
