1.5606477482646683
0
0
0
0
0
0
0
0
0.0006058415171834893
0
0.001219732511344016
0
0.0006077288739348397
0
0
0.0006478404932605514
0
0.0006212769698505845
0
0
0.0004327919435010173
0
0
0
0
0.0004332725564310573
0.0004332725564310573
0
0.00031765677758287573
0
0
0.00031765677758287573
0.00031765677758287573
0
0
0.002076710243865161
0
0
0
0
0
0
0.001896291310163631
0.001092125786049453
0
0
0
0
0
0
0
0
0
0
0
0
0
0.00242807895490419
0.0024732927864733255
0.002418671442486894
0
0
0
0
0
0
0
0
0
0
0
0
0
0
0
0
0
0.0007718337033949893
0
0
0
0.0016039545203131228
0
0.0016189291994446768
0.0016189291994446768
0
0
0
0
0
0
0
0
0
0
0
0
0
0
0
