0.0009987961363773148
0
0
0
0
0
0
0
0.000494163694026742
0
0.0029846791929962193
0
0.00049570314478695
0.0005749619131946195
0.0010007591790981822
0.0005284207869708956
0
0.0005067538518363406
0.0005403080118051305
0
0
0
0
0
0.0009578372278501787
0
0
0
0
0
0
0
0
0
0
0
0
0
0
0
0
0.0005556375712845428
0
0.0008908087304498862
0
0.00264649828651328
0.0005556375712845428
0.0005556375712845428
0
0
0
0
0
0
0
0
0
0
0
0
0
0.004146467999390513
0
0
0
0.004584510237021204
0.004146467999390513
0.004146467999390513
0
0
0.0008821660955044266
0
0
0
0
0
0
0
0
0
0
0
0
0
0
0
0
0.0011530486193957316
0.0009929529452518623
0
0.002111054188744424
0
0
0
0.0007906619104427874
0
0.0007906619104427874
0.0007906619104427874
0.0009807131554798827
0.0026593990441773417
