0
0
0.0037462089681435
0.003394553337034244
0
0
0
0
0
0.0013408678334709614
0.004154646757167351
0
0
0
0
0
0.0007364741653914694
0
0.0007521039227215091
0.012054128176407315
0
0
0.0012647800442054785
0
0
0
0
0
0
0
0
0
0
0
0
0.0023578933359040257
0
0
0
0
0.0022863959250733878
0
0
0
0
0
0
0
0.004520298066152743
0
0
0
0
0
0
0
0
0
0
0
0.0014107936639584995
0
0
0.0014729483307829388
0
0
0
0
0
0
0
0
0
0
0
0
0
0
0
0
0.007476611147391878
0
0
0
0
0.004497352390690039
0
0
0
0
0
0
0
0.0023012426518595783
0
0
0
0
0.0013651439460183941
0
