1.8325814637483102
0.0007189413353269165
0
0
0
0
0
0
0
0
0
0
0
0.0007136220653225507
0
0.0007203543489576692
0
0
0
0
0
0
0
0
0
0
0
0
0
0.0007460132154481214
0
0
0.0007460132154481214
0.0007460132154481214
0
0.0015721316532012956
0
0
0
0.0015743827008146995
0.0015730312993547726
0
0
0
0
0
0
0
0
0
0
0
0
0
0
0
0
0
0
0
0
0
0
0
0
0
0
0
0
0
0
0
0
0
0
0
0
0
0
0
0
0
0.0018834341867916859
0
0.0019010181159214835
0.0019010181159214835
0
0.010181008131935057
0
0
0
0.0015195534525276205
0.010181008131935057
0.010181008131935057
0
0
0
0
0
0
0
