1.4271163556401458
0.0005598730308513715
0
0
0
0
0
0
0.0011808989289533683
0
0.000539960785334902
0
0.0012804991975236839
0.0005557306680841689
0.001289174666341595
0.0005609734102359064
0.0005924102763138837
0
0
0
0
0
0
0
0
0.0010738272051468367
0
0
0
0
0.0017425108127474308
0
0
0
0
0
0
0.0017393252353932308
0.003230597296299142
0
0
0
0
0
0
0.0008571269403244119
0.0009889926234512446
0
0
0
0
0
0
0.0018765501060356948
0
0
0
0
0
0
0
0
0.0010330194394789329
0
0
0
0
0.0010330194394789329
0.0010330194394789329
0
0
0
0
0
0
0
0.005459511689518538
0.0011020203518456724
0
0.005480477556221758
0.005467878757241937
0
0
0
0
0
0
0
0.006463389291848487
0
0
0
0
0
0
0
0.0016488923808667196
0
0
0
0
