0
0
0
0
0
0
0
0.000687104347050745
0
0
0
0.0014901132407551824
0
0
0
0
0
0
0
0
0.00046054664637317
0
0
0
0.0012496096364346507
0.000461058080738937
0.000461058080738937
0
0.0003380279272993387
0
0
0.0003380279272993387
0.0003380279272993387
0
0.0004749016891111384
0
0.0010120238920302564
0
0.0004755816743475518
0.00047517344973437795
0
0.0007248935865655394
0
0
0
0
0.0007248935865655394
0.0007248935865655394
0
0
0
0
0.0010918679860760362
0
0
0
0
0
0
0
0
0
0
0
0
0
0
0
0
0
0
0.001257177295095875
0
0
0
0
0.001282417920325599
0
0
0
0
0
0
0
0
0
0
0
0
0
0
0
0
0
0
0
0
0
0
0
