1.6094379124341003
0
0
0
0
0
0
0
0
0
0
0.0031446618062409147
0
0
0.0007269367264833334
0
0
0
0
0
0
0
0
0
0
0
0
0
0
0
0
0
0
0
0
0.005522806676925709
0
0.0009807665523669106
0
0.005530714475718557
0.005525967081318799
0
0.0007025045449297688
0.008800085790951945
0
0.0009666293768372975
0
0.0007025045449297688
0.0007025045449297688
0
0
0
0
0
0
0
0
0
0
0
0
0
0.002329986120063844
0
0
0
0
0.002329986120063844
0.002329986120063844
0
0
0.0033460247659752606
0.0012183481547570782
0
0
0
0
0
0.0015919267185302672
0
0
0
0
0
0
0
0
0
0
0
0
0.0013345256322007464
0
0
0
0
0.0009297734907187176
0
0
0.000619968379211903
0
