0.0006515226390041784
0
0
0
0
0
0
0
0.0019340813744040965
0
0.0006489766341624271
0
0
0
0.0006528031473355546
0
0
0
0
0
0
0
0.0011853898692517136
0
0
0
0
0
0
0.0010138774156420334
0
0
0
0
0
0.001104944249382336
0
0
0
0
0
0.0007248935865655394
0
0
0
0
0.0007248935865655394
0.0007248935865655394
0
0
0
0
0
0
0
0
0
0
0
0
0
0
0
0
0.0036579982529111256
0.001993674918153242
0
0
0
0.004370345281109607
0.0011508878772152813
0.001257177295095875
0.004370345281109607
0.004370345281109607
0
0
0
0
0
0
0
0
0
0
0
0
0
0
0
0
0
0
0
0
0
0.002878216996224698
0
0
0.001279453934377235
0
