0
0
0.0028479358307962146
0
0
0
0
0
0.0005229323167572241
0
0
0.0006043399048751051
0.0005245613893950971
0
0
0.0005591837475992567
0.0016796429525768198
0
0.0011435260169495836
0
0
0
0
0
0
0
0
0
0.0005483711166157579
0
0
0.0005483711166157579
0.0005483711166157579
0
0.0011556250911924017
0
0.0016417716611415107
0
0.001157279766294338
0.0011562863931043857
0
0.0011759700113196066
0
0
0
0
0.0011759700113196066
0.0011759700113196066
0
0
0
0
0
0
0
0
0
0
0
0
0
0.0009750804545541871
0
0
0
0
0.0009750804545541871
0.0009750804545541871
0
0
0
0
0
0
0
0.0010306607865085
0
0
0.0010346187772400995
0.0010322403432694327
0
0
0
0
0
0
0
0
0
0
0
0
0
0
0.0008366917068115587
0
0.0008366917068115587
0.0008366917068115587
0
0
