1.4696759700589417
0.004612556987238734
0.000685483194990178
0.009321412072255444
0.0084464136210284
0
0
0
0.004256405374601817
0
0.016125843031293725
0.00459453214555355
0.0013186863795952818
0.0005723037266584664
0
0.004621622547355163
0
0
0.0011701241799832339
0
0
0
0
0
0
0
0
0
0
0
0.0017944761539181217
0
0
0
0.003674189925147354
0
0
0
0
0
0
0.007585424361594538
0
0.0008928772600601103
0
0
0
0
0
0.007498346786015008
0
0
0
0
0.004328942474400417
0
0
0
0
0
0
0.003510372539949701
0
0.0014609105070168406
0
0
0
0
0
0
0
0
0.005562740234893799
0
0
0
0
0
0
0
0
0
0
0
0
0
0.007460284111974322
0
0
0
0
0
0
0
0.013360690636899469
0
0
0
0
0
0.001023451232631575
