0.0010261694270798966
0
0
0
0
0
0
0
0
0.00024741826235590773
0
0.0008801163760520377
0.00025464426300882554
0.0008860792241282711
0.0010281862695073335
0
0
0.0005206420918842867
0.0002775579233474805
0
0.0003626880018894421
0
0
0.0009139433506731852
0
0.00036309076480103505
0.00036309076480103505
0
0.0010648100425917591
0.000798445015148552
0
0.0010648100425917591
0.0010648100425917591
0
0.0013089749133104514
0.0008701616332756674
0
0.001110231693389922
0.0013108491614681123
0.001309723969054835
0
0.0008562982986556055
0.0011918465384082577
0.00045761124381152134
0.00039274862907307147
0.0013595144852529399
0.0008562982986556055
0.0008562982986556055
0
0
0.0006004834411447788
0.0008638394549625681
0
0.0009630728533235111
0
0
0
0.0005086942570257986
0.000518166772905439
0.0005067233377812197
0
0
0
0
0
0
0
0
0
0.001720859124754379
0.0009063429901686265
0
0.001720859124754379
0.001720859124754379
0
0.0005003262948788554
0
0
0.0005022476708192505
0.0005010930784725395
0
0
0
0
0
0
0.0036329248189259115
0.0005923246987379204
0.000510083047899114
0.0019404346213847598
0.0005422275849143152
0.0036329248189259115
0.0036329248189259115
0
0.00162466203082401
0
0.00162466203082401
0.00162466203082401
0.00025189771471751315
0
