0.0016315743755824527
0
0.0029308548860885637
0
0
0
0
0.0022942397370622927
0.0010763154977638902
0.005769670061414604
0.0010834656984133573
0.0012438711180977034
0.001079668505545086
0.0012522984291959264
0.001634781086226286
0.0023018586319964976
0.0034570931698750386
0.002759343871655833
0.0017652305107638676
0
0
0
0
0
0
0
0
0
0
0
0
0
0
0
0
0
0.0008447863260937785
0
0
0
0.0035775338351481047
0
0
0
0
0
0
0
0.003536465206938496
0
0
0
0
0.0020416706349335647
0
0
0
0
0
0
0.0022074750973246665
0
0
0
0
0
0
0
0
0.0072962861111573185
0
0
0.0072962861111573185
0.0072962861111573185
0
0
0
0.0013712110396833733
0
0
0
0
0
0
0
0.0035185136069032755
0
0
0
0
0
0
0
0.0018003822871686891
0
0
0
0
0
0
