0.3566749439387324
0.00013992740052519906
0.00016635958206097593
0
0.0006832853332159624
0
0
0
0.0001475692775915318
0.0004153823104876542
0.00026990158451663444
0.0001393805955211928
0.00016001567695770856
0.0001388921121256746
0
0.00014020241507025646
0.00014805933745900058
0.00029648790019844753
0.00014198843309662915
0.00015139004411660967
0
0.00019782304156335686
0.0006580718522854841
0.00025458596997768193
0.0002492487379026781
0.00026837843787715
0.00019804272289768597
0.00019804272289768597
0
0.00021779459226871508
0.00021775027102486716
0.00026657320174793155
0.00021779459226871508
0.00021779459226871508
0.000891687359846831
0.00030598365222081703
0.00023730867860195104
0.00021735219009063524
0.00020185339215547958
0.00030642177314324086
0.000306158750162002
0
0.00015568526579604207
0.0002166919464998374
0.00024959758148266785
0.00042843837109757645
0.0004943519666510498
0.00015568526579604207
0.00015568526579604207
0
0
0.00032752520104566797
0
0.00023450029187293387
0
0
0
0
0.0005549201772675728
0.0005652534769235062
0.0005527701572084191
0
0.00012908973721995382
0.00035454765799078765
0.00029648790019844753
0
0
0.00012908973721995382
0.00012908973721995382
0
0
0.0002471759833255249
0.00027000374257284815
0
0
0
0.0005457918040378461
0.00027542466713415627
0.0005291913114817988
0.0005478877787077303
0.00054662826657277
0
0.0007331447974074664
0.00029648790019844753
0.0007399895102463327
0.0007399895102463327
0
0
0.0003230751303792866
0.0002782175849756103
0
0.0002957503681084017
0
0
0
0.0004430744645201645
0.00020605138298020358
0.0004430744645201645
0.0004430744645201645
0.0001373940462013607
0.0004967617603603515
