1.2378743560016172
0
0.0005773667705231423
0
0
0
0
0
0.0005121532296241693
0
0
0.003869869030094935
0
0.0004820383006236827
0.0005591121752491496
0
0.0005138540290583716
0.0005144947448053272
0.0014783531321675364
0
0
0
0
0
0
0
0
0
0
0
0.0007557230500620373
0
0
0
0
0.001061945401202417
0
0
0.000700551418223892
0.0010634659415821454
0.001062553095280358
0
0
0.0007520500340228536
0
0.000743468081682653
0
0
0
0
0
0
0.0016352369299889263
0
0.0018230844712836777
0
0
0
0
0
0
0
0.0013440546753546332
0.0012304914075562793
0
0.002726595497800919
0
0.0013440546753546332
0.0013440546753546332
0
0
0
0
0
0
0
0.0009471112134671899
0.0009558875335919824
0.0018366088367976518
0.0009507483533038535
0.0009485627249054538
0
0
0
0
0
0
0
0.0022425260072493065
0
0
0
0
0
0
0
0
0
0
0.0014305173605565686
0
