0
0
0
0
0
0
0
0.0005573329118604093
0
0
0.0010528125423732782
0.0006043399048751051
0
0.000608434348675072
0
0.0005591837475992567
0.0005598809841922733
0.0005362554331077267
0
0
0
0
0
0.0009413512564406774
0
0
0
0
0.0010967422332315159
0.0008223892844728995
0
0.0010967422332315159
0.0010967422332315159
0
0.0007704167274616012
0
0.0008208858305707553
0
0.0007715198441962254
0.0007708575954029239
0
0
0
0
0.0008090532420219876
0
0
0
0
0
0.0024739644590754993
0
0
0
0
0
0
0
0
0
0
0.0009750804545541871
0.002678078822995247
0.0011197619683845465
0
0
0.0009750804545541871
0.0009750804545541871
0
0
0
0
0
0
0
0
0.001040211311171127
0.0006662085301516367
0
0
0
0
0
0
0
0
0
0
0.001050759475792987
0
0
0
0
0
0
0
0
0
0
0
