1.1394342831883648
0.00044701227272984104
0
0
0
0
0
0
0.0009428500481492468
0.0008846539465748173
0.00043111399288246874
0
0.0005111863091917294
0.0004437049389362791
0
0.00044789083458662143
0.0009459811400484556
0
0.0004535964503138395
0
0
0
0
0
0.000796250372598438
0.0008573621393441421
0
0
0
0
0
0
0
0
0
0.0006516638737136774
0
0
0
0.0006525969548616064
0.0006520367858016394
0
0
0
0
0
0
0
0
0
0
0.002092624946167796
0.001505197203683441
0
0
0
0
0
0.0008863743937676895
0.0009028797806563905
0.000882940165198268
0
0
0
0.0009471606676545011
0.0025097671435867067
0
0
0
0
0.0029985112715483282
0.004737772487269708
0.0017251086800732245
0.0029985112715483282
0.0029985112715483282
0
0
0
0.0005635184387677373
0
0
0
0
0
0
0
0
0
0
0
0
0
0
0
0
0.000707723157259854
0
0.000707723157259854
0.000707723157259854
0.0013167576462115157
0.0007934779130838195
