1.7719568419318754
0
0.0016529448152349585
0
0
0
0
0
0
0.0034393572242466526
0
0.0006924411261945586
0
0
0.0008003418436910006
0
0
0
0.0007053968319792498
0
0
0
0
0
0
0
0
0
0
0
0
0.001324332467811566
0
0
0
0
0
0.001079803072475244
0
0
0
0.0022863959250733878
0
0
0
0
0
0
0
0.004520298066152743
0
0
0
0.0011649946363786164
0
0
0
0
0
0
0
0.002821587327916999
0.0012826325312572389
0
0
0
0
0.0012826325312572389
0.0012826325312572389
0
0
0
0
0
0
0
0
0
0
0
0
0
0
0
0
0
0
0
0
0
0.01051606434380935
0
0
0
0.0023012426518595783
0
0.0051183039917154114
0
0
0
0
