0.0005597096021007962
0
0
0
0
0
0
0
0.0016615292419506168
0.0005398031690332689
0
0.0009600940617462514
0.0005555684485026984
0.0003221995880205351
0.0005608096602810258
0.0005922373498360023
0.0005929758003968951
0.0005679537323865166
0.0009083402646996581
0
0.001582584332506855
0.0013161437045709683
0.0005091719399553639
0.0004984974758053563
0.0016102706272629
0.0015843417831814877
0.0015843417831814877
0
0.00043558918453743016
0.0008710010840994686
0
0.00043558918453743016
0.00043558918453743016
0
0.0008159564059221789
0
0.001738817520725082
0.00040370678431095916
0.0008171247283819757
0.0008164233337653389
0
0.0006227410631841683
0
0
0.00042843837109757645
0
0.0006227410631841683
0.0006227410631841683
0
0
0
0.0009423380289002176
0.0009380011674917355
0
0
0
0
0.0005549201772675728
0.0005652534769235062
0.0005527701572084191
0
0.0010327178977596306
0.0007090953159815753
0
0
0
0.0010327178977596306
0.0010327178977596306
0
0
0
0.0010800149702913926
0
0
0
0
0
0.0010583826229635977
0
0
0
0
0
0
0
0
0.01585221973061033
0.0012923005215171464
0
0
0
0.01585221973061033
0.01585221973061033
0
0
0.002472616595762443
0
0
0.00192351664681905
0.001987047041441406
