0.0006092811216155326
0
0
0
0
0
0
0
0
0
0
0
0
0.0003507356772804861
0.0006104786080966952
0.00032234486903237705
0.000322746795302991
0.00030912770282603356
0.0003295962603985553
0
0.00021534353563477436
0.0007163549718625427
0.0005542675157023528
0.0005426476516415069
0.0005842955526704261
0.00021558267337562365
0.00021558267337562365
0
0
0
0.0005803653135269031
0
0
0
0.00022205570188704499
0.0005166525545568837
0.0004732046249232153
0.0004394616805314071
0.00022237365105927728
0.00022218277238884016
0
0
0
0.0005434071305101443
0.0004663836573567545
0.0005381349892577936
0
0
0
0
0
0
0.0005105383231420094
0
0
0
0
0.00030203375709801487
0.0003076579990091111
0.00030086353719449685
0
0
0
0.000645493590605982
0
0
0
0
0
0
0
0.0005878340571529116
0
0
0
0.0005941306729143047
0.0005996361308872559
0.0003840399552418379
0.0005964122807211953
0.0005950412180068937
0
0.002394230594549834
0.001290987181211964
0.002416583369810154
0.002416583369810154
0
0
0
0.0006057166844765962
0
0.0006438878851567133
0
0
0
0.00048231601832235795
0.00044860126487521445
0.00048231601832235795
0.00048231601832235795
0
0.0005407582099575183
