0.00025654235676997414
0
0
0
0
0
0
0
0.0005077068846325031
0
0.0005110796931665995
0.0005867442507013585
0.00025464426300882554
0
0.0002570465673768334
0
0
0.00026032104594214336
0.0002775579233474805
0
0.0014507520075577685
0
0.0004667569360504383
0.0004569716753365926
0
0.0014523630592041402
0.0014523630592041402
0
0.0005324050212958796
0.000399222507574276
0.0004887342805729926
0.0005324050212958796
0.0005324050212958796
0
0.001121978497123244
0.0008701616332756674
0.000796985335047732
0
0.0011235849955440963
0.0011226205449041443
0
0.00028543276621853514
0.0003972821794694192
0
0
0
0.00028543276621853514
0.00028543276621853514
0
0
0
0
0.0008598638624676714
0
0
0
0
0
0
0
0
0.0007100178799203736
0
0
0
0
0.0007100178799203736
0.0007100178799203736
0
0
0.00045317149508431327
0.0004950238208983074
0
0
0
0.0005003262948788554
0.0005049625230939491
0.0009702173106923799
0.0005022476708192505
0.0005010930784725395
0
0.0006720724228228819
0
0.0006783469578907303
0.0006783469578907303
0
0.007265849637851823
0.0005923246987379204
0
0.0019404346213847598
0
0.007265849637851823
0.007265849637851823
0
0.0004061655077060025
0.00037777381132678454
0.0004061655077060025
0.0004061655077060025
0.00025189771471751315
0.0004553805483333315
