0
0
0.011623138247875118
0
0
0
0
0
0.0014228116954567624
0.0041602303376806135
0
0.0016443081774323105
0.0014272441306451013
0.0016554484767374075
0
0
0.0022850142939505116
0.0007295308374794229
0
0
0
0
0
0
0
0
0
0
0
0
0
0
0
0
0
0
0
0
0
0
0.0023646212435462065
0
0.0011133544737231531
0
0.0011006495277767628
0
0
0
0.004674952713643648
0
0
0
0
0
0
0
0
0
0
0
0.004377185024876537
0
0
0
0
0
0
0
0
0
0
0
0
0
0
0
0
0
0
0
0
0
0
0
0
0.004651221989208909
0
0
0
0
0
0
0
0.0023799759269458576
0
0
0
0
0
0.0025523418715157524
