0
0
0.00187310448407175
0
0
0
0
0
0
0
0.0020773233785836755
0
0.0020700430396400414
0
0
0.0014711140240198219
0
0
0
0
0
0
0
0
0.0013333008592414412
0
0
0
0
0.0021635614675602874
0
0
0
0
0.000506707704298506
0.0011789466679520129
0.003239409217425732
0
0.0005074332307937788
0.0005069976657888056
0
0
0
0
0
0
0
0
0
0
0
0
0
0
0
0
0
0
0
0
0
0.0006413162656286194
0
0
0
0
0.0006413162656286194
0.0006413162656286194
0
0
0
0
0
0
0
0
0.0013683064416462358
0
0
0
0
0
0
0
0
0
0
0
0
0
0.001469284280208852
0
0
0
0
0
0
0
0.0006825719730091971
0
