0.0008016094527516526
0
0
0
0
0
0
0.0004226939377459583
0.0003966037451599306
0.0003865498477230349
0.0003992384710949517
0.00045834510880752856
0.0007956785416915742
0
0.0008031849430282872
0.00042409765360397727
0.00042462645367081516
0.0004067082991767441
0.00043363805073513633
0
0
0.0009424827006752594
0.0007292300125139053
0.0007139421715806996
0.0007687368303476157
0
0
0
0
0
0.0007635659548071609
0
0
0
0
0.0006797413489900074
0.0006225784567531878
0.0005781840676468484
0
0
0
0.0008918823636246017
0.0006206872706755657
0.0014298827817102605
0.0012272087057441216
0.0014160100450893711
0.0008918823636246017
0.0008918823636246017
0
0
0
0
0.0006716970726705991
0
0
0
0
0
0
0
0
0
0
0.0008492529073416303
0
0
0
0
0
0
0
0.0007733923145586535
0
0
0
0
0.0007889198822640781
0
0
0
0
0
0.0008492529073416303
0
0
0
0
0
0.0007969198498689402
0
0.0008471403379203825
0
0
0
0
0.0005902086929705264
0
0
0
0.0007114563005097362
