0.0004232285842965594
0.002515880740139762
0
0
0
0
0
0
0.0008375851408167158
0.0012245285600135415
0.0008431494031824386
0
0.00042009722016040886
0.0014618017091760568
0.00042406040148267694
0.0004478246830103487
0
0.00042946244481366645
0
0
0.0005983414649872047
0
0
0
0.0008117454186395259
0
0
0
0
0
0.0008062852476621301
0
0
0
0.0009254872702647383
0
0.0013148198188567095
0.0012210635669178608
0.0009268124238590464
0.000926016876714103
0
0.0004708902930475469
0.000655412916993882
0.0015098805617521764
0.0006479337305537117
0
0.0004708902930475469
0.0004708902930475469
0
0
0.0009906424805986502
0
0
0.0015888212980440795
0
0
0
0
0
0
0
0
0
0.0008967661358037656
0
0
0
0
0
0
0
0
0
0
0
0.00247622722579632
0.0008330576535690579
0.0021341437415864093
0.002485736546939931
0.002480022210050414
0
0
0
0
0
0
0
0
0
0
0.0008945353742719154
0
0
0
0
0
0
0
0
0.000751260209869032
