0.0001461981782593123
0.00026072235754406745
0.00019696572747515174
0.0010708596447786985
0
0
0
0.00023127378344000026
7.233291078862326e-05
0.00035249636434259087
7.28134342287978e-05
8.359335046724699e-05
0.00014511649391860866
0
0.00014648551744614273
0.0002320418159296308
0.000232331144877174
7.417578749661367e-05
7.908725729689879e-05
0.001267548150962541
5.1672096004296604e-05
0.0001718907547892007
0.00013299755759564136
0.00013020934884101575
0.0002804056857659797
5.172947756565618e-05
5.172947756565618e-05
0.0012762299876129693
3.792582499318004e-05
0.0002275086424804561
0.0001392597744331043
3.792582499318004e-05
3.792582499318004e-05
0.0009316478909574677
5.328269322032987e-05
0.00012397177524384135
0.00011354636087233001
0.00010544967639586506
5.335898573639563e-05
5.331318403190087e-05
0.0009617010487302893
0.0001626622245233466
0.00022640288966159603
0.0001303915872578681
0.00022381931314293516
0.00012912652681323184
0.0001626622245233466
0.0001626622245233466
0.0009506611132219057
0
0.0003422030820780414
0
0.00036751396092996757
0
0
0
0.0018448473088266688
7.247358156028532e-05
7.382312923593246e-05
7.219278504126057e-05
0.0005934062999729093
0.00013487483039557982
0.00018521826858001344
0.00015488742991811598
0
0.000223684967816919
0.00013487483039557982
0.00013487483039557982
0.0009911147776143273
0
0.00012912652681323184
0.00014105191384670214
0
0
0.001741397927023304
0.0001425627989223363
0.0004316515324899464
9.21511267020245e-05
0.000143110275108674
0.00014278128597049314
0.0023586022555885256
0.00019150008036124722
0.00015488742991811598
0.00019328794418204724
0.00019328794418204724
0.0009458354222918453
0
0.00033755358368024193
0.00014534288470475316
0
0.0004635064134116755
0
0
0.00048397293036751566
0.00011573265726179723
0.00010764273725678425
0.00011573265726179723
0.00011573265726179723
7.177564645280953e-05
0.0001297559736709565
