0.843970070294529
0.0006621969951310545
0
0.0026764378550566455
0.006467203603789494
0
0
0
0.0013967233269251617
0.0009828843986349328
0.0003193227659078808
0.0006596092772915428
0.001135895114797482
0
0
0.0006634984829359504
0.0010510212581500984
0.0010523317584719813
0.0013439013858193138
0.001432886367223309
0.005741292995200877
0
0
0
0
0
0
0
0
0.00017178303893639914
0
0
0.00017178303893639914
0.00017178303893639914
0.010549625878681614
0.0004826823393162877
0.0005615236661972914
0
0
0.000483373465231689
0.0004829585523859966
0.0010889936390897149
0
0.0010254800368098772
0.0005906018686455765
0.0005068889311078252
0
0
0
0.002152984873200329
0
0
0.002229775615044991
0.0005548784157097495
0
0
0
0
0
0
0
0.006047556236186912
0.0006109084837455874
0.007550428064265169
0.007717099562127862
0.0018589649125430156
0.0030395080562828176
0.0006109084837455874
0.0006109084837455874
0.0044892025015666435
0
0.0005848718435859521
0
0
0
0
0
0.0013034286799915506
0
0
0
0.01068316544676619
0
0
0
0
0
0
0
0
0
0
0
0
0.0032881950790695936
0
0
0
0
0
0.0011754457803544972
