1.3470736479666094
0
0.0006282992761038291
0.005695871661592429
0.005161201716347162
0
0
0
0
0.0005229323167572241
0
0.0031584376271198344
0.0012086798097502103
0.0010491227787901942
0.000608434348675072
0
0.0005591837475992567
0.0011197619683845465
0.0010725108662154534
0.0022870520338991672
0
0
0
0
0
0
0
0
0
0
0
0
0
0
0.003367684119916524
0
0
0
0.000762350677966389
0
0
0.001738159545763367
0
0
0
0.0008090532420219876
0.0009335229715638319
0
0
0
0
0
0
0
0
0
0
0
0
0
0
0.00321753259864636
0
0
0
0
0
0
0
0.007165285361524518
0
0
0.0010197378107241555
0
0
0
0
0.001040211311171127
0
0
0
0.005683855054711431
0
0.004479047873538186
0
0
0.003418968649661445
0
0
0
0
0
0
0
0.0017494462960605318
0
0.0007782054580974057
0
0
0
0
