0.7339691750802005
0.000575887936508592
0
0
0
0
0
0
0.0006073389946877951
0.0014246296100159173
0
0.0002868187475889803
0.0006585636384748323
0.0005716270833957948
0
0.0005770197917297174
0.0003046779473143215
0
0
0
0
0
0.0006770933349448344
0.0005238894897074951
0
0.0011045435290898428
0
0
0
0.0001493932780541829
0.0008961772589501838
0
0.0001493932780541829
0.0001493932780541829
0
0
0.0004883361111644714
0.00044726945464972615
0
0
0
0
0
0.001337732396865493
0
0
0
0
0
0
0.004170279403864776
0.0013479691002391194
0.0019391523780190238
0.0014476709567656815
0.0021619121504571443
0.004170279403864776
0.004170279403864776
0
0.0002854800369817972
0.00029079602816172763
0.00028437395392491306
0.0005843703623250005
0.0010625684764099899
0.0014591832506564621
0.0006101156900084792
0
0.0017622309125575042
0.0010625684764099899
0.0010625684764099899
0
0
0.0005086411469717259
0.0005556163323847089
0
0
0
0.0005615678462740631
0.0017003146913054839
0.0014519667162813067
0.0005637244048235027
0.0005624284866514947
0
0.0007543362539364856
0.0018303470700254377
0.0007613788123238595
0.0007613788123238595
0
0
0.0006648271513407613
0.0017175565719505473
0
0
0
0
0
0
0
0
0
0
0
