1.2039728043259361
0
0
0
0
0
0
0
0
0.0004673807470209379
0
0
0.0005401403339281903
0.00046883676180916516
0.0010875996425708547
0
0
0
0
0
0
0.00033388042271933897
0
0
0
0
0.0003342511949822144
0.0003342511949822144
0
0.0009802343206398829
0
0
0.0009802343206398829
0.0009802343206398829
0
0.0006885746664717965
0
0
0.0013627309613196787
0.0006895605981248203
0.0006889687006157003
0
0.0010510456606948372
0
0.0008425282045667852
0.0007231067893849466
0.0008343539877518614
0.0010510456606948372
0.0010510456606948372
0
0
0
0
0
0
0
0
0
0
0
0
0
0
0
0
0
0.005781382013569921
0
0
0
0
0
0.0009114101471051749
0
0
0
0.0009211727653603184
0
0.0017863097987031694
0.0009247102951812106
0.0009225845243876906
0
0
0
0
0
0
0
0
0
0.010717858792219016
0
0
0
0
0
0.0006955359932558845
0
0
0.0004637799708497443
0.0008384211729289249
