0.5276327420823719
0.0006209879271271541
0
0
0
0
0
0
0.001309804076331912
0.0008193055001279066
0.0005989020908994005
0.0004123741634094349
0.0009468510400760374
0.0006163933902831447
0.00023831650500558802
0.000414805614844632
0.001533179408292488
0.0004385974580900847
0.0008401795256088724
0.0006718583303256009
0
0.00014632078260742428
0.0004867460720317084
0.0011298345654868777
0.0007374322041682346
0.0011910445645200267
0
0
0
0.0003221856760120325
0
0.0007886887026642331
0.0003221856760120325
0.0003221856760120325
0
0.0004526446171710368
0.0010531591658330774
0.0006430624522637074
0.0005972074047338675
0.00030219515583182813
0.0004529036412724222
0
0.00023030674032403835
0
0.000738464299625433
0.0009506896253736431
0.0003656498559129396
0.00023030674032403835
0.00023030674032403835
0
0
0
0.003485024716528216
0.001040695743752213
0.003885366289266361
0
0
0
0.00041044942985793225
0.0004180925056120221
0.0004088591569797535
0
0
0
0.0017543898323603387
0.0023243733131382022
0.001900237966683212
0
0
0
0
0
0.0007988383680278151
0
0
0
0.00040369758384267164
0.0016297536434976738
0.0010437838616861957
0
0.00040431627745775626
0
0.0005422741439695497
0.0008771949161801694
0.0005473368693800538
0.0005473368693800538
0
0
0
0.0008231400032486301
0
0.0008750128392742486
0
0
0
0.00032772220005116266
0.0009144414940769009
0.00032772220005116266
0.00032772220005116266
0
0.0007348645432902115
