0.00041185646312227447
0
0.004438994183926756
0.008044613980832779
0
0
0
0.0008686984894486368
0.0028527775122246675
0
0.0004102470201245321
0.0004709834564821344
0.0004088092385119461
0.00047417440130924913
0.00041266592944130413
0.00043579166645856275
0
0
0.00044559512924392087
0
0
0
0
0
0
0
0
0
0.00021368250040681408
0.0006409170479234907
0
0.00021368250040681408
0.00021368250040681408
0
0
0
0.0006397453531375245
0
0
0
0.0013546091929015195
0
0.0006378020197440325
0.0014693101812437753
0
0
0
0
0.0026781176645374427
0
0
0.001386819186920314
0
0
0
0
0
0
0
0
0.004179228202622124
0.0007599146757138455
0
0.0008726700951776206
0
0.003780871996994037
0.0007599146757138455
0.0007599146757138455
0.0055841602366950936
0
0.00218258237941513
0
0
0
0
0
0
0
0
0
0.008859258434587996
0
0
0
0
0
0
0
0
0
0
0
0
0.001363405356491789
0
0.0006064830297508247
0
0
0.0016175995754987328
0.008041812931396556
