0.00047233142578498863
0
0.0012726985246574378
0
0
0
0
0.0014943808080172978
0.0009347614940418758
0.0009110653078516354
0
0
0.0018753470472366606
0.0010875996425708547
0.0004732597501281196
0.0009995623116031019
0
0.0004792885367539555
0
0
0
0
0
0.0016827013337888694
0
0
0
0
0
0.0007350261320671161
0.0008998301975530166
0
0
0
0.002754298665887186
0
0
0
0.002758242392499281
0.0027558748024628012
0
0
0
0
0.0021693203681548397
0
0
0
0
0
0.0011055764961670671
0
0
0
0
0
0
0
0
0
0
0.0004357483909974434
0
0
0
0.0014453455033924803
0.0004357483909974434
0.0004357483909974434
0
0
0
0
0
0
0
0.0009211727653603184
0
0.0005954365995677231
0.0009247102951812106
0.0009225845243876906
0
0
0
0
0
0.003055768538898315
0
0
0
0
0
0
0
0.0015636010445791379
0
0.003477679966279423
0
0
0
0.0025152635187867746
