0.0020182013669187053
0
0
0
0
0
0
0
0.0006656826196009032
0
0
0
0.0013355127944641172
0
0.002022167957655574
0.0007118299826035395
0
0
0
0
0
0
0.0012239817473889555
0.002396643505369569
0
0
0
0
0
0
0
0
0
0
0
0.0011409171178256331
0.0020899432396001543
0
0
0
0
0
0
0
0
0
0
0
0
0
0
0
0
0
0
0
0
0
0
0
0
0
0
0.0014254351023208036
0
0
0
0
0
0
0
0
0
0
0
0.001312011039090992
0.0013241686703412562
0
0.001317049483941572
0.0013140217839784879
0
0
0
0
0
0
0
0
0
0
0
0
0
0
0.001065092191361445
0.0009906403397411476
0.001065092191361445
0.001065092191361445
0
0
