0
0.0006106965111864562
0
0
0
0
0
0
0
0
0
0
0
0
0
0
0
0
0
0
0.0007261970715384151
0
0.0009345705353203157
0
0.0009852018961503102
0.000727003509152561
0.000727003509152561
0
0
0
0
0
0
0
0.00037441616242029236
0.0008711465868155438
0
0
0.00037495226803658713
0.0003746304205962124
0
0.0005715117066712187
0
0
0.000786386378368626
0
0.0005715117066712187
0.0005715117066712187
0
0
0
0
0
0
0
0
0
0.0005092700583367414
0.0005187532963485587
0.0005072969081688347
0
0
0
0
0
0
0
0
0
0
0
0
0
0
0
0.0010017852486486321
0
0.000647543679517192
0.0010056323502179434
0.0010033205517116952
0
0.001345666310363579
0
0.0013582295850453965
0.0013582295850453965
0
0
0
0
0
0
0
0
0
0.0008132505093066847
0
0.0008132505093066847
0.0008132505093066847
0
0
