0.00014557225633222125
0
0
0
0
0
0
0.0001535224167938899
0.00014404646016724843
0.0001403948851270647
0.00029000678498697304
0.00033294184063780346
0.00014449520303381306
0.00033519754416515984
0.00014585836532658489
0.0001540322463224707
0.0004626729194399401
0.00014771643367469427
0.0001574973180776027
0
0.00010290174192757403
0.00034230966917973425
0.000264856303633713
0.0005186075211611907
0.0002792051778712054
0.00010301601371205774
0.00010301601371205774
0
0.0002265807132449615
0.00022653460402370694
0.0005546542322732914
0.0002265807132449615
0.0002265807132449615
0
0.0006366548722748046
0.0004937640470935887
0.00022612046397978792
0.00041999284820694056
0.0006375664628708453
0.0006370191955207415
0
0.0001619658146620829
0.00022543358529212147
0.0002596666769704912
0.00022286106990440356
0.0002571473883512349
0.0001619658146620829
0.0001619658146620829
0
0
0.00034073799944061705
0
0.00024396034279476132
0
0
0
0
0.0002886531943919346
0.00029402827368528683
0.0002875348170405517
0
0.0006714869370083821
0.00036885057792329217
0.0003084486129599601
0
0
0.0006714869370083821
0.0006714869370083821
0
0
0.0002571473883512349
0.0002808960495010083
0
0
0
0.0002839048824719449
0.00028653566130566174
0.00018351319554442728
0.0002849951469975668
0.00028433998574010113
0
0.00038136041252911815
0.0003084486129599601
0.00038492083131829043
0.00038492083131829043
0
0
0.000336108407056913
0.0002894412491348143
0.0011010791732665637
0.0003076813278530945
0
0
0
0.0002304743362675975
0.0006430913022371438
0.0002304743362675975
0.0002304743362675975
0.0004288101094655223
0.0005168017846668969
