1.6607312068216509
0
0
0.012288708718553441
0
0
0
0
0
0.0012893875829360643
0.003770104896303407
0
0.0014901132407551824
0.0012934043666835288
0.0015002088589174804
0
0
0.002070737165613031
0.0006611191109958802
0
0
0
0
0
0
0
0
0
0
0
0
0
0
0
0
0.0004749016891111384
0
0
0
0.0004755816743475518
0.00047517344973437795
0.0021428789765440656
0
0.0010089497003776737
0
0.0009974361602532438
0
0
0
0.00423655920107564
0
0
0
0
0
0
0
0
0
0
0
0.003966714665975281
0
0
0
0
0
0
0
0
0
0
0
0
0
0
0
0
0
0
0
0
0
0
0
0
0.004215053824420434
0
0
0
0
0
0
0
0.0021567937750930533
0
0
0
0
0
0.002312996109779458
