0.5978370007556204
0.00046907571655992186
0.0005576837693615862
0.000631963002912918
0
0
0
0
0.0014840802666668278
0.00092831832415469
0
0.0002336213367548341
0.00026820861406712444
0.00023280257038770264
0
0.0004699976421034752
0.0017371768390574277
0.00024847755642378236
0
0.00025375084921715635
0
0.0004973685530412816
0
0
0.0004177756818697557
0.00044983972968820195
0.0004979208779197282
0.0004979208779197282
0
0.0006084235708890906
0.0007299597078823204
0
0.0006084235708890906
0.0006084235708890906
0
0.00017095710630701184
0
0.0003643126147200612
0
0.0001712018902507504
0.000171054935838518
0
0.0007828507211989791
0.00036320595428652514
0
0.0003590612617150873
0
0.0007828507211989791
0.0007828507211989791
0
0
0.0005489779621263732
0.0007897450472333162
0.0011791656819637483
0
0
0
0
0
0
0
0
0.0017309793724375546
0.0011885427450409947
0
0.001316821587567446
0.004306148864986462
0.0017309793724375546
0.0017309793724375546
0
0.007866276325731846
0.0012429043674753023
0.0018102558690556258
0.007866276325731846
0.007866276325731846
0
0.0013722348907933138
0.0009233003872673674
0.0017739970348831467
0.0013775046100359917
0.0013743379327715412
0
0
0
0
0
0
0.003321316670864558
0.0010830380448471385
0
0
0
0.003321316670864558
0.003321316670864558
0
0
0.0003453708843186715
0
0
0.00023029160275640233
0
