0.0005438581251941509
0.00032329625958952673
0
0
0
0
0
0
0.00026907887444097255
0.0005245154601286003
0.0008125992738100178
0
0.001079668505545086
0.0012522984291959264
0.0005449270287420954
0.0005754646579991244
0.0011523643899583463
0.0005518687743311666
0.0005884101702546225
0
0
0
0.0004947517348750502
0
0
0
0
0
0.0005643372119356363
0
0.000518047220149436
0.0005643372119356363
0.0005643372119356363
0.0017328679513998633
0
0.0004611757688356256
0.001689572652187557
0.000392273446836415
0
0
0.0008943834587870262
0.0006051044788825362
0
0.0004850575091392199
0.0020815230647445804
0
0.0006051044788825362
0.0006051044788825362
0.001768232603469248
0.003938336253181508
0.0006364987883929709
0.0009156501724702052
0.00045571806742928685
0.0010208353174667823
0.003938336253181508
0.003938336253181508
0
0
0
0
0.0005518687743311666
0.000250867600636969
0.0013780262038965113
0
0
0
0.000250867600636969
0.000250867600636969
0
0
0
0
0
0
0
0.0005303344916296445
0.0005352487880771778
0
0.0005323711064208489
0.000531147264796893
0
0
0.0011523643899583463
0
0
0.0017592568034516377
0
0
0.0005406764278938731
0
0.0005747489059369364
0
0
0.0009001911435843446
0
0.0004004316467706212
0
0
0
0
