0.0005438581251941509
0
0
0
0
0
0
0.0005735599342655732
0
0.0005245154601286003
0
0
0.000539834252772543
0
0.0005449270287420954
0.0005754646579991244
0.0005761821949791732
0
0.001176820340509245
0
0
0.0012788693368264673
0
0
0
0
0
0
0.0005643372119356363
0
0
0.0005643372119356363
0.0005643372119356363
0
0
0
0
0
0
0
0
0.0018153134366476087
0.0016844402929767806
0
0.0016652184517956642
0.0009607029529590371
0.0018153134366476087
0.0018153134366476087
0
0
0.0025459951535718836
0
0
0
0
0
0
0
0
0
0
0
0.0013780262038965113
0
0
0
0
0
0
0
0
0.001049427979651696
0
0
0
0
0
0
0
0
0
0
0.0011523643899583463
0
0
0
0
0
0
0
0
0
0
0
0
0.0016017265870824848
0
0
0.0005340116953466451
0.0009653860453481132
