1.6094379124341003
0
0
0
0
0
0
0
0
0
0
0
0
0
0
0
0
0
0
0
0.010948557227442859
0
0
0
0
0
0
0
0.011023547345439042
0
0
0
0
0
0.00402359478108525
0
0
0
0
0
0
0.0020766940805601293
0.0007025045449297688
0
0
0.001933258753674595
0
0.0007025045449297688
0.0007025045449297688
0.004105708960291072
0
0
0
0
0
0
0
0.01593502883598119
0
0
0
0.0012813996118105895
0
0
0
0
0
0
0
0
0
0
0
0
0
0.015041475817141122
0.001231398555802678
0
0
0.001236127428904839
0.001233285756654483
0.006790877267654431
0
0
0
0
0.0040848677980560915
0
0
0
0
0
0
0
0
0.000999650877288261
0
0.000999650877288261
0.000999650877288261
0
0
