0.0012024141791274793
0.00023825822004010762
0
0
0
0
0
0.0012680818132378754
0.0005949056177398961
0.0013529244670306224
0.00039923847109495173
0.00045834510880752866
0.00039783927084578713
0.0011536260699322282
0.001204777414542431
0.0006361464804059661
0.0008492529073416304
0.00020335414958837212
0.00043363805073513644
0
0.000283319813514138
0.0004712413503376298
0.0003646150062569527
0.0003569710857903499
0.0003843684151738079
0.00028363443851526414
0.00028363443851526414
0
0.0007278199402324314
0.000623718710336985
0.00038178297740358054
0.0007278199402324314
0.0007278199402324314
0
0.0004382261570769151
0
0
0.0005781840676468487
0.0004388536286649405
0.00043847693027123665
0
0.0006689117727184514
0.0003103436353377829
0.00035747069542756523
0.00030680217643603045
0.00035400251127234284
0.0006689117727184514
0.0006689117727184514
0
0
0
0.000674802673402894
0.001007545609005899
0.002256961518848265
0
0
0
0.00019868752382963466
0.0002023873311275716
0.00019791771552343695
0
0.0014790463228837951
0.0010155579001311942
0.0008492529073416304
0.0011251665721717858
0.0012264720858727268
0.0014790463228837951
0.0014790463228837951
0
0
0.00035400251127234284
0
0
0
0
0
0.00039445994113203916
0
0
0
0
0
0.0012738793610124457
0
0
0
0
0
0
0.0015158030378812782
0
0
0
0
0.00031728299612794456
0.001180417385941053
0.00031728299612794456
0.00031728299612794456
0.0005903223695292652
0.0003557281502548682
