0.00024173642190028125
0.00028740025159692954
0
0
0
0
0
0.0002549384110152325
0.0004784053877514106
0.000233138910111168
0.0004815835399951676
0.000829321856559646
0.00023994787360740534
0
0.0002422115327923809
0.0005115700617881419
0
0.0007358910900762145
0.00026153910841418375
0
0.000854390099034688
0.000568437397992451
0
0.0008611965610395764
0
0.0008553388942584911
0.0008553388942584911
0
0.0007525171659969269
0.0007523640286005091
0
0.0007525171659969269
0.0007525171659969269
0
0.00035240842975339836
0.0004099708179799181
0.0011264828874292814
0
0.0003529130237249811
0.0003526100940908824
0
0.000806878401689852
0.0003743536691517721
0.0004312009373154772
0
0.0008540348432762536
0.000806878401689852
0.000806878401689852
0
0
0.0005658274925838539
0.0008139843321318586
0.0008102381846467021
0
0
0
0
0.00047933577551444336
0.000488261600177351
0.0004774786047453057
0
0.0008920537668097241
0
0.001024415859391217
0
0.0007397192550105845
0.0008920537668097241
0.0008920537668097241
0
0.0016215424721679392
0
0
0.0016215424721679392
0.0016215424721679392
0
0.0014143522710569633
0
0.0003047409195963486
0.0014197837313912832
0.0014165198607444067
0
0
0.0005122079296956085
0
0
0
0
0
0.0019225776581086333
0
0
0
0
0
0
0
0
0
0.0002373598379906845
0.0008581979657713328
