0
0.000809235604202167
0
0
0
0
0
0
0
0
0
0
0
0
0
0
0
0
0
0.005901364406154579
0.0002405714275387474
0
0
0
0
0.00024083858070647504
0.00024083858070647504
0.005941784710306322
0.00017657247459896663
0
0
0.00017657247459896663
0.00017657247459896663
0.0021687514192618076
0.0002480699364325774
0
0
0
0.00024842513393606047
0.00024821189347774624
0.0011193555712319008
0.0003786558567021925
0
0
0
0
0.0003786558567021925
0.0003786558567021925
0.0022130116523079667
0
0
0
0
0
0
0
0.008589114531729931
0.00033741756814652783
0.0003437007003584481
0.00033611025482554167
0.0006906851653700024
0.0003139705275804282
0
0
0
0
0.0003139705275804282
0.0003139705275804282
0.004614364721833633
0
0
0
0
0
0.008107481941165635
0.0006637341757495968
0
0.0004290309434741459
0.0006662830781142266
0.0006647513928771825
0.003660339948121194
0.0008915730397787493
0
0.0008998968544654803
0.0008998968544654803
0.0022017780906211245
0
0
0
0
0
0
0
0.0011266241139022378
0.0005388202283880268
0
0.0005388202283880268
0.0005388202283880268
0.0003341681693777824
0
