0
0.0007279140616906103
0.006598933396467942
0.005979493288370377
0
0
0
0
0
0
0.004269063789704056
0.0007001560108858987
0.0006077288739348397
0.0007048996152956948
0
0
0.001297296548848436
0.001242553939701169
0.0033120707730574456
0
0
0
0
0
0
0
0
0
0
0
0
0
0
0.003901619370661671
0
0
0
0.0008832188728153189
0
0
0.002013739030018927
0
0
0
0
0
0
0
0
0
0
0
0
0
0
0
0
0
0
0
0.003727661819103507
0
0
0
0
0
0
0
0.008301317809918449
0
0
0.001181413889678023
0
0
0
0
0
0
0
0
0.006585011596053452
0
0.006486482744242179
0
0
0.003961034894072762
0
0
0
0
0
0
0
0.0020268152574865824
0
0.000901587376236088
0
0
0
0
