0
0.0007745947793011431
0
0
0
0
0
0.0034355217352537255
0
0.0012567016321011358
0.0006489766341624271
0
0
0
0
0.0006893861381575969
0.002070737165613031
0.0033055955549794007
0.009868521602505564
0
0
0
0
0
0
0
0
0
0
0
0
0
0
0
0.0004749016891111384
0
0
0
0.0004755816743475518
0.00047517344973437795
0
0.0007248935865655394
0
0
0
0
0.0007248935865655394
0.0007248935865655394
0
0
0
0
0
0
0
0
0
0
0
0
0.0013222382219917604
0.001803182634985506
0
0
0
0
0.001803182634985506
0.001803182634985506
0
0
0
0
0
0
0
0
0
0
0
0
0
0
0
0
0
0
0
0
0
0
0
0
0
0
0
0
0
0
0.0006397269671886175
0
