0.0006615758157946739
0.0002621823312283308
0
0
0
0
0
0.0006977065595616978
0.0002182138657428343
0.0006380464451232023
0.0004393270169234398
0.0010087374035954082
0.00021889365971711105
0.0005077858339237048
0.0004419173884854884
0.0004666823728962567
0.0004672642711168256
0.000447546909357915
0.00047718074546141017
0
0.00015588433670369974
0.0005185598875955177
0.0008024538446160474
0.0007856309128630904
0.0008459276420670297
0
0
0
0
0.0010295218281200387
0.0008402375458199421
0
0
0
0.00016074318505963434
0.0007479958990732419
0.0003425465680399398
0.000636240993948547
0
0.00016083516971489019
0
0.0002453596325419211
0
0.0015734609325501502
0.0003376089598519767
0.0007790975996584078
0.0002453596325419211
0.0002453596325419211
0
0
0
0.0007425613185647836
0.0007391438765990023
0.0008278629133336395
0
0
0
0.0002186382412110234
0.00022270955552834438
0.00021779113450350298
0
0
0
0.0009345285422336512
0.0012381473968139675
0.0013496252536699667
0
0
0
0
0
0.0008510505952362471
0
0
0
0.0004300833344709573
0.0008681373253336544
0.000556002886403107
0
0.0004307424660180392
0
0.0005777172848443384
0.0009345285422336512
0.0005831109109476569
0.0005831109109476569
0
0
0
0.000876940589943122
0
0.0009322038443673984
0
0
0
0.0003491421851885349
0.0006494730423495565
0.0003491421851885349
0.0003491421851885349
0
0.00039144771459160253
