1.1086626245216111
0.00043494022146787413
0.0010342002094418015
0
0
0
0
0
0
0.0008607629072372757
0
0.0025994434338138593
0.001989524673883555
0
0
0.00043579505680880944
0
0
0.0004413465861949089
0
0
0.00030744942443749617
0
0
0
0
0.0003077908452308749
0.0003077908452308749
0
0.0004513179827077595
0.0013536784182193054
0
0.0004513179827077595
0.0004513179827077595
0
0
0
0
0
0
0
0
0.0019356833252232406
0
0.0007758310878387761
0.0006658634381511178
0.0015366079341948872
0.0019356833252232406
0.0019356833252232406
0
0
0
0
0.0036445188182827456
0.003265574740858943
0
0
0
0
0
0
0
0.0016050128476606748
0
0.00184316313303676
0
0
0.0016050128476606748
0.0016050128476606748
0
0
0.0007683039670974436
0
0
0
0
0
0
0.003289800072764425
0
0
0
0
0.00092158156651838
0
0
0
0
0.003012670175330465
0
0.003289800072764425
0
0
0
0
0
0.007045227538843283
0
0
0.006833051614925184
0
