1.07880966137193
0.0004232285842965594
0
0.001140390762549609
0
0
0
0
0
0
0.0004081761866711805
0.0012647241047736577
0.000483988183657214
0.00042009722016040886
0.00048726723639201896
0.00042406040148267694
0
0.0004483830679018828
0
0.0013736965127825935
0
0.0005983414649872047
0
0
0.0007538851581914256
0
0.0005990059196956858
0.0005990059196956858
0
0.001097913353726776
0
0.0008062852476621301
0.001097913353726776
0.001097913353726776
0
0
0.0007177708991163873
0
0
0
0
0
0.0004708902930475469
0.0032770645849694107
0.0022648208426282643
0.0006479337305537117
0.0007476158429465904
0.0004708902930475469
0.0004708902930475469
0
0
0.0009906424805986502
0
0.0014185531378986588
0
0
0
0
0.0004196070250377013
0.0004274206265340452
0.0004179812713568113
0
0
0
0
0
0
0
0
0
0
0
0.0008166613636426419
0
0
0
0
0
0
0
0
0
0
0
0
0
0
0
0
0
0
0.001789070748543831
0
0
0
0
0
0
0
0.00041556612533587446
0
