0.0005438581251941509
0
0.0014654274430442819
0
0
0
0
0
0
0
0
0
0.000539834252772543
0.0006261492145979632
0.0005449270287420954
0.0005754646579991244
0
0
0
0
0.00038444103192453985
0
0.0009895034697501004
0
0
0.00038486795144916457
0.00038486795144916457
0
0
0.000846333553797247
0
0
0
0
0.001189271685261559
0.0009223515376712512
0.0008447863260937785
0.00078454689367283
0.0011909745370445794
0.001189952241304627
0
0
0.0008422201464883903
0
0
0.0009607029529590371
0
0
0
0
0
0
0
0
0
0
0
0
0
0
0
0.005017352012739379
0
0
0
0
0.005017352012739379
0.005017352012739379
0
0
0.0009607029529590371
0
0
0
0
0
0.0010704975761543557
0
0
0
0
0
0
0
0
0
0
0
0
0
0
0
0
0
0
0
0
0
0.0037380818674265155
0
