0.0001557088573745298
0.00018512214433193865
0.00020977900499348653
0.0007603484242292652
0
0
0
8.210630480920075e-05
7.703840788968874e-05
7.508548570708976e-05
0.00023265057294705535
0.0012464392741739505
7.727840292984354e-05
0
0.0001560148889338351
8.23789699974422e-05
8.24816869176385e-05
7.900116987413942e-05
0.00033692858866526016
0.0013500063858764505
5.503353819296679e-05
0.00018307282170095776
0.00014164949230823572
0.00013867990127452008
0.0001493235054355442
5.509465261627936e-05
5.509465261627936e-05
0.001359253004957796
4.0393026404200736e-05
0.00012115441924532249
0.00014831908723754726
4.0393026404200736e-05
4.0393026404200736e-05
0.0004961273468095955
0.00011349782025955863
0.0001320365527104712
0.00012093293036187584
0.00022461905911017345
0.00011366033145695203
0.00011356276894067996
0.0002560657273855977
8.66219723805492e-05
0.00012056557638143269
0.0001388739949082143
0.00011918975298729022
0.0004125799141867739
8.66219723805492e-05
8.66219723805492e-05
0.000506252394703669
0
0.0001822322669640388
0
0.00013047398995650114
0
0
0
0.001964860779443943
7.718822976423113e-05
7.862557001736855e-05
7.688916649509424e-05
0.0003160046794965577
0.0003591222199128451
0.00019726733471554493
0.000164963373835277
0
0
0.0003591222199128451
0.0003591222199128451
0.0010555900995948841
0
0.00013752663806225796
0.00015022781129737944
0
0
0.001854681670316245
0.00015183698448648677
0.000153243968126516
9.814586484858468e-05
0.00015242007582476054
0.00015206968484585305
0.0016746914660239513
0.00020395779930507528
0.000329926747670554
0.0002058619696305376
0.0002058619696305376
0.000503682585593498
0
0.00017975628507594044
0.00015479792412155868
0
0.00016455301718394546
0
0
0.0005154569836982811
0.00012326145262350202
0.00011464525633959458
0.00012326145262350202
0.00012326145262350202
7.644489165016881e-05
0.0001381970325374918
