0.00015058903061313062
2.8268713597275374e-05
4.2711854793910084e-05
0.00019351252219846233
0.0009620336817866413
0
0
8.358588050276984e-05
0.00011763998826195342
7.643854452334268e-05
0.0001973691609761574
0.0002628436573387459
0.0001258735658412428
0.00011862474938019563
0.0001508849996198388
9.224980510282862e-05
0.00010915843521519247
0.00010455222735977432
0.00014577505280043759
0.000412300149337132
1.120505120217386e-05
7.454873548900172e-05
0.0001586222558834505
7.058947350635733e-05
0.00012161148121907881
1.1217494346207369e-05
1.1217494346207369e-05
0.0005534988306169717
8.224183723801942e-05
0.00020967400756888337
0.00010569428342498976
8.224183723801942e-05
8.224183723801942e-05
0.00045456091464418804
1.7331461810854562e-05
0.0001612990604193171
7.386730280628691e-05
0.00014863338716907364
1.7356277764191982e-05
1.734137967169053e-05
0.00018247606609372426
5.290975290489603e-05
0.00024547639510959256
0.00011310123060892634
0.00013347133963526376
7.000245085765581e-05
5.290975290489603e-05
5.290975290489603e-05
0.00025768759333570754
0.0002295762195172667
0.00031537743287220476
0.00018681499501008758
6.641258158290425e-05
0.0002082753331703038
0.0002295762195172667
0.0002295762195172667
0.0004000536102479103
2.3573754162799846e-05
2.4012726605609512e-05
2.348241842408307e-05
0.0002895292449962981
5.1183116620570495e-05
0.0003413976385664324
0.00011755523792405345
0.00022249677662466378
0.00019402359968806213
5.1183116620570495e-05
5.1183116620570495e-05
0.00032238362740722554
0.00010633003851326036
0.00019600686240143627
4.588048595954459e-05
0.00010633003851326036
0.00010633003851326036
0.00037762069752372834
4.6371937224604755e-05
0.00021840764667588618
0.00018983750694009393
4.655001686064394e-05
4.6443005327630964e-05
0.0003409739631648855
8.305326749237193e-05
0.00011755523792405345
8.382866106854551e-05
8.382866106854551e-05
0.0003076554413835452
0.0003367117886253245
0.00023789419848528362
9.455245234408488e-05
0.00011989737280426986
8.375915139933446e-05
0.0003367117886253245
0.0003367117886253245
0.00018366097561381336
6.274132707304183e-05
0.00015172454946721728
6.274132707304183e-05
6.274132707304183e-05
0.00015564489458797743
0.00016882485223553874
