0.0009189352542196509
0
0.002476073956665846
0
0
0
0
0.0004845606046764357
0
0.004431263645489766
0.001373016390976489
0.002101719123378995
0.00045606813921454247
0.0031739376192491736
0.0009207413376595481
0.00048616977231338523
0
0
0.0004971065286515047
0
0
0
0
0
0.0008812513028615087
0
0
0
0
0.0014300158504309463
0
0
0
0
0
0
0
0.000662808704868673
0
0
0
0
0.002134598386700386
0
0
0.0024348918534364762
0
0
0
0
0.002150932932053159
0
0.002310025604542298
0.0017248644793857806
0
0
0
0
0
0
0
0.003814928278511222
0
0
0
0.0014059819705917707
0.003814928278511222
0.003814928278511222
0
0
0.0008116306178121588
0
0
0
0
0
0
0.0017376602099450226
0
0
0
0.002407364812955694
0
0.002429840210587023
0.002429840210587023
0
0
0.001060854149912088
0.0036542370717720595
0
0.0009711301670837024
0
0
0
0
0
0
0
0
0
