0
0
0
0
0
0
0
0
0
0
0
0
0
0
0
0
0
0
0.0007278431358624476
0
0
0
0
0
0
0
0
0
0
0
0
0
0
0
0
0
0.0010449716198000772
0
0
0
0
0
0
0.0023999977999887004
0.001029908965820977
0
0
0
0
0
0
0
0
0
0
0
0
0.008670703837104258
0.008832163060695343
0.008637109478959725
0
0.0006206291813579177
0
0
0
0
0.0006206291813579177
0.0006206291813579177
0
0.004512627442347175
0
0
0.004512627442347175
0.004512627442347175
0
0.006560055195454961
0.0013241686703412562
0.0033922817568584106
0.006585247419707859
0.006570108919892439
0
0
0
0
0
0
0
0
0
0
0
0
0
0
0
0
0
0
0
0
