0
0.0006656326285635008
0
0
0
0
0
0
0.0005540047964441559
0.00269980392667451
0.0011153703443846392
0
0
0
0
0
0.002965744712469131
0
0
0
0
0.0052661120134322725
0
0
0
0
0
0
0
0
0
0
0
0
0.002856681295247647
0
0
0
0.0028607716178353434
0.00285831601988012
0.0018414404588905108
0.0006229228963946511
0.0008670208721993594
0
0.0059998885822708835
0
0.0006229228963946511
0.0006229228963946511
0.0036406029480615964
0
0
0
0.0009382750530178474
0
0
0
0
0
0
0
0.0011362391366561671
0
0
0
0
0
0
0
0
0
0
0
0
0
0
0
0.0044080814073826895
0.004234766633947021
0
0
0
0
0
0
0
0.0036221227300511313
0
0
0
0.004234766633947021
0
0
0
0.001853397864467722
0
0.002473338571300079
0
0
0
0
