1.4271163556401458
0
0
0
0
0
0
0
0
0
0
0
0.0006402495987618419
0.0005557306680841689
0
0
0.0005924102763138837
0
0
0
0
0
0
0
0
0
0
0
0
0.00029047758103809197
0
0
0.00029047758103809197
0.00029047758103809197
0
0.00040809732789252103
0
0.0008696626176966154
0
0.00040868165969076343
0.0004083308599828744
0
0.003737537378367907
0
0
0
0
0.003737537378367907
0.003737537378367907
0
0
0
0
0
0
0
0
0
0
0
0
0
0.0010330194394789329
0
0
0
0
0.0010330194394789329
0.0010330194394789329
0
0
0
0.001080330322210557
0
0
0
0
0
0.0007057944389911701
0
0
0
0.0029334354689417182
0
0.0029608223146061117
0.0029608223146061117
0
0
0
0.0011131952852107222
0
0
0
0
0
0
0.0008244461904333598
0
0
0.0005497366547150023
0
