0.0022775614584426185
0.00045129851971161645
0.005114080477070326
0.014828873965696638
0
0
0
0.0012009731397538755
0.0007512298340541192
0
0.0007562204191181757
0.006511332612797481
0.0018839252847774645
0.001311089466479276
0.0022820377977870415
0.001606615236632139
0.00040215462438142384
0.00038518472383029687
0.0004106893150516578
0
0
0
0
0
0
0
0
0
0
0.0005907106387434101
0
0
0
0
0
0
0
0.0005475857534022104
0
0
0.004993982071028158
0.011825557719479598
0.014108151051203485
0.004062634120063145
0.0029056577365216387
0.003352682003678814
0.011825557719479598
0.011825557719479598
0.0024683265976063917
0
0.003554027644671095
0.0038345469997161387
0
0.0014250132934634841
0
0
0
0
0
0
0.005392586133624156
0
0
0.0016086184975256954
0
0.0023231309153942514
0
0
0
0
0.0006705364007357628
0.0007324633052700271
0
0
0
0
0
0.0004785282028989642
0
0
0
0
0
0
0
0
0
0
0.000754745730313343
0
0
0
0
0.0012566026315087087
0
0
0
0
0
0.001347610064431345
