0.653926467406664
0
0
0
0
0
0
0
0.00027055294472762265
0
0
0
0
0.0005092885260176511
0
0
0.000542902837199389
0.0005435797734053733
0.0007809631378264299
0.000555115846694961
0.004448479370113361
0.0007253760037788842
0
0
0
0.0004920439935339834
0.0007261815296020701
0.0007261815296020701
0.004478948406894959
0.0002662025106479398
0
0
0.0002662025106479398
0.0002662025106479398
0.0016348161685166601
0.0003739928323744147
0
0.000398492667523866
0
0.00037452833184803213
0.0003742068483013815
0.0008437760869763407
0.0008562982986556055
0
0
0
0
0.0008562982986556055
0.0008562982986556055
0.0016681797637925102
0
0
0
0.0004299319312338357
0
0
0
0.006474519479273902
0.0007630413855386978
0.0007772501593581586
0.0007600850066718296
0.0005206420918842867
0.00047334525328024906
0
0
0
0
0.00047334525328024906
0.00047334525328024906
0.003478332273439702
0
0
0
0
0
0.0061114623122118135
0.0010006525897577109
0
0.0012936230809231731
0.001004495341638501
0.001002186156945079
0.002759183406779173
0.0020162172684686456
0
0.0020350408736721907
0.0020350408736721907
0.001659711846209807
0
0
0
0.0019404346213847598
0
0
0
0.0008492551524761871
0.000812331015412005
0.00037777381132678454
0.000812331015412005
0.000812331015412005
0.0005037954294350263
0
