0.18632957819149354
0.0016812790499820917
8.690745251468914e-05
0
0
0
0
0
0.001233460178346668
0.001663656948138335
0.0013394861845018454
0.001019388079203169
0.0010867135560742108
0.0016688396800639996
0.002103992527004218
0.0016845834506306412
0.0016242927115074158
0.0014714305842221018
0.0009642852374559777
0.0011072216021565829
0
0.0009817698240816354
0.0001718907547892007
0.0011969780183607721
0.0006510467442050787
0.0007010142144149494
0.0009828600737474672
0.0009828600737474672
0
0.0014791071747340216
0.0015925604973631928
0.0006962988721655214
0.0014791071747340216
0.0014791071747340216
0
0.0009590884779659375
0.0013636895276822548
0.00124900996959563
0.0015817451459379757
0.0009604617432551213
0.0009596373125742157
0
0.001870615582018486
0.0007924101138155861
0.0019558738088680215
0.0014548255354290785
0.0006456326340661592
0.001870615582018486
0.001870615582018486
0
0.0010586907851789407
0.0008555077051951034
0.0014768526673037796
0.0007350279218599351
0.0005488352818600694
0.0010586907851789407
0.0010586907851789407
0
0.00043484148936171184
0.0004429387754155948
0.0004331567102475634
0
0.0012138734735602185
0.0003704365371600269
0.001703761729099276
0.0016416702924360665
0.001342109806901514
0.0012138734735602185
0.0012138734735602185
0
0.004903409952407725
0.0014203917949455502
0.000987363396926915
0.004903409952407725
0.004903409952407725
0
0.0009979395924563541
0.0007194192208165774
0.0004607556335101225
0.0010017719257607181
0.000999469001793452
0
0.0013405005625287305
0.001084212009426812
0.0013530156092743308
0.0013530156092743308
0
0.006210985939716451
0.0008438839592006048
0.0011627430776380253
0.0011058135204242941
0.0015450213780389182
0.006210985939716451
0.006210985939716451
0
0.0013887918871415667
0.0016146410588517637
0.0013887918871415667
0.0013887918871415667
0.0004306538787168572
0.0016868276577224346
