0.0005940085259434192
0
0
0
0
0
0
0
0
0
0.0011833745467993556
0.0013585713168504042
0
0
0.0005951759955305721
0
0.000629313272082201
0.0012055157106924965
0
0
0.0004198912181446965
0
0
0
0
0.00042035750489444076
0.00042035750489444076
0
0.00030818801803984846
0.0018487518102927663
0
0.00030818801803984846
0.00030818801803984846
0
0
0.001007403681057735
0.0009226860040400826
0
0
0
0
0.0006609025458881604
0
0
0
0
0.0006609025458881604
0.0006609025458881604
0
0
0
0
0
0
0
0
0
0
0
0
0
0
0
0
0
0
0
0
0
0
0
0
0
0
0
0.0023169513888749434
0
0.0007488267718248147
0.0023258490516586414
0.002320502272229541
0
0
0
0
0
0
0
0
0
0
0
0
0
0
0
0
0
0
0
0
