0.37106368139083196
0.0002911445126644425
0
0.0007844898126656067
0
0
0
0
0
0.00014404646016724843
0.0001403948851270647
0
0.00016647092031890173
0.00014449520303381306
0.0005027963162477398
0.00029171673065316977
0
0.0003084486129599601
0.0008862986020481654
0.0004724919542328081
0
0.00010290174192757403
0
0
0
0
0.00010301601371205774
0.00010301601371205774
0
7.552690441498716e-05
0
0
7.552690441498716e-05
7.552690441498716e-05
0
0.00021221829075826823
0
0
0
0.00021252215429028176
0.0002123397318402472
0.0004787918469559122
0.0001619658146620829
0.0015780350970448502
0
0
0.0005142947767024698
0.0001619658146620829
0.0001619658146620829
0.0009465910239562039
0.0021083163715388178
0.0006814759988812341
0.0004901765936470699
0.004391286170305704
0
0.0021083163715388178
0.0021083163715388178
0
0.0001443265971959673
0.00014701413684264342
0.00014376740852027584
0.00029543286734938853
0.001611568648820117
0.00036885057792329217
0
0.0008173208841207754
0.00044545459950880184
0.001611568648820117
0.001611568648820117
0
0.005858900232486821
0.0007714421650537048
0.0011235841980040333
0.005858900232486821
0.005858900232486821
0
0.0002839048824719449
0
0.00018351319554442728
0.0002849951469975668
0.00028433998574010113
0.001565669541733468
0.00038136041252911815
0
0.00038492083131829043
0.00038492083131829043
0.000941785993377746
0.004122929793231467
0.000672216814113826
0.001736647494808886
0.0011010791732665637
0.0036921759342371336
0.004122929793231467
0.004122929793231467
0.0004819008849231584
0.0002304743362675975
0
0.0002304743362675975
0.0002304743362675975
0.0002858734063103482
0
