0
0
0
0
0
0
0
0.000779154770259367
0.0010965937964189966
0.00035626505480834095
0
0
0
0
0
0.00039087112488935037
0
0
0.0003996640661538392
0
0.0018278590623985345
0
0
0
0.000708509059336678
0.0018298888892307372
0.0018298888892307372
0
0.0011499391897314614
0
0
0.0011499391897314614
0.0011499391897314614
0
0.0016155708433373379
0
0.0017214050088819835
0
0.0016178840891038575
0.0016164953473964722
0
0.0008220065821549062
0
0
0.0011310613091392733
0
0.0008220065821549062
0.0008220065821549062
0
0
0
0.0012438686127588443
0.0006190720183158744
0
0
0
0
0
0
0
0
0.0006815841765171516
0
0.0007827169907385246
0
0.0011303824007904502
0.0006815841765171516
0.0006815841765171516
0
0
0
0.0014255996061445042
0
0
0
0.00072043499606614
0
0
0.0007232016435164708
0.0007215391110026399
0
0
0
0
0
0
0
0.001705812572207328
0
0.0027940906227253565
0
0
0
0
0.002339400099027193
0.002719839803172863
0.002339400099027193
0.002339400099027193
0.00036271515402867686
0.0006557162533833183
