1.3862943611198906
0.0010877162503883017
0
0
0
0
0
0
0.0022942397370622927
0
0.0005245154601286003
0.0016251985476200357
0
0.001619502758317629
0
0.0010898540574841907
0.0011509293159982488
0
0.0005518687743311666
0
0
0
0.0012788693368264673
0.0009895034697501004
0
0
0
0
0
0
0
0
0
0
0
0
0.0009223515376712512
0
0
0
0
0
0.002420417915530145
0.0008422201464883903
0.0009701150182784398
0.0016652184517956642
0.0009607029529590371
0.002420417915530145
0.002420417915530145
0
0
0
0
0
0
0
0
0
0
0
0
0
0
0
0
0.009160535425902361
0
0
0
0
0
0
0
0
0
0
0.007424682882815023
0
0.0006856055198416867
0.007453195489891885
0.007436061707156501
0
0
0
0
0
0
0
0.0012557014140578719
0
0
0
0
0
0
0
0.0008008632935412424
0
0
0
0
