1.0498221244986776
0
0
0
0
0
0
0
0
0.0004075396446035239
0
0.0004102470201245321
0.0004709834564821344
0
0
0
0
0
0
0.00044559512924392087
0
0.0005822640734878966
0
0
0
0
0.0005829106743468505
0.0005829106743468505
0
0.00021368250040681408
0
0
0.00021368250040681408
0.00021368250040681408
0
0.0003002064982838655
0
0
0
0.0003006363472218435
0.0003003782902714385
0
0.00045823750523731017
0
0
0
0
0.00045823750523731017
0.00045823750523731017
0
0
0
0
0.0006902183593022207
0
0
0
0
0.0008166644297928258
0.0008318717309815195
0.0008135002901965731
0
0.00037995733785692277
0
0
0
0
0.00037995733785692277
0.00037995733785692277
0
0
0
0
0
0
0
0.0008032303936485673
0
0.0010383997274962193
0.000806314995774714
0.000804461398083278
0
0.0010789538792381065
0
0.0010890271001023626
0.0010890271001023626
0
0
0
0
0
0
0
0
0
0.0006520634313656383
0.0006064830297508247
0.0006520634313656383
0.0006520634313656383
0.0004043998938746832
0
