1.1086626245216111
0.00043494022146787413
0
0
0
0
0
0
0.0004586936799841171
0
0.0012584138757339514
0.0008664811446046199
0.001989524673883555
0.0008634444116211924
0.0015022528787555706
0.00043579505680880944
0.0009204338933346709
0
0
0
0
0
0
0.0015826732684105797
0
0.0025026244345860292
0
0
0
0.0006769769740616392
0
0
0.0006769769740616392
0.0006769769740616392
0
0
0.0014752663000952909
0
0.001254852998892599
0
0
0
0.0014517624939174305
0
0
0.0013317268763022355
0.0007683039670974436
0.0014517624939174305
0.0014517624939174305
0
0
0
0
0
0
0
0
0
0
0
0
0
0.0004012532119151687
0.0011020503225860944
0
0
0
0.0004012532119151687
0.0004012532119151687
0
0
0
0.0008392601245432332
0
0
0
0
0
0.000548300012127404
0
0
0
0.0011394271577817175
0.00092158156651838
0.001150064963196692
0.001150064963196692
0
0
0
0
0
0
0
0
0
0
0.0006404752308039347
0
0
0.004697722985261064
0
