1.4271163556401458
0.001119746061702743
0
0
0
0
0
0
0.0011808989289533683
0.0005540047964441559
0.0016198823560047058
0.0005576851721923196
0
0.0005557306680841689
0.0006445873331707976
0.0011219468204718129
0.0005924102763138837
0.0005931489424938262
0
0
0
0.0011872848216640149
0
0
0
0
0.0011886032945364901
0.0011886032945364901
0
0.0005809551620761839
0
0
0.0005809551620761839
0.0005809551620761839
0
0.00040809732789252103
0
0
0
0.00040868165969076343
0.0004083308599828744
0
0
0.0008670208721993594
0.0009986818443947837
0.0008571269403244119
0
0
0
0
0
0
0
0
0
0
0
0
0
0
0
0
0
0
0
0
0
0
0
0
0
0
0
0
0
0
0
0
0
0
0
0
0
0
0
0
0
0
0
0
0
0
0
0
0
0
0
0
0
0.0005497366547150023
0.0009938136181338064
