0.0017276638095257762
0.00034233636897397415
0
0
0
0
0
0
0
0
0
0
0.0017148812501873844
0.0016575636293590797
0.0017310593751891522
0.001828067683885929
0.0003050578450042396
0.00029218518116250024
0.0003115319079287778
0
0.0006106232737772051
0.0006770933349448344
0.003667226427952465
0.0005129064815375266
0.0005522717645449214
0.0006113013673627434
0.0006113013673627434
0
0
0
0.0005485569320479825
0
0
0
0.0025186245641871338
0.0029300166669868283
0.002683616727898357
0.0024922552634302226
0.002522230842200002
0.002520065837185238
0
0
0
0.0005136243352555637
0.0004408223273754958
0.0005086411469717259
0
0
0
0
0
0
0.00048255698558856056
0
0
0
0
0.0008564401109453914
0.0008723880844851829
0.0008531218617747391
0
0
0
0.0006101156900084792
0
0
0
0
0
0
0
0.0005556163323847089
0
0
0
0.0016847035388221896
0.0005667715637684947
0.00108897503721098
0.0016911732144705082
0.001687285459954484
0
0.002263008761809457
0.0006101156900084792
0.0022841364369715783
0.0022841364369715783
0
0
0
0.0005725188573168491
0
0.0006085979892870651
0
0
0
0.0013676444256152805
0.0004240145436627386
0.0013676444256152805
0.0013676444256152805
0
0.0005111205954597496
