0.0004993980681886574
0
0
0
0
0
0
0
0
0
0
0
0.00049570314478695
0
0.0005003795895490911
0
0.0005290796657576424
0
0
0
0.0014120528849837911
0
0.0009086121883032745
0.0008895637147539395
0
0.001413620961480164
0.001413620961480164
0
0.004404725521843901
0.0007771463222300901
0.0009513943765417695
0.004404725521843901
0.004404725521843901
0
0.00036401649294048833
0
0
0
0.0003645377078501969
0.00036422479994646287
0
0.0005556375712845428
0
0
0
0
0.0005556375712845428
0.0005556375712845428
0
0
0.0011689308317841024
0
0
0
0
0
0
0.0004951247280485755
0.0005043445625249159
0.0004932063834997627
0
0
0
0
0
0
0
0
0
0
0
0
0
0
0
0
0
0
0
0
0
0
0
0
0
0
0
0
0
0
0
0
0
0
0.0007906619104427874
0
0.0007906619104427874
0.0007906619104427874
0.0009807131554798827
0
