1.3862943611198906
0.0010877162503883017
0
0
0
0
0
0
0.0005735599342655732
0
0.0005245154601286003
0
0
0.001619502758317629
0
0.0010898540574841907
0.0011509293159982488
0.0005761821949791732
0.0016556063229934998
0
0
0.00038444103192453985
0
0.001979006939500201
0
0
0.00038486795144916457
0.00038486795144916457
0
0.0005643372119356363
0.000846333553797247
0.001036094440298872
0.0005643372119356363
0.0005643372119356363
0
0.00039642389508718636
0.0009223515376712512
0
0
0.0003969915123481932
0.0003966507471015424
0
0.0006051044788825362
0
0
0.0008326092258978321
0
0.0006051044788825362
0.0006051044788825362
0
0
0
0
0
0
0
0
0
0
0
0
0
0
0
0
0
0
0
0
0
0
0
0
0
0
0
0
0
0
0
0
0
0
0
0
0
0
0
0
0
0
0
0
0
0
0
0
0
0
0
0
