0.00045946762710982546
0
0
0
0
0
0
0
0
0
0
0
0
0
0.00046037066882977405
0
0.000973551938073936
0
0.0004971065286515047
0
0.0022735110567167543
0
0.0008359621566759066
0
0.0008812513028615087
0.002276035777490454
0.002276035777490454
0
0
0
0
0
0
0
0.0003349107753797384
0
0
0
0.000335390315436124
0.00033510242675334625
0
0
0
0
0.0014068264042077418
0
0
0
0
0
0
0.0015471373599774704
0
0
0
0
0
0.0004555359710240938
0.00046401861390766447
0.0004537710118182662
0
0.0008477618396691604
0
0
0
0
0.0008477618396691604
0.0008477618396691604
0
0.0030820604776393293
0
0
0.0030820604776393293
0.0030820604776393293
0
0
0
0.0005792200699816741
0
0
0
0
0
0
0
0
0.006506572119460806
0.002121708299824176
0.0009135592679430149
0.003475320419890045
0.0009711301670837024
0.006506572119460806
0.006506572119460806
0
0
0
0
0
0
0
