0
0
0.0014654274430442819
0
0
0
0
0.0005735599342655732
0
0
0.0016251985476200357
0
0
0.0006261492145979632
0
0
0.0005761821949791732
0.0011037375486623333
0
0
0.0011533230957736194
0
0
0.0009687591622081694
0
0.0011546038543474935
0.0011546038543474935
0
0
0.000846333553797247
0
0
0
0
0.001189271685261559
0
0.0008447863260937785
0.00078454689367283
0.0011909745370445794
0.001189952241304627
0
0.0012102089577650725
0
0.0019402300365568795
0
0.0009607029529590371
0.0012102089577650725
0.0012102089577650725
0
0
0
0
0.0009114361348585737
0
0
0
0
0
0
0
0
0
0
0
0
0
0
0
0
0
0
0
0
0
0
0.001060668983259289
0
0
0.0010647422128416979
0.001062294529593786
0
0
0
0
0
0
0
0
0
0
0
0
0
0
0
0
0
0
0
0
