0.00014557225633222125
0
0
0
0
0
0
0.0001535224167938899
0.0004321393805017453
0.0001403948851270647
0.00014500339249348652
0.00016647092031890173
0.0002889904060676261
0.00016759877208257992
0.00014585836532658489
0.0001540322463224707
0.0006168972259199202
0.00014771643367469427
0.0001574973180776027
0
0.00010290174192757403
0.00034230966917973425
0.000264856303633713
0.00025930376058059537
0.0002792051778712054
0.00010301601371205774
0.00010301601371205774
0
0.00015105380882997433
0.00022653460402370694
0.0002773271161366457
0.00015105380882997433
0.00015105380882997433
0
0.00042443658151653646
0.00024688202354679437
0.00022612046397978792
0.00020999642410347028
0.0004250443085805635
0.0004246794636804944
0
0.0001619658146620829
0.00045086717058424294
0.0002596666769704912
0.00022286106990440356
0.0002571473883512349
0.0001619658146620829
0.0001619658146620829
0
0
0.00034073799944061705
0
0.00024396034279476132
0
0
0
0
0.0001443265971959673
0.00014701413684264342
0.00014376740852027584
0
0.00013429738740167643
0.00036885057792329217
0.0003084486129599601
0
0
0.00013429738740167643
0.00013429738740167643
0
0
0.0002571473883512349
0.0002808960495010083
0
0
0
0.0002839048824719449
0.00028653566130566174
0.00036702639108885456
0.0002849951469975668
0.00028433998574010113
0
0.00038136041252911815
0.0009253458388798802
0.00038492083131829043
0.00038492083131829043
0
0
0.000336108407056913
0.0002894412491348143
0.0011010791732665637
0.000615362655706189
0
0
0
0.0002304743362675975
0.0004287275348247625
0.0002304743362675975
0.0002304743362675975
0.0001429367031551741
0.0005168017846668969
