0
0
0
0
0
0
0
0
0
0
0.00286452749315875
0
0
0
0
0
0.0015233428626336744
0.0014590616749588458
0.0038891796768852085
0
0
0
0
0
0
0
0
0
0
0
0
0
0
0
0.0010480877688008637
0.004877129644040746
0.001116746778640043
0.0010371145805027223
0.0010495884672097997
0.0010486875329031818
0
0
0
0
0
0
0
0
0
0
0
0
0
0
0
0
0
0
0
0
0
0.0006632578587579841
0.0018216515544217794
0
0
0
0.0006632578587579841
0.0006632578587579841
0
0
0
0
0
0
0
0
0
0
0
0
0
0
0
0
0
0
0
0
0
0
0
0
0
0
0
0
0
0
0.004235550378462967
0.0012761709357578762
