0
0
0
0
0
0
0
0
0
0
0
0
0
0
0
0
0
0
0
0
0
0
0
0
0
0
0
0
0.0003730066077240607
0.0011187921024104458
0
0.0003730066077240607
0.0003730066077240607
0
0
0
0
0
0
0
0
0.0007999046109770013
0.0011133544737231531
0
0
0
0.0007999046109770013
0.0007999046109770013
0
0
0.0016828112614768688
0
0
0
0
0
0
0
0
0
0
0.0006632578587579841
0.0018216515544217794
0
0
0
0.0006632578587579841
0.0006632578587579841
0
0
0.0012699802243578034
0
0
0
0
0
0
0
0
0
0
0
0
0
0
0
0
0.0016599469780328897
0
0
0
0
0
0
0
0
0
0
0.0007059250630771612
0
