0.0004549380111831637
0.0005408754619896848
0
0
0
0
0
0.00047978361212490037
0.00022508481958576947
0.00021937892366740152
0.00045316021512539447
0.0002601249417913603
0.0004515720368013568
0.0010475492235825512
0.0004558321503560866
0.0002406884579713334
0.0007229657048041673
0.000923277858683029
0.0004922058533556385
0
0.0004823781158510334
0
0.0008277209068564484
0.00040518413364985475
0
0.000482913793936376
0.000482913793936376
0
0.0005900859915051315
0.0010619386359943996
0.000866694312784667
0.0005900859915051315
0.0005900859915051315
0
0.0001658045453968951
0
0
0.0006562744711408514
0.00016604195167610028
0.00016589942639569163
0
0.002024682654746197
0
0
0
0.00040181461902490795
0.002024682654746197
0.002024682654746197
0
0
0.0005324320433911314
0.0007659425300567267
0
0
0
0
0
0
0
0.00022464877770358085
0
0.0006295531978859307
0.001152720666506843
0.0009639542730722231
0.0012771332494558199
0
0.0006295531978859307
0.0006295531978859307
0
0
0.00040181461902490795
0
0
0
0
0.00044362547456231225
0.0004477362897706117
0.0002867549432507132
0.00044532910541700624
0.0004443053603470821
0
0
0
0
0
0
0.0032212138625163454
0
0.00045227651735798923
0
0
0.0032212138625163454
0.0032212138625163454
0
0.0003601357113372312
0
0.0003601357113372312
0.0003601357113372312
0.0008934029202664748
0.0012113199761551716
