0.0005940085259434192
0
0
0
0
0
0
0
0
0
0.0005916872733996778
0.0006792856584252021
0.000589613603048978
0.0006838878647830964
0.0005951759955305721
0
0.001258626544164402
0.0012055157106924965
0
0
0.000839782436289393
0.002793593602637962
0.0010807478462739298
0
0
0.0008407150097888815
0.0008407150097888815
0
0.0006163760360796969
0.0009243759051463832
0.001131635076703868
0.0006163760360796969
0.0006163760360796969
0
0
0
0
0.0008568917558742363
0
0
0
0
0.003679532764592407
0.0010595715413784293
0
0
0
0
0
0
0
0
0
0
0
0
0
0
0
0
0
0
0
0
0
0
0
0
0
0
0
0
0
0
0
0
0
0
0
0
0
0
0
0
0
0
0
0.001371492511440014
0
0
0
0
0
0
0
0
0
0
0
0
