0.0006760030068143654
0
0.0031876114298595984
0.003301018514118424
0
0
0
0.0007129216650268172
0.0001672293928930335
0.00032598026189364687
0.00033668066908359073
0.0007730514420681101
0.00016775035673382177
0.0003891444589814402
0.0005079987218071395
0.0003576445961747234
0.0007161810741354187
0.0005144700431040458
0.00036569008157254186
0
0.00011946281644272167
0.0003974012141074302
0.000614964905199792
0.0006020725591788321
0.0006482812883257401
0
0
0.005901135836882935
8.768225444584863e-05
0.00157795939960606
0.0006439206518571814
8.768225444584863e-05
8.768225444584863e-05
0
0.0003695592645917538
0.0008598461399050984
0.00026251244125073393
0.00048758677543005586
0.00024672561059132554
0.00036977074342699944
0.0011116978479805274
0
0
0.0006029152079670459
0.0002587284781336062
0.00029853285938493025
0
0
0
0
0.0019778829939965763
0.0011381318787119005
0.0005664469639611497
0.0006344372843776942
0
0
0
0.0001675546153607368
0.00017067468941856352
0.0001669054304891338
0.003086820258624275
0
0
0.0007161810741354187
0.0009488610486617937
0.0005171463578540868
0
0
0
0
0
0.001956621874757552
0
0
0
0.0003295967223354662
0.0006653018009149874
0.00021304793080734636
0
0.0003301018514118424
0
0.0004427368099614125
0.0007161810741354187
0.000446870244909185
0.000446870244909185
0
0
0
0.0006720482310334701
0
0.0007143995291748828
0
0
0.0005594583325876031
0.00026756702862885365
0.0007465908424479277
0.00026756702862885365
0.00026756702862885365
0.0004978230925567654
0.0008999643093853503
