0.0021754325007766035
0.001293185038358107
0
0.0026557363239844644
0
0
0
0.0005735599342655732
0.0005381577488819451
0.0005245154601286003
0.0010834656984133573
0.011816775621928184
0.001079668505545086
0.0012522984291959264
0.0021797081149683814
0.001726393973997373
0.0023047287799166927
0.0011037375486623333
0.0017652305107638676
0
0
0
0
0
0
0
0
0
0
0.000846333553797247
0
0
0
0
0.00039642389508718636
0
0.001689572652187557
0
0.0003969915123481932
0.0003966507471015424
0
0
0
0
0
0
0
0
0
0
0
0
0
0
0
0
0
0.0005392043411590395
0
0
0.0011037375486623333
0
0
0
0
0
0
0
0
0
0
0
0
0
0
0
0
0
0
0
0.011698686591729034
0
0.0011523643899583463
0
0
0
0
0
0
0
0
0
0
0.0036007645743373782
0
0
0
0
0
0
