0
0
0.0056193134522152495
0
0
0
0
0
0
0.002011301750206442
0
0
0
0.0008003418436910006
0
0
0
0.0014107936639584995
0
0
0
0
0
0
0
0
0
0
0
0
0
0
0
0.008859784209659377
0.000506707704298506
0
0
0
0.0005074332307937788
0.0005069976657888056
0.0022863959250733878
0
0
0
0
0
0
0
0.004520298066152743
0
0
0
0
0
0
0
0
0
0
0
0.002821587327916999
0.0006413162656286194
0
0
0
0
0.0006413162656286194
0.0006413162656286194
0
0
0
0
0
0
0
0
0
0
0
0
0
0
0
0
0
0
0
0
0
0
0.001469284280208852
0
0
0.0023012426518595783
0
0.004094643193372329
0
0
0
0
