0
0
0
0
0
0
0
0
0.0012495635966103262
0
0.0006289323612481831
0
0.0012534563180950937
0
0
0.0013361875570229143
0.0006689268131480051
0
0
0
0.0004463222164265392
0
0
0
0.0012110142305749437
0.0004468178546457802
0.0004468178546457802
0
0.0006551752136918788
0
0
0.0006551752136918788
0.0006551752136918788
0
0
0.0021416339486814377
0.0029422996571007317
0
0
0
0
0
0
0
0
0
0
0
0
0
0
0
0
0
0
0
0
0
0
0
0
0
0
0
0
0
0
0
0
0
0
0
0
0
0
0
0
0
0
0
0
0
0
0
0
0
0
0
0.001255411788170125
0
0
0
0
0
0.000999650877288261
0.0009297734907187176
0.000999650877288261
0.000999650877288261
0.000619968379211903
0
