0.0006092811216155326
0.00036218693540065127
0
0
0
0
0
0
0
0
0.0006069001871817088
0.00034837541027321503
0.0003023866002721948
0.0003507356772804861
0.0006104786080966952
0
0.000322746795302991
0.0006182554056520671
0.0006591925207971106
0
0
0.0007163549718625427
0.0005542675157023528
0.0016279429549245206
0
0
0
0
0.0017386152421105148
0.0004740713000604373
0.0005803653135269031
0.0017386152421105148
0.0017386152421105148
0
0.00044411140377408997
0
0
0
0.00044474730211855457
0.00044436554477768033
0
0
0
0.0005434071305101443
0
0.0005381349892577936
0
0
0
0
0
0
0.0010210766462840188
0.002287271839466852
0
0
0
0.0006040675141960297
0.0006153159980182222
0.0006017270743889937
0
0.0002810455264201941
0
0
0.005131247507702619
0
0.0002810455264201941
0.0002810455264201941
0
0.002043496814471043
0.0021525399570311745
0.0005878340571529116
0.002043496814471043
0.002043496814471043
0
0.0005941306729143047
0
0.003840399552418379
0.0005964122807211953
0.0005950412180068937
0
0.0007980768648499448
0
0.0008055277899367181
0.0008055277899367181
0
0
0
0.0012114333689531925
0
0
0
0
0
0
0.00044860126487521445
0
0
0
0
