1.3093333199837622
0
0
0
0
0
0
0
0.0016251551344440575
0.0005082815683166779
0.004458569761579213
0
0.0011748167967552824
0
0.0005913881300739667
0
0.0016305520796808994
0.0005441950623373908
0
0
0
0
0
0
0
0
0
0
0
0.00026650383065006356
0
0
0.00026650383065006356
0.00026650383065006356
0
0.00037441616242029236
0
0
0.0007409922580553267
0.00037495226803658713
0.0003746304205962124
0
0
0
0
0
0
0
0
0
0
0
0.005188903513806191
0
0
0
0
0
0
0
0
0
0
0
0.0021767802493495633
0
0
0
0
0
0
0
0
0
0
0
0
0
0
0
0
0
0.001345666310363579
0
0.0013582295850453965
0.0013582295850453965
0
0
0.0011859903260722485
0.0010213208424210314
0.003885262077103152
0
0
0
0
0.008945755602373531
0
0.008945755602373531
0.008945755602373531
0.000504365685664007
0.000911792005559723
