0.0008734335379933276
0
0
0
0.01766969911384914
0
0
0.0003070448335877798
0.00028809292033449686
0.0005615795405082588
0.00043501017748045947
0.00033294184063780346
0.0007224760151690653
0.0006703950883303197
0.0008751501919595093
0.0006161289852898829
0.0007711215323999001
0.0005908657346987771
0.0007874865903880135
0
0.00020580348385514807
0.0010269290075392028
0.0007945689109011392
0.0005186075211611907
0.0005584103557424108
0.00020603202742411548
0.00020603202742411548
0
0.00015105380882997433
0.0004530692080474139
0.0005546542322732914
0.00015105380882997433
0.00015105380882997433
0
0.00042443658151653646
0.0009875280941871775
0.0006783613919393637
0.0012599785446208217
0.0004250443085805635
0.0004246794636804944
0
0.00048589744398624875
0.0006763007558763644
0.0007790000309114736
0.0006685832097132107
0.0007714421650537048
0.00048589744398624875
0.00048589744398624875
0
0
0.0006814759988812341
0
0.00048792068558952263
0
0
0
0
0.0002886531943919346
0.00029402827368528683
0.0002875348170405517
0
0.00026859477480335286
0.0007377011558465843
0.0006168972259199202
0
0
0.00026859477480335286
0.00026859477480335286
0
0
0.0010285895534049396
0.0005617920990020166
0
0
0
0.0008517146474158346
0.0005730713226113235
0.0007340527821777091
0.0008549854409927003
0.0008530199572203033
0
0.0015254416501164726
0.0006168972259199202
0.0007698416626365809
0.0007698416626365809
0
0
0.000672216814113826
0.0005788824982696286
0
0.000615362655706189
0
0
0
0.00092189734507039
0.0006430913022371438
0.00092189734507039
0.00092189734507039
0.0005717468126206964
0.0005168017846668969
