0.0013454675779458036
0
0
0
0
0
0
0
0.0013313652392018063
0.0006488075777873352
0.0006701048956982911
0.0007693128883319545
0.0013355127944641172
0.0015490500705437457
0.0013481119717703826
0
0.0007127175511604018
0
0
0
0
0
0
0
0
0
0
0
0
0
0
0
0
0
0.0004903627189282033
0.0011409171178256331
0
0.0009704575144832636
0.0004910648419507236
0.000490643327064929
0
0.000748493421253569
0
0
0
0
0.000748493421253569
0.000748493421253569
0
0
0
0
0
0
0
0
0
0
0
0
0
0
0
0
0
0
0
0
0
0
0
0
0
0
0
0
0
0
0
0
0
0
0
0
0
0
0
0
0
0
0
0
0
0
0
0
0
0
0
0.001194149323183793
