0
0
0
0
0
0
0
0
0
0
0
0
0
0
0
0
0
0
0
0
0.0010298455540778846
0
0
0
0
0.0010309891915615912
0.0010309891915615912
0
0.0007558768711591393
0
0
0.0007558768711591393
0.0007558768711591393
0
0.001061945401202417
0
0
0
0.0010634659415821454
0.001062553095280358
0
0.0016209616185093197
0
0
0
0
0.0016209616185093197
0.0016209616185093197
0
0
0
0
0
0
0
0
0
0.0014444274865829838
0.0014713245118878177
0.0014388310995756884
0
0.0026881093507092665
0
0
0
0
0.0026881093507092665
0.0026881093507092665
0
0
0
0
0
0
0
0.00284133364040157
0
0.0018366088367976518
0.0028522450599115603
0.0028456881747163615
0
0.003816673245637052
0
0.003852306087141962
0.003852306087141962
0
0
0
0
0
0
0
0
0
0.002306598178885001
0
0.002306598178885001
0.002306598178885001
0.0014305173605565686
0
