1.5141277326297755
0
0
0
0
0
0
0
0
0
0
0.0005916872733996778
0.0006792856584252021
0
0
0
0
0
0
0.0012853376338113544
0
0
0
0
0.001058090658721017
0
0
0
0
0.0012327520721593938
0.0009243759051463832
0
0.0012327520721593938
0.0012327520721593938
0
0
0.00201480736211547
0.0018453720080801653
0
0
0
0
0.0019827076376644813
0.0009198831911481017
0
0
0
0.0019827076376644813
0.0019827076376644813
0
0
0
0
0.0009954817440037973
0.002229937750559316
0
0
0
0
0
0
0
0.0005480013509336864
0
0
0
0
0.0005480013509336864
0.0005480013509336864
0
0
0
0
0
0
0
0
0
0
0
0
0
0
0
0
0
0
0
0
0.00118106687412619
0
0
0
0
0
0
0.000874712728266768
0
0
0.0011665082685899657
0
