0.5798184952529422
0.0006824070167747457
0.0002704377309948424
0.0006129159569270002
0
0
0
0
0
0.00045016963917153893
0
0
0.0002601249417913603
0.0004515720368013568
0.0010475492235825512
0.0006837482255341299
0.0004813769159426668
0.00048197713653611154
0.0006924583940122717
0.000984411706711277
0
0.0011255489369857447
0.0005348879107499467
0.0012415813602846728
0
0
0.0011267988525182108
0.0011267988525182108
0
0.00035405159490307887
0.0021238772719887992
0.0004333471563923335
0.00035405159490307887
0.00035405159490307887
0
0.0006632181815875804
0.00038577411527141863
0.00035333241636376734
0.0003281372355704257
0.0006641678067044011
0.0006635977055827665
0
0.0007592559955298239
0
0
0.0003482393364882535
0
0.0007592559955298239
0.0007592559955298239
0
0
0.0005324320433911314
0
0
0.0017078600743827457
0
0
0
0.0011276127873452784
0.0011486103313251628
0.0011232438885179043
0
0.0002098510659619769
0
0
0
0
0.0002098510659619769
0.0002098510659619769
0
0.003051676290804959
0
0
0.003051676290804959
0.003051676290804959
0
0.00044362547456231225
0
0.0002867549432507132
0.00044532910541700624
0.0004443053603470821
0
0.0017877240346956078
0.0014459314096083346
0.0018044144043141352
0.0018044144043141352
0
0
0
0.00045227651735798923
0
0
0
0
0
0.0003601357113372312
0
0.0003601357113372312
0.0003601357113372312
0
0.0012113199761551716
