0.0006122588263101877
0.0014558281233812205
0
0
0
0
0
0
0
0
0.001219732511344016
0.0007001560108858987
0.0006077288739348397
0
0.000613462165198376
0
0
0.0006212769698505845
0
0
0
0
0
0
0
0
0
0
0
0
0
0
0
0
0.00044628188397617056
0
0
0
0.00044692089011015703
0.00044653726702851746
0
0.002043624288430382
0.0009481456550818155
0.001092125786049453
0.0009373259749337347
0.0010815299710773862
0.002043624288430382
0.002043624288430382
0
0
0
0
0
0
0
0
0
0
0
0
0
0.0005648381282173971
0
0
0
0.0018735267086010424
0.0005648381282173971
0.0005648381282173971
0
0
0
0
0
0
0
0
0
0
0
0
0
0
0
0
0
0
0
0
0
0
0
0
0
0
0
0
0
0
0
0
