0
0.0007062162932041864
0
0
0
0
0
0
0
0
0
0
0
0
0
0
0.000629313272082201
0
0.0006426688169056772
0
0
0
0
0
0
0
0
0
0.00030818801803984846
0.0009243759051463832
0.001131635076703868
0.00030818801803984846
0.00030818801803984846
0
0.0004329790485072278
0
0.0018453720080801653
0
0.0004335990070532003
0.0004332268190643135
0
0
0
0
0.0009093860256034688
0.0031478747040120073
0
0
0
0
0
0
0.0019909634880075945
0
0
0
0
0
0
0
0
0.0005480013509336864
0
0
0
0
0.0005480013509336864
0.0005480013509336864
0
0
0
0.0022923962643902735
0
0
0
0.0023169513888749434
0
0
0.0023258490516586414
0.002320502272229541
0
0
0
0
0
0
0
0
0
0
0
0
0
0
0
0
0
0
0
0
