0.0003046405608077663
0
0
0
0
0
0
0
0.0009043425343544212
0.0014690291136946582
0
0
0.0003023866002721948
0
0.0003052393040483476
0
0.000645493590605982
0.00030912770282603356
0
0
0.000646030606904323
0
0.0011085350314047056
0
0
0.0006467480201268709
0.0006467480201268709
0
0
0
0
0
0
0
0.00044411140377408997
0.0005166525545568837
0.001419613874769646
0
0.00044474730211855457
0.00044436554477768033
0
0.0003389475292444331
0
0
0
0
0.0003389475292444331
0.0003389475292444331
0
0
0
0.001025797608320999
0.0005105383231420094
0
0
0
0
0.0006040675141960297
0.0006153159980182222
0.0006017270743889937
0
0.0019673186849413584
0
0
0
0
0.0019673186849413584
0.0019673186849413584
0
0
0.0010762699785155873
0.0005878340571529116
0
0
0
0.0059413067291430475
0.0011992722617745117
0.0030723196419347033
0.005964122807211953
0.005950412180068937
0
0.0015961537296998896
0
0.0016110555798734363
0.0016110555798734363
0
0.0043140488305499795
0.0014067550534402106
0.0006057166844765962
0
0
0.0043140488305499795
0.0043140488305499795
0
0.0009646320366447159
0
0.0009646320366447159
0.0009646320366447159
0.00029912511151733293
0
