0.3147107448397002
0.00012346439577861913
0.0001467867280035915
0.0003326752059616281
0.0006028941472024907
0.004995408648249209
0
0
0.0001302071761852297
0.00012217032020174696
0.00011907330489583814
0.00012298192451727245
0.00014118920809318088
0.00012255091309957173
0.0001421457745436767
0.00012370705378919033
0.00013063957859680374
0.00013080247083944313
0.0001252829398247214
0.00013357841461786934
0.0021408894206782327
8.727419435377155e-05
0.0002903235653502769
0.0002246329370733049
0.0002199236511807828
0.00023680266729849523
8.737111183778463e-05
8.737111183778463e-05
0.0021555530468472615
0
0
0.00023520982424491793
0
0
0.0007867768620992505
8.99944938060338e-05
0.00020938838645355969
0.0001917798566969532
0.0001781045528238258
9.012335190140326e-05
9.004599280105871e-05
0.0004060783804383228
0
0
0.00022023145195220446
0.00018901546236618628
0.0002180947642686765
0
0
0.0008028335327543371
0
0
0.00041573414113566735
0.00020691041738310335
0.00046349152406435963
0
0
0.0031159479687099026
0.00012240791320097246
0.00012468729985725047
0.00012193364774881837
0.0002505658796494428
0
0
0.00026160494167888626
0.0006931954732151988
0.00037780401541380573
0
0
0.0016739933236154265
0
0
0.0002382367485538987
0
0
0.002941221914389721
0.00024078863415432302
0.00024301988018509665
0.00015564329616206735
0.00024171332168947788
0.00024115765888099632
0.0013278934381421947
0.0003234437254262078
0.00026160494167888626
0.0003264634282569504
0.0003264634282569504
0.0007987582356337568
0
0
0.00024548420034297986
0.0009338597769724042
0.00026095418311749603
0
0
0.0004087152530385717
0.00019547251232279516
0.00018180863364511852
0.00019547251232279516
0.00019547251232279516
0
0.0002191579003061979
