0.0007189413353269165
0
0
0
0
0
0
0
0
0
0
0.0008221540887161553
0.0007136220653225507
0
0.0007203543489576692
0
0
0
0
0
0
0
0
0
0
0
0
0
0.0003730066077240607
0
0.0041089270487630275
0.0003730066077240607
0.0003730066077240607
0
0
0
0
0.0010371145805027223
0
0
0
0.0007999046109770013
0.0011133544737231531
0.0012824222979344367
0.0011006495277767628
0.0012699802243578034
0.0007999046109770013
0.0007999046109770013
0
0
0
0
0
0
0
0
0
0
0
0
0
0
0
0
0
0
0
0
0
0
0
0
0
0
0
0
0
0
0
0
0
0
0
0
0
0
0
0
0
0
0
0
0
0
0
0
0
0
0
0
