1.6607312068216509
0
0.0015491895586022862
0
0
0
0
0
0
0.0006446937914680322
0
0
0
0
0
0
0
0
0
0
0
0
0
0
0
0.0012496096364346507
0
0
0
0.0003380279272993387
0.0010138774156420334
0.0012412041904496644
0.0003380279272993387
0.0003380279272993387
0
0.0004749016891111384
0
0.002024047784060513
0
0.0004755816743475518
0.00047517344973437795
0
0.0014497871731310788
0
0
0
0
0.0014497871731310788
0.0014497871731310788
0
0
0
0
0.0021837359721520724
0
0
0
0
0
0
0
0
0
0
0
0
0
0
0
0
0
0
0
0
0
0
0
0
0.0008213309628198075
0
0
0
0
0.0027609828874840415
0
0
0
0
0
0
0
0
0
0
0
0
0.0009594056654082327
0
0
0
0
