0.002900837062803375
0.0005748005031938591
0.0006513595554162971
0.0011804332172870055
0
0
0
0.002549384110152325
0.0009568107755028212
0.003263944741556352
0.0007223753099927513
0.0011057624754128611
0.00023994787360740534
0.0005566270455499701
0.0029065383935085705
0.00025578503089407096
0.0007683118945434126
0.0007358910900762145
0.00026153910841418375
0
0
0
0
0.0008611965610395764
0
0
0
0
0.00037625858299846344
0.00037618201430025453
0.0009210555148338071
0.00037625858299846344
0.00037625858299846344
0
0.0019382463636436907
0
0.000750988591619521
0
0.001941021630487396
0.001939355517499853
0
0.0005379189344599012
0.0011230610074553164
0.0004312009373154772
0
0
0.0005379189344599012
0.0005379189344599012
0
0
0
0.0008139843321318586
0.00040511909232335107
0
0
0
0
0.00023966788775722168
0.0002441308000886755
0.00023873930237265284
0.0004905940600508097
0.00022301344170243102
0
0
0.0013572381925634736
0
0.00022301344170243102
0.00022301344170243102
0
0
0.0008540348432762536
0
0
0
0
0
0
0.001523704597981743
0
0
0
0.0006332848298292055
0.0015366237890868252
0.0006391972400662002
0.0006391972400662002
0
0
0.0005581396190433124
0.00048064441452715833
0.0018284455175780919
0.0010218675612335274
0
0
0
0
0.0007119423910153864
0
0
0.0011867991899534224
0.0008581979657713328
