1.2378743560016172
0.0004856313675957698
0
0
0
0
0
0
0.001536459688872508
0
0.0009367191494526048
0
0
0
0
0.00048658583176164203
0.0010277080581167432
0
0.0004927843773891788
0
0
0
0
0
0
0
0
0
0
0.0005039179141060929
0.0007557230500620373
0
0.0005039179141060929
0.0005039179141060929
0
0.00035398180040080565
0
0
0
0.0003544886471940485
0.0003541843650934527
0
0
0.0007520500340228536
0.0008662521735490672
0
0.0008578477865569073
0
0
0
0
0.0011367073976139735
0
0
0.0018230844712836777
0
0
0
0
0
0
0
0.0017920729004728443
0.0024609828151125586
0.002057978979221309
0
0
0.0017920729004728443
0.0017920729004728443
0
0
0
0
0
0
0
0.0009471112134671899
0
0
0.0009507483533038535
0.0009485627249054538
0
0
0
0
0
0
0
0.0011212630036246533
0.0009655806209060978
0
0
0
0
0
0
0
0
0
0
0.0008620294958228532
