0.0006621969951310545
0
0
0
0
0
0
0.0006983616634625809
0.0003276281328783109
0.0009579682977236424
0
0.001135895114797482
0.0006572975625346799
0.0003811969603859661
0.0006634984829359504
0.0007006808387667323
0.0007015545056479875
0.00033597534645482844
0
0
0.000468092107761802
0
0.0012048109497423683
0
0
0.0004686119213184503
0.0004686119213184503
0
0.0008589151946819958
0.0015457327294771592
0.0012615397164342736
0.0008589151946819958
0.0008589151946819958
0
0.00024134116965814385
0
0.000514302297559128
0.0009552575781488727
0.0002416867326158445
0.0002414792761929983
0
0.001105155046217192
0
0
0
0
0.001105155046217192
0.001105155046217192
0
0
0
0.0011148878075224954
0.0005548784157097495
0
0
0
0
0
0
0
0
0.0006109084837455874
0
0.0007015545056479875
0
0
0.0006109084837455874
0.0006109084837455874
0
0
0
0.001277774519749476
0
0
0
0
0
0.0008347874087977536
0
0
0
0
0.0007015545056479875
0
0
0
0
0
0
0
0.0006998093451861766
0
0
0
0.0005242050126052975
0.00048756214343993585
0.0005242050126052975
0.0005242050126052975
0
0.0005877228901772486
