0.0005284714193670496
0.0006282992761038291
0
0
0
0
0
0
0
0.0005096759924202079
0.0010528125423732782
0
0.0015736841681852913
0
0.0005295100817478811
0
0.0005598809841922733
0
0
0
0
0
0.0019230173418509772
0
0
0
0
0
0.00027418555830787896
0.0008223892844728995
0.0010067815007224286
0.00027418555830787896
0.00027418555830787896
0
0.0003852083637308006
0.0017925131709469189
0
0.000762350677966389
0.0003857599220981127
0.00038542879770146196
0
0.0005879850056598033
0.004091961263568073
0
0
0.0009335229715638319
0.0005879850056598033
0.0005879850056598033
0
0
0
0
0
0
0
0
0
0
0
0
0
0
0
0
0
0
0
0
0
0
0
0
0
0
0
0
0
0
0
0
0
0
0
0
0
0
0
0
0.001050759475792987
0
0
0
0
0
0
0.0007782054580974057
0
0
0.0005189035623908358
0
