1.0216512475319812
0.0004008047263758263
0
0
0
0
0
0
0
0
0
0.0011977154132848547
0
0.0003978392708457871
0
0.0004015924715141436
0
0.0012738793610124453
0
0
0
0
0
0.0007292300125139053
0
0
0
0
0
0.0002079485543521232
0.0012474374206739697
0.0007635659548071609
0.0002079485543521232
0.0002079485543521232
0
0.00029215077138461
0.0006797413489900074
0
0.0005781840676468484
0.0002925690857766269
0.0002923179535141577
0
0.00044594118181230083
0.0006206872706755657
0.0007149413908551302
0
0.0014160100450893711
0.00044594118181230083
0.00044594118181230083
0
0
0
0
0
0
0
0
0
0
0
0
0.0008134165983534883
0.0003697615807209487
0
0.0008492529073416303
0
0
0.0003697615807209487
0.0003697615807209487
0
0
0
0
0
0
0
0.008598442022074822
0
0.0035368737550563146
0.008631462152727953
0.008611619710997543
0.004310764757518908
0
0
0
0
0.0025930234708933532
0
0
0
0
0.001694280675840765
0
0
0.001326819801989586
0
0.005902086929705264
0
0
0
0
