0.2613647641344075
0.0008202895696646764
0
0
0
0
0
0
0.0010813602156988312
0.0005073073838012569
0.0006922260117067169
0.0005106775383634379
0.0009380520920032571
0.00030533266838131715
0.0008263565261702135
0.0008219017740075708
0.000542475641623926
0.0010863040903341958
0.0006242788952254957
0.0004437432328258192
0
0.0005073636574988499
0
0.00018655586305096897
0.0007305793546733962
0.0005899881808903104
0.0005079270818825243
0.0005079270818825243
0
0.0012767666068035377
0.00047869004420221154
0.0001953398835085258
0.0012767666068035377
0.0012767666068035377
0
0.0014200544805701295
0.0005216861559569012
0.0007963582088190357
0.0008874864656516384
0.0014220877773636147
0.001420867101159869
0
0.001026749400789903
0.0003175756550843347
0.00018290046475465886
0.0007848791715747973
0.0007245038506844283
0.001026749400789903
0.001026749400789903
0
0
0.00024000437477907026
0.00069052777842644
0.00034367490352979295
0.0011547780447764692
0
0
0
0.0005082939792578909
0.0005177590414706964
0.0005063246108764191
0
0.0033108095348187705
0.000779417785689088
0.0006517824542005174
0
0.0006275264445003781
0.0033108095348187705
0.0033108095348187705
0
0.0013756040217600394
0.0007245038506844283
0.0007914148800436261
0.0013756040217600394
0.0013756040217600394
0
0.0011998382439222992
0.00020182607269066217
0.0009048236147086313
0.0012044459176700807
0.0012016770764800345
0
0.0010744697395042447
0.0008690432722673567
0.0010845010959933921
0.0010845010959933921
0
0.001452026467413375
0.00023674344577391985
0.0004077453418633503
0.0023266892949650522
0.0006501611048119589
0.001452026467413375
0.001452026467413375
0
0.0012987069025312175
0.0009059437231695234
0.0012987069025312175
0.0012987069025312175
0.000604078807706643
0.0005460266660189572
