0.00011833886993690363
0.00021103949123309283
0.00015943223016340772
0.0014446636947757056
0
0
0
0.0001872025937955114
5.854925843733838e-05
5.7065035843580664e-05
0.00011787642808486417
0.00033831962704034024
5.873165488106841e-05
0.00020436705926095352
0.0001185714541938551
0.00012521618076760787
6.268615533440719e-05
0.0002401638371569804
6.401650667851599e-05
0.0010260060526162155
4.1825537918631086e-05
0.0001391355071352248
0.00010765373999613397
0.00010539684817231564
0.00011348599679050691
4.187198493464289e-05
4.187198493464289e-05
0.0020660669826655298
0.00012279494380996027
0.0006445422638230073
0.00011272263806770082
0.00012279494380996027
0.00012279494380996027
0.0003770572243364592
8.625844422910134e-05
0.00010034789736166579
0.0001838182690244774
8.535534223802133e-05
8.638195288349582e-05
8.630780528445419e-05
0.0007784407212107546
0.00013166555192892508
0.0003665197806429737
0.00010554435950635667
0.00018116863631781823
0.0002090407342128672
0.00013166555192892508
0.00013166555192892508
0.0011542568091932426
0
0.0008309801087304886
0
0.000594962089682776
0.002443375238704596
0
0
0.0014932959379661752
5.866312319509284e-05
5.975550306441509e-05
5.843583484486001e-05
0.0012008191857849019
0.00021834656494329886
0.00014992334963676309
0.0003761169320064431
0.00033220900822595527
0.0005431796749144671
0.00021834656494329886
0.00021834656494329886
0.0008022494134818281
0
0.0001045203671064336
0.00022834654009778
0
0
0.0014095597171456418
0.00011539624310220634
0.00011646555191859744
7.459094447803348e-05
0.00011583939303731466
0.00011557309558205647
0.0006363835009898046
0.00015500810866863688
0.00025074462133762876
0.00015645527980765942
0.00015645527980765942
0.0015311968500972962
0
0.0005464597454151583
0.0001176465598553695
0
0.0001250604392492402
0
0
0.0011752432966331196
9.367881349974143e-05
0.00034852198667725863
9.367881349974143e-05
9.367881349974143e-05
5.809818556802145e-05
0.00010502986750319199
