0.0004008047263758263
0.0004765164400802151
0
0
0
0
0
0
0.0007932074903198612
0
0.0007984769421899034
0.0022917255440376427
0
0.00046145042797289125
0.0004015924715141436
0
0
0.0004067082991767441
0
0
0.0008499594405424137
0
0
0
0
0
0
0
0
0
0
0
0
0.005108256237659906
0.00029215077138461
0.00271896539596003
0
0
0.0002925690857766269
0.0002923179535141577
0.002636519348469629
0.00044594118181230083
0.0006206872706755657
0
0
0
0.00044594118181230083
0.00044594118181230083
0
0
0.0028144662466445766
0.0026992106936115754
0
0
0
0
0
0.001589500190637077
0
0
0.0016268331967069765
0.0003697615807209487
0.001015557900131194
0
0
0
0.0003697615807209487
0.0003697615807209487
0
0
0.0035400251127234274
0
0
0
0
0.001563353094922695
0
0.0015158030378812778
0.0015693567550414459
0.0015657490383631898
0
0
0
0.0031794125960538833
0.0031794125960538833
0
0
0
0
0
0
0
0
0
0
0
0
0
0.0031483859708227465
0.0007114563005097362
