0.00022746900559158186
0
0
0
0
0
0
0.00023989180606245018
0.00022508481958576947
0.00021937892366740152
0.00045316021512539447
0.0002601249417913603
0.0002257860184006784
0.0013094365294781891
0.0002279160751780433
0
0.0009639542730722231
0.00023081946467075725
0.0002461029266778193
0
0.0004823781158510334
0.0005348879107499467
0.0008277209068564484
0
0.00043628178724826344
0.000482913793936376
0.000482913793936376
0
0.0004720687932041052
0.0007079590906629331
0.000866694312784667
0.0004720687932041052
0.0004720687932041052
0
0.0003316090907937902
0
0.00035333241636376734
0.000984411706711277
0.00033208390335220055
0.00033179885279138326
0
0
0
0
0.000696478672976507
0.00040181461902490795
0
0
0
0
0.0005324320433911314
0
0.0003812087411261947
0
0
0
0
0.0015786579022833897
0.001608054463855228
0.0015725414439250658
0
0
0.0005763603332534215
0.00048197713653611154
0.0012771332494558199
0.0013921212371019018
0
0
0
0.0015258381454024794
0
0.00043892391767823025
0.0015258381454024794
0.0015258381454024794
0
0.001330876423686937
0
0.0002867549432507132
0.0013359873162510187
0.0013329160810412464
0
0.0005959080115652026
0
0.0006014714681047118
0.0006014714681047118
0
0
0.0005251979123667954
0
0
0.0004807781884352754
0
0
0
0.0003601357113372312
0
0.0003601357113372312
0.0003601357113372312
0.0004467014601332374
0
