0
0
0
0
0
0
0
0
0
0
0
0
0
0
0
0
0.000629313272082201
0
0
0
0.000839782436289393
0
0
0
0
0.0008407150097888815
0.0008407150097888815
0
0
0
0
0
0
0
0.0008659580970144556
0
0
0
0.0008671980141064006
0.000866453638128627
0
0
0
0
0.0009093860256034688
0
0
0
0
0
0
0
0
0
0
0
0
0.001766776817537661
0.0017996763858515558
0.0017599314986010564
0
0
0
0
0
0
0
0
0
0
0
0.0011461981321951367
0
0
0
0.0023169513888749434
0
0.0014976535436496295
0.0023258490516586414
0.002320502272229541
0
0.0031122872202050886
0
0.0031413438436302395
0.0031413438436302395
0
0
0
0
0
0
0
0
0
0.0018809040156891623
0
0.0018809040156891623
0.0018809040156891623
0
0
