0.0012024141791274793
0.00023825822004010762
0
0
0
0
0
0.0002113469688729792
0.0005949056177398961
0.0009663746193075874
0.0007984769421899035
0.0006875176632112931
0.000994598177114468
0.0011536260699322282
0.001204777414542431
0.0004240976536039773
0.0006369396805062229
0.0006100624487651163
0.00043363805073513644
0
0.000283319813514138
0
0.0018230750312847634
0.0003569710857903499
0.0007687368303476158
0.00028363443851526414
0.00028363443851526414
0
0.0011437170489366777
0.002183015486179448
0.00038178297740358054
0.0011437170489366777
0.0011437170489366777
0
0.0016068292426153555
0.0013594826979800153
0.001245156913506376
0.0014454601691171213
0.0016091299717714484
0.0016077487443278678
0
0.00022297059090615047
0.0003103436353377829
0.00035747069542756523
0.0006136043528720609
0.0007080050225446857
0.00022297059090615047
0.00022297059090615047
0
0
0.00046907770777409615
0.000674802673402894
0.0013433941453411986
0.002256961518848265
0
0
0
0.0005960625714889039
0.0006071619933827148
0.0005937531465703108
0
0.0001848807903604744
0.0005077789500655971
0
0.0011251665721717858
0.003066180214681817
0.0001848807903604744
0.0001848807903604744
0
0
0.0010620075338170286
0
0
0
0
0.0031267061898453906
0.0011833798233961174
0.0035368737550563155
0.003138713510082892
0.00313149807672638
0
0
0.0004246264536708152
0
0
0
0
0
0
0
0
0
0
0
0
0
0
0
0.0009838706158821085
0.0007114563005097364
