0.0005597096021007962
0
0
0
0.011323014093293091
0
0
0.0008854156655491909
0.0008307646209753084
0
0.0002787611910423856
0
0.0005555684485026984
0
0.0005608096602810258
0.0008883560247540035
0
0.0014198843309662914
0.0009083402646996581
0
0.0003956460831267137
0
0
0
0.0010735137515086
0.00039608544579537193
0.00039608544579537193
0
0.00043558918453743016
0
0
0.00043558918453743016
0.00043558918453743016
0
0
0.0004746173572039021
0.0004347043801812705
0
0
0
0
0.0009341115947762524
0.0004333838929996748
0.0004991951629653357
0
0
0.0009341115947762524
0.0009341115947762524
0
0
0
0.002827014086700653
0.0014070017512376031
0.002101177872982223
0
0
0
0.0002774600886337864
0.0002826267384617531
0.00027638507860420954
0
0.0005163589488798153
0
0.0011859516007937901
0.0015712552596419932
0.003425449641668498
0.0005163589488798153
0.0005163589488798153
0
0.00563170964113788
0.0004943519666510498
0.0005400074851456963
0.00563170964113788
0.00563170964113788
0
0.0005457918040378461
0
0.00035279420765453254
0.0005478877787077303
0.00054662826657277
0
0.0007331447974074664
0
0
0
0
0
0.0006461502607585732
0.0005564351699512206
0
0.00177450220865041
0
0
0
0
0
0
0
0
0
