0.0013784028813294766
0
0
0
0
0
0
0.0004845606046764357
0.00045465177853375193
0.00044312636454897663
0
0
0.0009121362784290849
0
0.001381112006489322
0
0.000486775969036968
0.0004662352633371597
0.0004971065286515047
0
0
0
0.0008359621566759066
0
0
0
0
0
0.00047676897272662123
0.005005055476508312
0.0008753236035149067
0.00047676897272662123
0.00047676897272662123
0
0.0020094646522784304
0
0.0007137007809280593
0
0.002012341892616744
0.0020106145605200774
0
0.0010224207608057138
0.0007115327955667952
0.00163916442477669
0.0014068264042077418
0.0008116306178121588
0.0010224207608057138
0.0010224207608057138
0
0
0
0
0
0
0
0
0
0
0
0
0
0
0
0
0
0.0014059819705917707
0
0
0
0
0
0.0008865881767622597
0
0
0
0
0.0009043884027049769
0.0011584401399633482
0
0
0
0
0
0
0
0
0
0
0
0
0
0
0
0
0
0
0
0
0.00045114906837555665
0
