0
0
0
0
0
0
0
0
0.0006247817983051631
0.0006089435915376846
0
0
0
0.0007269367264833334
0
0
0
0.0012813996118105895
0
0
0.0004463222164265392
0.0014847213214336718
0
0.001124694557955346
0
0.0004468178546457802
0.0004468178546457802
0
0.0006551752136918788
0
0
0.0006551752136918788
0.0006551752136918788
0
0
0
0
0
0
0
0
0
0.0009777873101057717
0
0.0009666293768372975
0
0
0
0
0
0
0
0
0.0023703062038793817
0
0
0
0
0
0
0
0
0.0015998388791591454
0
0
0
0
0
0
0
0
0
0
0
0
0
0
0
0
0
0
0
0
0
0
0
0
0
0
0.004775780155590802
0.0013345256322007464
0
0
0
0
0.0009297734907187176
0
0
0
0.0011207784905529947
