0
0
0
0
0
0
0
0
0
0
0.00047048566015081523
0.0010802806678563805
0
0.0005437998212854273
0
0
0.0005004043243249942
0.001917154147015822
0.0005110241104948795
0
0.00033388042271933897
0.0011106760187508636
0
0
0
0.0003342511949822144
0.0003342511949822144
0
0.0004901171603199414
0.0007350261320671161
0.0008998301975530166
0.0004901171603199414
0.0004901171603199414
0
0.0006885746664717965
0
0
0
0.0006895605981248203
0.0006889687006157003
0
0.0010510456606948372
0
0
0.0007231067893849466
0
0.0010510456606948372
0.0010510456606948372
0
0.006840754570033728
0
0
0
0
0.006840754570033728
0.006840754570033728
0
0
0
0
0
0
0
0
0
0.0014453455033924803
0
0
0
0
0
0
0
0
0
0
0
0
0
0
0
0
0.0010008086486499885
0
0
0
0
0.0010905550763821885
0
0
0.000998319074897128
0
0
0
0
0
0
0
0
0.0016768423458578497
