0
0
0
0
0
0
0
0
0.0018175245515504679
0
0.000609866255672008
0
0.0012154577478696795
0.0007048996152956948
0
0.0006478404932605514
0
0.0006212769698505845
0.0013248283092229783
0
0
0
0
0
0
0
0
0
0
0.0009527764030919831
0.0011664033993009479
0
0
0
0.0013388456519285116
0
0
0
0.0013407626703304712
0.0013396118010855522
0
0.002043624288430382
0.0009481456550818155
0
0
0
0.002043624288430382
0.002043624288430382
0
0
0
0
0
0
0
0
0
0
0
0
0
0
0
0
0
0
0
0
0
0
0
0
0
0
0
0
0
0.0007718337033949893
0
0
0
0.0016039545203131228
0
0.0016189291994446768
0.0016189291994446768
0
0
0
0
0
0
0
0
0
0
0.000901587376236088
0
0
0
0
