0
0
0
0
0
0
0
0
0
0.0003466858614733845
0.0007161318732896875
0.00041107704435807763
0
0
0
0
0.0003808357156584186
0.00036476541873971144
0.0007778359353770417
0
0.00025410170046426934
0
0.0006540262183255926
0.0006403149768512613
0
0.000254383878921198
0.000254383878921198
0
0.0003730066077240607
0.0016781881536156687
0.0006848211747938379
0.0003730066077240607
0.0003730066077240607
0
0.0007860658266006478
0.0006096412055050933
0.0005583733893200215
0
0.0007871913504073497
0.0007865156496773863
0
0.0003999523054885007
0
0
0
0.0006349901121789017
0.0003999523054885007
0.0003999523054885007
0
0
0
0
0
0
0
0
0
0.0003563946837316823
0.0003630311932940393
0.00035501384419765796
0
0
0.0009108257772108897
0
0
0
0
0
0
0
0.0012699802243578034
0.0006936341649312302
0
0
0
0.0007010640641730337
0
0
0.0007037563224839901
0.0007021384918575902
0
0
0
0
0
0
0
0.0008299734890164449
0.0007147353602762521
0
0
0
0
0
0.000569124678182705
0.0005293418439480965
0.000569124678182705
0.000569124678182705
0
0
