0
0
0
0
0
0
0
0.0011471198685311464
0
0.0010490309202572006
0
0
0.001079668505545086
0.0006261492145979632
0
0.0011509293159982488
0
0
0
0
0.0007688820638490797
0.0025577386736529346
0
0.0009687591622081694
0
0.0007697359028983291
0.0007697359028983291
0
0.0008465058179034545
0
0
0.0008465058179034545
0.0008465058179034545
0
0
0
0.0008447863260937785
0
0
0
0
0.0006051044788825362
0
0
0
0
0.0006051044788825362
0.0006051044788825362
0
0
0.0012729975767859418
0
0
0
0
0
0
0.0005392043411590395
0.0005492449925197665
0.0005371152115923636
0
0
0
0
0
0
0
0
0
0
0
0
0
0
0
0
0
0
0
0
0
0
0
0
0
0
0
0
0
0
0
0
0
0
0.0008610523982111122
0.0008008632935412424
0.0008610523982111122
0.0008610523982111122
0
0
