1.6094379124341003
0
0
0
0
0
0
0
0.0006658824627364916
0
0
0
0
0
0
0
0.0006680937785114572
0.0006689268131480051
0
0.001366246105631664
0
0
0
0
0
0
0
0
0
0.0003275876068459394
0
0
0.0003275876068459394
0.0003275876068459394
0
0.0004602338897438091
0
0
0
0.0004608928729765465
0.0004604972567765666
0
0.0007025045449297688
0
0
0.0009666293768372975
0
0.0007025045449297688
0.0007025045449297688
0
0
0
0.002126073860547028
0
0
0
0
0
0
0
0
0
0.000582496530015961
0
0
0.003545017428268944
0
0.000582496530015961
0.000582496530015961
0
0
0
0
0
0
0
0
0
0
0
0
0
0
0
0
0
0
0
0
0
0
0.002669051264401493
0
0
0
0
0
0
0
0
0
