0.00020699597570905133
0
0
0
0
0
0
0
0.0004096527500639533
0
0.0004123741634094349
0.00023671276001900935
0.0002054644634277149
0.00023831650500558802
0.000207402807422316
0.0002190256297560697
0.00021929872904504234
0.0006301346442066542
0
0
0.0008779246956445455
0
0
0
0.0003970148548400089
0.000878899625900675
0.000878899625900675
0
0.0010739522533734418
0.0009663603334841976
0
0.0010739522533734418
0.0010739522533734418
0
0.0009052892343420736
0
0
0
0.0009065854674954843
0.0009058072825448444
0
0.0009212269612961534
0.0006411090426274263
0.000738464299625433
0.0006337930835824286
0
0.0009212269612961534
0.0009212269612961534
0
0.002997913307286204
0.0004845112415816087
0.0006970049433056432
0.001040695743752213
0.0007770732578532722
0.002997913307286204
0.002997913307286204
0
0.00020522471492896612
0.00020904625280601105
0.00020442957848987675
0
0.004965056566826518
0.0005244858271196539
0.0004385974580900847
0
0
0.004965056566826518
0.004965056566826518
0
0.0013885072160062417
0
0.00039941918401390755
0.0013885072160062417
0.0013885072160062417
0
0.0008073951676853433
0
0.0007828378962646467
0.0008104957635673916
0.0008086325549155125
0
0.001626822431908649
0
0.0016420106081401612
0.0016420106081401612
0
0
0
0
0
0.0004375064196371243
0
0
0
0.000983166600153488
0.000304813831358967
0.000983166600153488
0.000983166600153488
0.001016241799080069
0
