0
0
0
0
0
0
0
0
0.0005381577488819451
0
0.0005417328492066787
0
0
0
0
0
0
0
0
0
0.00038444103192453985
0
0
0
0
0.00038486795144916457
0.00038486795144916457
0
0
0
0
0
0
0
0.00039642389508718636
0
0
0
0.0003969915123481932
0.0003966507471015424
0
0.0012102089577650725
0
0
0
0
0.0012102089577650725
0.0012102089577650725
0
0
0
0
0
0
0
0
0
0
0
0
0
0.001003470402547876
0.0027560524077930226
0
0
0.0016642189209122335
0.001003470402547876
0.001003470402547876
0
0
0
0
0
0
0
0.001060668983259289
0
0.0006856055198416867
0.0010647422128416979
0.001062294529593786
0
0.0014247629610687467
0
0.0014380646899583927
0.0014380646899583927
0
0
0
0
0
0.0011494978118738728
0
0
0
0
0.0008008632935412424
0
0
0
0
