0
0
0
0
0
0
0
0
0
0.0006488075777873352
0
0
0
0
0
0
0
0
0.0007278431358624476
0
0.00047554032947640784
0
0
0
0
0.00047606841423984643
0.00047606841423984643
0
0
0
0
0
0
0
0
0
0
0
0
0
0
0
0.0010417973439197608
0.0011999988999943502
0
0
0
0
0
0
0
0
0
0
0
0
0
0.002000931654716367
0.0020381914755450794
0.001993179110529167
0
0
0.0017045710020794497
0
0
0
0
0
0
0
0.0011883564990242041
0
0
0
0
0.006560055195454961
0
0.0008480704392146027
0.006585247419707859
0.006570108919892439
0
0
0
0
0
0
0
0.0015532594457354407
0
0
0
0
0
0
0
0
0
0
0.0013211081880523318
0
