0.000996278183500933
0
0
0
0
0
0
0.00026267202003970604
0.0007393768700729459
0.0007206336804040516
0.00024809623776317683
0
0.0009889069664111674
0.00028675622061245234
0.0009982362774150464
0.0002635443223063385
0
0.0005054763315573005
0.0005389459018981065
0
0.00017606163961064047
0.0005856810631328132
0.00045316079402995683
0
0.00047771126594128627
0.00017625715503497211
0.00017625715503497211
0
0.00012922415478037238
0
0.00047449796146186064
0.00012922415478037238
0.00012922415478037238
0
0.0009077470295052466
0.0004224073668901993
0.0007737699846873486
0
0.0009090467818384443
0.0009082664841716302
0
0.0008313552236175943
0.0007714195290838025
0.0008885630125066052
0.00076261654346663
0.0008799421655384192
0.0008313552236175943
0.0008313552236175943
0
0
0.0005829919857079609
0.0008386767139180575
0.0008348169262800388
0.0009350195470338284
0
0
0
0
0
0
0
0
0.0006310917221033493
0.0005277458623740395
0
0
0
0
0
0
0.0004399710827692096
0
0
0
0
0
0.0004902534922285479
0.00031398529794063773
0
0
0
0.0006524956551243263
0.0005277458623740395
0.0006585874195393875
0.0006585874195393875
0
0
0
0
0
0.0005264330617213678
0
0
0
0.00039433433070557115
0.0011003089643604324
0.00039433433070557115
0.00039433433070557115
0.0002445601973944413
0.0004421157886044356
