1.7147984280919266
0.0006727337889729018
0
0
0
0
0
0
0
0.0006656826196009032
0.0006488075777873352
0
0
0.0013355127944641172
0.0007745250352718729
0.0006740559858851913
0.001423659965207079
0
0
0
0
0
0
0.002447963494777911
0
0
0
0
0
0
0
0
0
0
0
0.0009807254378564065
0.0022818342356512662
0.0010449716198000772
0.0009704575144832636
0.0009821296839014472
0.000981286654129858
0
0
0
0
0
0
0
0
0
0
0
0
0
0
0
0
0
0
0
0
0
0
0
0
0
0.002058581546328843
0
0
0
0
0
0
0
0
0
0
0
0
0
0
0
0
0
0
0
0
0
0
0
0
0
0
0
0
0.001065092191361445
0
0.001065092191361445
0.001065092191361445
0
0
