1.0498221244986776
0.00041185646312227447
0
0.001109748545981689
0.0020111534952081947
0.04999152973803227
0
0
0.0008686984894486368
0
0.00039720852232261736
0
0
0.0004088092385119461
0.00047417440130924913
0.00041266592944130413
0.0008715833329171255
0.0008726700951776206
0
0
0
0
0
0
0
0
0
0
0
0.00021368250040681408
0
0
0.00021368250040681408
0.00021368250040681408
0
0.0009006194948515965
0.0006984844474375767
0.0006397453531375245
0.0005941268389918946
0.0009019090416655306
0.0009011348708143155
0
0.00045823750523731017
0
0.0007346550906218877
0
0
0.00045823750523731017
0.00045823750523731017
0
0
0
0
0.0006902183593022207
0
0
0
0
0.0004083322148964129
0.00041593586549075977
0.00040675014509828657
0
0
0.0010435607599390434
0.0008726700951776206
0
0
0
0
0
0
0
0.0015894354647973924
0
0
0
0
0
0
0
0
0
0
0
0
0
0
0
0
0
0
0
0
0
0
0.0006520634313656383
0.0006064830297508247
0.0006520634313656383
0.0006520634313656383
0
0
