0
0
0
0
0
0
0
0.0005904494644766842
0
0.000539960785334902
0
0
0
0.0006445873331707976
0
0
0
0
0
0
0
0
0
0
0
0
0
0
0.0005809551620761839
0
0
0.0005809551620761839
0.0005809551620761839
0
0.00040809732789252103
0
0.0017393252353932308
0.0008076493240747855
0.00040868165969076343
0.0004083308599828744
0
0
0.0017340417443987188
0
0.0008571269403244119
0
0
0
0
0
0
0
0
0
0
0
0
0
0
0
0
0.0005165097197394664
0
0
0
0
0.0005165097197394664
0.0005165097197394664
0
0.003755569356947752
0.0009889926234512446
0
0.003755569356947752
0.003755569356947752
0
0
0
0
0
0
0
0
0
0
0
0
0
0.0025853557167393945
0
0
0
0
0
0
0.0017728153486212992
0
0.0017728153486212992
0.0017728153486212992
0
0
