0.00033858227436459103
0.00013418007110624106
0.0009123110120035333
0
0
0
0
0.0002380488808041215
0.00044671129262698886
0.00021769358490486633
0.0004496788940238857
0.00012906328957011252
0.0003360771874436692
0.00012993770210107536
0.00033924772694785476
0.0002388394125793116
0.0005978430433328779
0.0006871387080854638
0.0004884245712254344
0.0019570209010325228
0.0003988936112753478
0.0010615574629217004
0.00020534052280641031
0.0004020713800863464
0.0019481855922242495
0.0003993365803050817
0.0003993365803050817
0
0.000351331657787642
0.00035126016172378616
0.0006450270682775355
0.000351331657787642
0.000351331657787642
0.0007192051811294521
0.00016453078207136454
0.00019140523782553616
0.0003506180042069237
0.00016280819040847815
0.0001647663645199203
0.00016462493416410923
0.0011136080223939904
0.00012557052485891786
0.00017477647172040148
0.0004026341111991334
0.0008639101274828254
0
0.00012557052485891786
0.00012557052485891786
0
0.001634557229839664
0.00026417086542863255
0
0
0
0.001634557229839664
0.001634557229839664
0
0.0003356850320324164
0.00034193590228024664
0.00033438443136588243
0.00022904623602848793
0.00010411946161845127
0.000285966274802963
0.00023913721733315117
0
0
0.00010411946161845127
0.00010411946161845127
0
0.0007570580853994232
0
0.00043555196434788925
0.0007570580853994232
0.0007570580853994232
0
0.000440217402374569
0.0011107415924779184
0.0005691040008937306
0.00044190794539444064
0.0004408920650602005
0
0
0
0
0
0.0007301575442938599
0
0.0002605815873657435
0.00022440099255209114
0
0.0004770846972666349
0
0
0.0003736130811062089
0.00017868451705079557
0.0006647765972311515
0.00017868451705079557
0.00017868451705079557
0.00011081743931116365
0.0006010071151499601
