0.00037039318733585744
0
0
0
0
0
0
0.0002604143523704594
0.0007330219212104819
0.00011907330489583814
0.0003689457735518173
0.00042356762427954263
0.0006127545654978586
0.0005685830981747068
0.00037112116136757097
0.0003919187357904112
0.0005232098833577725
0.0007516976389483284
0.0006678920730893468
0
8.727419435377155e-05
0.0002903235653502769
0.0004492658741466098
0.0004398473023615656
0.00023680266729849523
8.737111183778463e-05
8.737111183778463e-05
0
0.00032028368088713637
0.00038426220371147766
0.0007056294727347537
0.00032028368088713637
0.00032028368088713637
0
0.0001799889876120676
0.00041877677290711937
0.0005753395700908595
0.0003562091056476516
0.00018024670380280652
0.00018009198560211742
0
0.000137368286704365
0.00019119729334125162
0.00022023145195220446
0.00037803092473237256
0.0002180947642686765
0.000137368286704365
0.000137368286704365
0
0
0.0005779811659131316
0.00041573414113566735
0.0008276416695324134
0
0
0
0
0.0007344474792058347
0.0007481237991435028
0.0007316018864929101
0
0.0003417054775675355
0.0003128337423853878
0.0005232098833577725
0
0.00037780401541380573
0.0003417054775675355
0.0003417054775675355
0
0.00082818617063079
0.0002180947642686765
0.0004764734971077974
0.00082818617063079
0.00082818617063079
0
0.00048157726830864604
0.0004860397603701933
0.0004669298884862021
0.00048342664337895576
0.00048231531776199264
0
0.0009703311762786234
0.00026160494167888626
0.0009793902847708511
0.0009793902847708511
0
0
0.00028506408047074294
0.0004909684006859597
0
0.00026095418311749603
0
0
0
0.0005864175369683854
0.00018180863364511852
0.0005864175369683854
0.0005864175369683854
0.00012122910047754245
0.0006574737009185938
