0
0
0
0
0
0
0
0.0007331224004682976
0
0
0
0
0.0006900143465466804
0
0
0.0007355570120099109
0.0007364741653914694
0
0.0015042078454430181
0
0.0004913912484558723
0.0016346465331474865
0
0.0012382647392955104
0
0.0004919369355724252
0.0004919369355724252
0
0
0
0
0
0
0
0
0
0
0
0
0
0
0.000773442532488815
0.0010765229902380774
0
0
0
0.000773442532488815
0.000773442532488815
0
0
0
0
0
0
0
0
0
0
0
0
0
0.0006413162656286194
0
0
0
0
0.0006413162656286194
0.0006413162656286194
0
0
0
0
0
0
0
0
0
0
0
0
0
0
0
0
0
0
0
0
0
0
0
0
0
0
0
0
0
0
0
0
