0.0007189413353269165
0
0
0
0.02908859466267159
0
0
0
0
0
0
0
0
0
0.0007203543489576692
0
0
0
0.0015556718707540834
0
0
0
0
0
0.0013789175799460572
0
0
0
0
0.0011187921024104458
0
0
0
0
0
0
0
0
0
0
0
0
0
0
0
0
0
0
0
0
0
0
0
0.002698941772825199
0
0
0
0
0
0
0
0
0
0
0.004036523047903767
0
0
0
0
0.014467748398012976
0.0012699802243578034
0.0013872683298624604
0.014467748398012976
0.014467748398012976
0
0
0
0.0018126423973771613
0
0
0
0
0
0
0
0
0
0
0
0.005437927192131485
0.0015195534525276205
0
0
0
0
0
0
0
0
0
