0.0007855581926189198
0
0
0
0
0
0
0.00016569200107452434
0.00015546489386534368
0.000151523861746926
0.0001564976813587829
0.00017966692086008316
0.0007797460408822534
0
0.0007871021356075577
0.0003324844886651103
0.0008322476446324302
0.0003188515657620425
0.0003399639784355903
0
0.0003331760121440311
0.0007388884992566889
0.0014292561263280705
0.0005597170742098188
0.000602675043787999
0.0003335460021630694
0.0003335460021630694
0
0.0008966523982431058
0.0014669507933960635
0.001496552939451141
0.0008966523982431058
0.0008966523982431058
0
0.00034356096648309296
0.0005329042802356957
0.0004880896606911949
0.00045328530458078707
0.0003440528922655716
0.0003437575678945282
0
0.00017480469951860556
0.00024330350340044066
0.0005605004431030445
0.000481054134050601
0.0005550624623660781
0.00017480469951860556
0.00017480469951860556
0
0
0.0003677479950386826
0
0.0005265977207062792
0
0
0
0
0.00046730171131519874
0.0004760034468270111
0.00046549116613381483
0
0.00014494302084586513
0.00039808903240270906
0.0006657981157059441
0
0
0.00014494302084586513
0.00014494302084586513
0
0
0.00027753123118303904
0.0006063248548026121
0
0
0
0.0009192293035894232
0.0006184981723507727
0.0005941803658711059
0.0009227593700394594
0.0009206380841313227
0
0.0012347715311319383
0.0006657981157059441
0.001246299481111386
0.001246299481111386
0
0
0.0003627514190191353
0.0006247699946913032
0
0.0006641419014877701
0
0
0
0.0007462314905536498
0.0004627123819724152
0.0007462314905536498
0.0007462314905536498
0.00015426716741029483
0.0005577681986032386
