0.00036940311489150454
0
0
0
0
0
0
0.0003895773851296835
0.00036553126547299883
0.0007125301096166819
0
0
0.0007333399843134307
0.0008505948869543316
0.00037012914302611837
0.00039087112488935037
0
0
0
0
0
0.00086864256444506
0
0
0.0021255271780100337
0
0
0
0.0005749695948657307
0
0.0014074866066643424
0.0005749695948657307
0.0005749695948657307
0
0.0002692618072228897
0
0.001147603339254656
0.0005328854215384522
0.00026964734818397625
0.0002694158912327454
0
0.0016440131643098124
0.0005720586511898208
0.0006589282994110882
0.0011310613091392733
0.0006525353706572731
0.0016440131643098124
0.0016440131643098124
0
0
0.0025939629197202344
0
0.0018572160549476236
0.0013867577906604492
0
0
0
0.000732484278380743
0.0007461240410922702
0.0007296462920251415
0
0.0006815841765171516
0.000935992584352331
0
0
0.0011303824007904502
0.0006815841765171516
0.0006815841765171516
0
0
0
0
0
0
0
0
0
0
0
0
0
0
0
0
0
0
0
0
0
0.0027940906227253565
0.0007807699335476327
0
0
0
0
0
0
0
0
0
