0.0004008047263758263
0.0004765164400802151
0
0
0
0
0
0.0004226939377459583
0.0003966037451599306
0
0
0.0009166902176150571
0.0003978392708457871
0.00046145042797289125
0.0004015924715141436
0.00042409765360397727
0.0008492529073416303
0.0008134165983534883
0.00043363805073513633
0
0.0005666396270282758
0
0.0014584600250278105
0.0007139421715806996
0
0.0005672688770305282
0.0005672688770305282
0
0.0006238456630563695
0.0018711561310109546
0.0007635659548071609
0.0006238456630563695
0.0006238456630563695
0
0
0
0
0
0
0
0
0
0
0.0007149413908551302
0
0
0
0
0
0
0.0009381554155481921
0.0013496053468057877
0.0006716970726705991
0
0
0
0
0.00039737504765926927
0.00040477466225514314
0.0003958354310468738
0
0
0
0.0008492529073416303
0
0
0
0
0
0
0
0
0
0
0
0
0
0
0
0
0
0
0
0
0
0
0
0
0
0
0
0
0
0
0.000634565992255889
0.0005902086929705264
0.000634565992255889
0.000634565992255889
0.0003935482463528433
0.0007114563005097362
