0
0
0
0
0
0
0
0.0014189478097574898
0
0.0012976151555746703
0.0013402097913965821
0
0.0006677563972320586
0
0
0.0007118299826035395
0
0
0
0
0
0
0
0
0
0
0
0
0.0003490328573360323
0
0
0.0003490328573360323
0.0003490328573360323
0
0.0004903627189282033
0
0.0010449716198000772
0
0.0004910648419507236
0.000490643327064929
0
0
0
0
0
0
0
0
0
0
0
0
0
0
0
0
0
0
0
0
0
0.0006206291813579177
0
0
0
0
0.0006206291813579177
0.0006206291813579177
0
0.00902525488469435
0
0
0.00902525488469435
0.00902525488469435
0
0
0
0
0
0
0
0
0
0
0
0
0
0
0
0
0
0
0
0
0
0
0
0
0
0
