0
0
0
0
0
0
0
0
0
0
0.0017750618201990333
0
0
0
0
0
0
0
0
0
0
0
0
0
0.0011392985196612307
0
0
0
0.0006163760360796969
0
0
0.0006163760360796969
0.0006163760360796969
0
0
0
0
0
0
0
0
0.0006609025458881604
0
0
0
0
0.0006609025458881604
0.0006609025458881604
0
0
0
0
0
0.004459875501118632
0
0
0
0.001766776817537661
0.0017996763858515558
0.0017599314986010564
0
0.007124017562137924
0
0.001258626544164402
0
0
0.007124017562137924
0.007124017562137924
0
0
0
0.0011461981321951367
0
0
0
0.0011584756944374717
0.004676842417389268
0
0.0011629245258293207
0.0011602511361147704
0
0
0
0
0
0
0
0
0
0
0
0
0
0
0
0.000874712728266768
0
0
0
0
