0
0
0
0
0
0
0
0
0.0009347614940418758
0.0004555326539258177
0.00047048566015081523
0
0
0.0010875996425708547
0
0
0.0015012129729749827
0.0004792885367539555
0.0005110241104948795
0
0.0020032825363160336
0.0011106760187508636
0
0
0
0.002005507169893286
0.002005507169893286
0
0.0004901171603199414
0
0
0.0004901171603199414
0.0004901171603199414
0
0.001377149332943593
0
0.0007336823914234834
0.0006813654806598394
0.0013791211962496405
0.0013779374012314006
0
0.0010510456606948372
0
0
0.0014462135787698931
0
0.0010510456606948372
0.0010510456606948372
0
0
0
0
0.0007915666037645866
0
0
0
0
0.0009365793888183089
0.0009540196547749098
0.0009329506426392376
0
0
0
0
0
0
0
0
0
0
0
0
0
0
0
0
0
0.0005954365995677231
0
0
0
0
0
0
0
0
0
0
0
0
0
0
0
0
0
0.0006955359932558845
0
0
0.0004637799708497443
0
