1.8325814637483102
0
0
0
0
0
0
0
0
0
0
0.001432263746579375
0
0.0007136220653225507
0
0
0
0
0
0.0015556718707540834
0
0
0
0
0
0
0
0
0
0.0018650330386203037
0
0
0.0018650330386203037
0.0018650330386203037
0
0.0005240438844004319
0.0012192824110101865
0
0
0.0005247942336048998
0.0005243437664515909
0
0
0.0011133544737231531
0
0
0
0
0
0
0
0
0
0
0
0
0
0
0
0
0
0
0
0
0.0015233428626336744
0
0
0
0
0
0
0
0
0
0
0
0
0.0014151208214272667
0
0
0
0
0
0
0
0
0
0
0
0
0
0
0
0
0
0.00113824935636541
0
0.00113824935636541
0.00113824935636541
0
0
