1.4696759700589417
0
0
0
0
0
0
0
0
0
0.0005560635528032319
0.0005743165181941938
0
0.0005723037266584664
0
0
0
0.0006108378927925776
0
0
0
0.0008151281031940886
0
0
0
0
0.0008160332982004119
0.0008160332982004119
0
0.0014957011704243251
0
0
0.0014957011704243251
0.0014957011704243251
0
0
0
0
0
0
0
0
0.0006414997686857013
0
0.0010284646396493643
0
0
0.0006414997686857013
0.0006414997686857013
0
0
0
0
0
0
0
0
0
0.0005716359276775346
0.0005822804952689943
0.0005694211429906787
0
0
0
0
0
0
0
0
0
0
0
0
0
0
0
0.0011244651645439493
0
0.0007268427151626814
0.0011287833871420443
0.0011261884828037867
0
0
0
0
0
0
0
0
0
0
0
0
0
0
0
0.0008490329116458358
0
0
0.0016983928775719667
0
