0
0
0
0
0
0
0
0
0.0010458646335144482
0
0
0.0006043399048751051
0
0
0
0
0
0.0005362554331077267
0.0005717630084747918
0
0.001120693550720973
0
0
0.0009413512564406774
0
0.0011219380743752994
0.0011219380743752994
0
0.0005483711166157579
0
0.0010067815007224286
0.0005483711166157579
0.0005483711166157579
0
0.0011556250911924017
0
0
0.000762350677966389
0.001157279766294338
0.0011562863931043857
0
0.0005879850056598033
0
0
0
0
0.0005879850056598033
0.0005879850056598033
0
0
0
0
0
0
0
0
0
0.0010478985981848383
0.0010674117654252055
0.0010438385493735836
0
0
0
0
0
0
0
0
0
0
0
0
0
0
0
0
0
0
0
0
0
0
0
0
0
0
0
0.0012201754057668563
0
0
0
0
0
0
0.0008366917068115587
0
0.0008366917068115587
0.0008366917068115587
0
0
