1.6094379124341003
0.0006313997302605336
0.0007506706681129199
0
0
0
0
0
0
0
0
0.0012578647224963662
0.0007220448238825035
0
0
0.0006326406888498823
0
0.0006689268131480051
0
0.000683123052815832
0
0.0004463222164265392
0
0.0011487779532006427
0.001124694557955346
0
0.0004468178546457802
0.0004468178546457802
0
0
0
0
0
0
0
0
0
0
0.0009108307370877761
0
0
0
0.0007025045449297688
0.0009777873101057717
0
0
0
0.0007025045449297688
0.0007025045449297688
0
0
0
0
0.0010581445841118347
0
0
0
0
0
0
0
0
0
0
0.0013378536262960102
0
0
0
0
0
0
0
0
0
0
0
0
0
0
0
0
0
0
0
0
0
0
0
0
0
0
0
0
0
0
0
0.0018595469814374351
0
0
0
0
