0.00116457805065777
0.0005192122407520969
0
0.0007108499643502528
0
0
0
0.0010746569175572294
0.0007202323008362421
0.00042118465538119404
0.0008700203549609189
0.0006658836812756069
0.0010114664212366915
0.0006703950883303197
0.001166866922612679
0.0009241934779348243
0.0004626729194399401
0.0004431493010240827
0.0003149946361552054
0
0.0005145087096378702
0
0.0013242815181685652
0.0012965188029029767
0
0.0005150800685602886
0.0005150800685602886
0
0.0007552690441498717
0.0004530692080474139
0.0002773271161366457
0.0007552690441498717
0.0007552690441498717
0
0.0014855280353078773
0.001975056188374355
0.0018089637118383034
0.0008399856964138811
0.0014876550800319722
0.0014863781228817302
0
0.0003239316293241658
0.0006763007558763644
0.0005193333539409824
0.0008914442796176142
0.0005142947767024698
0.0003239316293241658
0.0003239316293241658
0
0.0021083163715388178
0.001022213998321851
0
0.002195643085152852
0.002732427698017908
0.0021083163715388178
0.0021083163715388178
0
0.0005773063887838692
0.0005880565473705737
0.0005750696340811034
0
0.00040289216220502927
0.0014754023116931687
0.0003084486129599601
0.0032692835364831014
0.0008909091990176037
0.00040289216220502927
0.00040289216220502927
0
0.0009764833720811367
0.0010285895534049396
0.0005617920990020166
0.0009764833720811367
0.0009764833720811367
0
0.0002839048824719449
0
0.0014681055643554182
0.0002849951469975668
0.00028433998574010113
0
0
0.0018506916777597604
0
0
0
0
0
0.0002894412491348143
0
0.0003076813278530945
0
0
0
0
0.00021436376741238125
0
0
0.0007146835157758705
0.0012920044616672422
