0.0006313997302605336
0
0
0
0
0
0
0
0
0
0
0.001444089647765007
0
0
0.0006326406888498823
0
0
0
0.000683123052815832
0
0.0013389666492796175
0
0
0
0
0.0013404535639373405
0.0013404535639373405
0
0.0003275876068459394
0
0
0.0003275876068459394
0.0003275876068459394
0
0.0004602338897438091
0
0
0.0009108307370877761
0.0004608928729765465
0.0004604972567765666
0
0
0
0
0
0
0
0
0
0
0
0
0
0
0
0
0
0.0012519937086224039
0.001275307379107845
0.0012471428999876793
0
0
0
0
0
0
0
0
0
0
0
0
0
0
0
0
0
0
0
0
0
0
0
0
0
0
0
0
0
0
0
0
0
0
0.001999301754576522
0
0.001999301754576522
0.001999301754576522
0
0
