0
0
0
0
0
0
0
0
0
0
0
0
0
0
0
0
0
0.0007295308374794229
0.0038891796768852085
0
0
0
0
0
0
0
0
0
0.0007460132154481214
0.006712752614462675
0
0.0007460132154481214
0.0007460132154481214
0
0
0
0
0
0
0
0.0023646212435462065
0
0
0
0
0
0
0
0.004674952713643648
0
0.0033656225229537376
0
0.0012048530333650955
0
0
0
0
0
0
0
0.0014590616749588458
0
0.003643303108843559
0
0
0
0
0
0
0
0
0
0
0
0
0
0
0
0
0
0
0.0018834341867916859
0
0.0019010181159214835
0.0019010181159214835
0
0
0.0016599469780328897
0
0
0
0
0
0
0
0
0
0
0
0
