0
0.00031405995954466676
0.0007117807116953125
0
0
0
0
0.00027858690660478505
0
0.000509530498118627
0.0007893840014815539
0.00030208369370290065
0
0.000912390993582338
0
0
0.0002798605790788718
0.0002680511756623271
0
0
0.000373457877572804
0.0006211665620514442
0
0.001411623801391542
0.0010133100876806103
0.0005608089005528309
0.0005608089005528309
0
0.0015075900846532506
0.0008221545216895794
0
0.0015075900846532506
0.0015075900846532506
0
0.0019254920024700188
0
0
0.0003810665270309935
0.0019282490070554566
0.0019265938576931774
0
0.0008817257353955899
0.0004090793154700884
0.00047119982733643493
0.00040441114310136065
0.0009332564840800631
0.0008817257353955899
0.0008817257353955899
0
0
0.0012366291152686236
0
0
0
0
0
0
0.00026189986513565366
0.00026677676436757746
0.0002608851426825903
0
0.00024370052597313266
0
0
0
0
0.00024370052597313266
0.00024370052597313266
0
0.0035439187013882397
0.00046662824204003154
0.0010194467119814768
0.0035439187013882397
0.0035439187013882397
0
0
0.0005199571839874638
0
0
0
0
0.0013840586911896516
0
0.0013969804009621692
0.0013969804009621692
0
0
0
0
0
0.0005583288169682965
0
0
0
0.00041822643059861216
0
0.00041822643059861216
0.00041822643059861216
0.00025937771697371557
0
