0.5621189181535412
0.0008821010877262318
0
0
0
0
0
0
0.0002325688531872326
0
0.00021268214837440077
0.0008786540338468796
0
0.0008755746388684442
0
0.0008838347769709768
0
0.0009345285422336512
0.000447546909357915
0.00047718074546141017
0
0.001091190356925898
0
0.0004012269223080237
0.0007856309128630904
0
0.0010924021174555216
0.0010924021174555216
0
0.0009153167810356869
0.0013726957708267184
0.00042011877290997103
0.0009153167810356869
0.0009153167810356869
0
0.0012859454804770747
0
0.0003425465680399398
0
0.0012877867540745504
0.0012866813577191215
0
0.0004907192650838422
0.0006830120512193696
0.0007867304662750751
0.0006752179197039534
0.0011686463994876118
0.0004907192650838422
0.0004907192650838422
0
0
0
0
0
0.001655725826667279
0
0
0
0.0002186382412110234
0.00022270955552834438
0.00021779113450350298
0
0.00040689027734603056
0.0011175326404642965
0.0004672642711168256
0.0012381473968139675
0.0006748126268349833
0.00040689027734603056
0.00040689027734603056
0
0.005917041243721486
0.0007790975996584078
0
0.005917041243721486
0.005917041243721486
0
0
0.0013022059880004814
0.0002780014432015535
0
0
0
0.0011554345696886768
0.0004672642711168256
0.0011662218218953138
0.0011662218218953138
0
0
0.0005091656867332801
0
0
0.0004661019221836992
0
0
0
0.0003491421851885349
0
0.0003491421851885349
0.0003491421851885349
0.00021653271115313607
0
