1.5606477482646683
0
0
0
0
0
0.07093853401203039
0.06002491339479494
0.001937088640791893
0.0006058415171834893
0
0
0
0.0006077288739348397
0
0
0.0025913619730422058
0
0
0
0
0
0
0
0
0
0
0
0
0
0
0.0011664033993009479
0
0
0
0
0
0
0
0
0
0
0.0006812080961434606
0
0.001092125786049453
0.0009373259749337347
0
0.0006812080961434606
0.0006812080961434606
0
0
0
0
0
0.004596900583990186
0
0
0
0
0
0
0
0.0005648381282173971
0.004654019130013921
0.0038918896465453077
0
0
0.0005648381282173971
0.0005648381282173971
0
0
0
0
0
0
0
0.0011940686673792412
0
0
0.0011986541845350755
0.0011958986576740755
0
0
0
0
0
0
0
0
0
0
0
0
0
0
0
0
0
0
0
0
