0.0008698804429357483
0.0005171001047209007
0
0
0
0
0
0
0.0021519072680931894
0
0
0
0.0030220554406741734
0
0.0008715901136176189
0.0023010847333366775
0.00092158156651838
0
0
0
0
0
0.0015826732684105797
0
0.0016684162897240198
0
0
0
0.0011282949567693987
0.0033841960455482634
0.0016571937586272215
0.0011282949567693987
0.0011282949567693987
0
0
0
0
0
0
0
0.0014305324187375628
0.00048392083130581015
0
0
0.0006658634381511178
0.0007683039670974436
0.00048392083130581015
0.00048392083130581015
0.002828220980922477
0
0
0
0
0
0
0
0
0.0008624368918876788
0.0008784965329014352
0.0008590954083855957
0.0017653863447796357
0
0
0
0
0
0
0
0
0
0
0
0
0
0
0.0025447497119853355
0
0.0016449000363822125
0.0025545221763170764
0.0025486497115439336
0
0
0
0
0
0.0028138645292426676
0
0
0
0
0
0
0
0.0014398215902878067
0
0
0
0
0.005978920163059537
0.0007720491814217348
