0
0
0.004010824492359157
0
0
0
0
0
0
0
0
0
0
0
0
0
0
0
0
0
0.0015783028160448265
0
0
0
0
0.0015800555121203898
0.0015800555121203898
0
0.00038614288314387977
0
0
0.00038614288314387977
0.00038614288314387977
0
0.0005424992807794915
0
0
0
0.0005432760552365066
0.0005428097238586213
0
0
0
0
0
0
0
0
0
0
0
0
0
0
0
0
0
0
0
0
0
0
0
0
0
0
0
0
0
0
0
0
0
0
0
0.0029030145139799252
0
0
0.0029141628032041188
0.0029074635783691667
0
0
0
0
0
0.004815025342349952
0
0
0
0
0
0
0
0.002463792188163482
0
0
0
0
0
0
