0.843970070294529
0.00033109849756552724
0
0
0
0
0
0
0.0006983616634625809
0
0
0
0.00037863170493249393
0.00032864878126733995
0.0003811969603859661
0.0003317492414679752
0.0007006808387667323
0.0007015545056479875
0.00033597534645482844
0.00035822159180582726
0
0.000936184215523604
0
0.0006024054748711841
0.0005897764292764004
0.0006350414373924221
0.0009372238426369006
0.0009372238426369006
0
0.001202481272554794
0.0015457327294771592
0.0018923095746514102
0.001202481272554794
0.001202481272554794
0
0.0004826823393162877
0
0
0.00047762878907443634
0.000483373465231689
0.0004829585523859966
0
0.001105155046217192
0
0
0.0005068889311078252
0
0.001105155046217192
0.001105155046217192
0
0
0.0007749954731813857
0.0011148878075224954
0.001109756831419499
0.0012429603391672002
0
0
0
0.0003282652937746126
0.00033437799932429835
0.00032699344064104186
0
0.0015272712093639684
0
0
0
0
0.0015272712093639684
0.0015272712093639684
0
0
0.0005848718435859521
0
0
0
0
0
0.0013034286799915506
0
0
0
0
0
0
0
0
0
0
0.0007644656433827255
0
0
0
0
0
0
0
0
0
0
0.0006502080664826879
0
