0.0009139216824232989
0.00036218693540065127
0
0.0014876030450172342
0
0
0
0.0003212779435246157
0.0006028950229029474
0.0005876116454778633
0
0
0.0003023866002721948
0.0003507356772804861
0.0009157179121450428
0.00032234486903237705
0.000968240385908973
0.00030912770282603356
0.0006591925207971106
0
0.0008613741425390974
0
0
0
0
0.0008623306935024946
0.0008623306935024946
0
0.0001580559311009559
0.0004740713000604373
0.0005803653135269031
0.0001580559311009559
0.0001580559311009559
0
0.00044411140377408997
0
0
0.0004394616805314071
0.00044474730211855457
0.00044436554477768033
0
0.0020336851754665986
0
0
0.001865534629427018
0
0.0020336851754665986
0.0020336851754665986
0
0
0
0
0
0
0
0
0
0
0
0
0.0006182554056520671
0.0002810455264201941
0
0.001290987181211964
0.0017104158359008731
0
0.0002810455264201941
0.0002810455264201941
0
0
0
0.0011756681143058232
0
0
0
0.0005941306729143047
0.0011992722617745117
0.0003840399552418379
0.0005964122807211953
0.0005950412180068937
0
0
0
0
0
0
0
0
0.0006057166844765962
0
0
0
0
0
0.00048231601832235795
0
0.00048231601832235795
0.00048231601832235795
0.00029912511151733293
0
