1.0216512475319812
0.0008016094527516526
0
0
0
0
0
0
0.0004226939377459583
0.0003966037451599306
0.0003865498477230349
0
0.00045834510880752856
0
0.00046145042797289125
0.0008031849430282872
0
0.0012738793610124453
0
0.00043363805073513633
0
0.0022665585081131034
0
0
0
0
0.0022690755081221127
0.0022690755081221127
0
0.0004158971087042464
0
0
0.0004158971087042464
0.0004158971087042464
0
0.00029215077138461
0
0
0.0005781840676468484
0.0002925690857766269
0.0002923179535141577
0
0.00044594118181230083
0
0.0007149413908551302
0
0.0007080050225446856
0.00044594118181230083
0.00044594118181230083
0
0
0
0
0
0
0
0
0
0
0
0
0
0
0
0
0
0
0
0
0
0.0026885559145578453
0.0007080050225446856
0
0.0026885559145578453
0.0026885559145578453
0
0.0007816765474613476
0
0
0.0007846783775207229
0.0007828745191815949
0
0
0.0008492529073416303
0
0
0
0
0
0
0
0
0
0
0
0.000634565992255889
0.0005902086929705264
0.000634565992255889
0.000634565992255889
0
0
