1.3862943611198906
0
0
0
0
0
0
0
0
0.0005381577488819451
0
0.0005417328492066787
0
0.000539834252772543
0.0006261492145979632
0
0.0005754646579991244
0
0
0
0
0.00038444103192453985
0
0
0.0009687591622081694
0
0.00038486795144916457
0.00038486795144916457
0
0
0.000846333553797247
0
0
0
0
0
0.0009223515376712512
0
0.00078454689367283
0
0
0
0
0
0
0
0
0
0
0
0
0
0
0.0009114361348585737
0
0
0
0
0.0005392043411590395
0.0005492449925197665
0.0005371152115923636
0
0.0025086760063696895
0.0027560524077930226
0.0011523643899583463
0
0
0.0025086760063696895
0.0025086760063696895
0
0
0.0009607029529590371
0
0
0
0
0.002121337966518578
0
0
0.0021294844256833957
0.002124589059187572
0
0
0
0
0
0
0
0
0
0
0
0
0
0
0
0
0
0
0
0
