0.0008157871877912264
0
0.0014654274430442819
0
0
0
0
0.0002867799671327866
0.00026907887444097255
0.00026225773006430014
0.0005417328492066787
0.00031096777952442585
0.0002699171263862715
0.0003130746072989816
0.000817390543113143
0.0002877323289995622
0.0011523643899583463
0.0011037375486623333
0.0005884101702546225
0
0
0
0
0
0
0
0
0
0.00028216860596781815
0.001692667107594494
0
0.00028216860596781815
0.00028216860596781815
0
0.00039642389508718636
0
0.00042239316304688927
0
0.0003969915123481932
0.0003966507471015424
0.0017887669175740523
0
0
0
0
0
0
0
0.001768232603469248
0.003938336253181508
0.0006364987883929709
0.0009156501724702052
0.00045571806742928685
0.0010208353174667823
0.003938336253181508
0.003938336253181508
0
0.0008088065117385592
0.0008238674887796497
0.0008056728173885455
0.0016556063229934998
0.0037630140095545345
0
0.0005761821949791732
0.0015267559043170603
0
0.0037630140095545345
0.0037630140095545345
0
0.0018240715277893296
0.0024017573823975928
0.000524713989825848
0.0018240715277893296
0.0018240715277893296
0
0
0
0.00034280275992084334
0
0
0
0
0
0
0
0.0017592568034516377
0
0
0.0010813528557877463
0
0
0
0
0.0009001911435843446
0
0
0
0
0.0008010175430199676
0
