0.0007189413353269165
0
0
0
0
0
0
0
0.0007114058477283812
0
0
0
0.0007136220653225507
0
0.0007203543489576692
0
0
0.0007295308374794229
0
0
0
0
0
0.0012806299537025227
0
0
0
0
0.0003730066077240607
0
0
0.0003730066077240607
0.0003730066077240607
0
0
0
0
0
0
0
0
0.0007999046109770013
0.0011133544737231531
0.0012824222979344367
0.0011006495277767628
0.0012699802243578034
0.0007999046109770013
0.0007999046109770013
0
0
0
0
0
0
0
0
0
0
0
0
0
0
0
0
0
0
0
0
0
0
0
0
0
0
0
0
0
0
0
0
0
0
0
0
0
0
0
0
0
0
0
0
0
0
0
0
0
0
0
0
