1.3862943611198906
0
0
0
0
0
0
0
0
0
0.0005245154601286003
0.0005417328492066787
0
0
0
0
0
0
0
0
0
0.00038444103192453985
0
0
0
0
0.00038486795144916457
0.00038486795144916457
0
0.00028216860596781815
0.000846333553797247
0
0.00028216860596781815
0.00028216860596781815
0
0.001189271685261559
0
0
0
0.0011909745370445794
0.001189952241304627
0
0
0
0.0009701150182784398
0
0.0009607029529590371
0
0
0
0
0.0025459951535718836
0
0
0.0020416706349335647
0
0
0
0.0005392043411590395
0.0005492449925197665
0.0005371152115923636
0
0.002006940805095752
0
0
0
0
0.002006940805095752
0.002006940805095752
0
0
0.0009607029529590371
0.001049427979651696
0
0
0
0
0
0
0
0
0
0
0
0
0
0
0
0
0
0
0
0
0
0
0
0
0
0
0.0021360467813865804
0
