0.0017489174564217017
0
0
0
0
0
0
0.00036888627194198734
0.003461172823306613
0.00033734321577138994
0.00034841661558569114
0.0007999983125022732
0.0003471955293161151
0
0.0017523547941898261
0.00037011129899700435
0.0003705727844072251
0.00035493555703972274
0.00037843723229362625
0
0
0.0008225074901141914
0.0006364012271832858
0.0006230594823786048
0.0006708789460374594
0
0
0
0
0
0.0006663663073869832
0
0
0
0
0.0005932123215460968
0.0005433260934087651
0.0005045829763915018
0
0
0.002300898372345248
0
0.0016250269488768837
0.0012478630080948684
0.0010709887318724126
0.001235756229083553
0
0
0.004548969996345834
0
0
0
0.000586192057385788
0
0
0
0
0
0
0
0.002839484456317782
0
0
0.0022234367064433505
0
0.0010703458814931375
0
0
0
0
0.001235756229083553
0.001349883602246455
0
0
0
0
0.0006884927562036938
0
0
0
0
0
0.0007411455688144502
0
0
0.002262939389045136
0
0
0.0006954743520154317
0
0.0007393019231208819
0
0
0.00231583927086697
0
0.0010301538062204316
0
0
0.00034345073932349134
0.0012417801104230967
