0
0
0
0
0
0
0
0.0005904494644766842
0
0.001079921570669804
0.0005576851721923196
0.0006402495987618419
0
0.001289174666341595
0
0
0.0005931489424938262
0
0
0
0
0
0
0.0009972860626416113
0.0010738272051468367
0
0
0
0.00029047758103809197
0
0.0010666041521974184
0.00029047758103809197
0.00029047758103809197
0
0.0008161946557850421
0
0
0.0008076493240747855
0.0008173633193815269
0.0008166617199657488
0
0.0006229228963946511
0
0
0
0
0.0006229228963946511
0.0006229228963946511
0
0
0
0
0
0
0
0
0
0.0005550822075613169
0.0005654185244216109
0.0005529315597210949
0
0
0
0
0
0
0
0
0
0
0
0
0
0
0
0
0.0011020203518456724
0
0
0
0
0
0
0
0
0
0
0
0
0
0
0
0
0
0
0.0016488923808667196
0
0
0
0
