1.4696759700589417
0
0
0
0
0
0
0
0
0
0
0
0
0.0011446074533169328
0
0
0
0.0006108378927925776
0
0
0
0
0
0
0
0
0
0
0
0
0.0008972380769590608
0
0
0
0
0.0004202676494306382
0.0009778283233925094
0
0
0.0004208694072333739
0.0004205081459396114
0
0
0.0017857545201202206
0.0020569292792987286
0
0.0010184864657373123
0
0
0
0
0
0
0
0
0
0
0
0
0
0
0
0.0026595656352858153
0
0
0
0
0.0026595656352858153
0.0026595656352858153
0
0
0
0
0
0
0
0.003373395493631848
0.004539539675857735
0
0.003386350161426133
0.00337856544841136
0
0
0
0
0
0
0.008164866500327455
0
0.003439179337111408
0
0.00121863679109365
0.008164866500327455
0.008164866500327455
0
0
0
0
0
0.002264523836762622
0
