0.00417094588136181
0.0016529448152349585
0
0
0
0
0
0.0007331224004682976
0.004815100113945313
0
0
0
0
0.0008003418436910006
0.004179143495122347
0
0
0
0
0
0
0
0
0
0
0
0
0
0
0
0
0
0
0
0
0
0
0.0010028052302953456
0
0
0
0.000773442532488815
0.00430609196095231
0
0
0
0.000773442532488815
0.000773442532488815
0
0
0
0
0
0
0
0
0
0
0
0
0
0
0
0
0
0
0
0
0
0.004663044320873356
0.0036839019582783276
0
0.004663044320873356
0.004663044320873356
0
0
0
0
0
0
0.007476611147391878
0
0
0
0
0
0
0
0
0
0
0
0
0
0
0
0
0
0.0006825719730091971
0
