0.0007003328405310624
0
0.004717622649349044
0.0034198245412139427
0
0
0
0.0007385802277673472
0.00017324809884643614
0.0003377125256363372
0.0006975960963320352
0.000800874118669214
0.0003475756251000152
0.000403150047541481
0.0005262819606467211
0.00037051648204933127
0.0007419569453506559
0.0005329861894447685
0.0003788515302448383
0
0.00024752473800799754
0.00041170396921440917
0.0006370979338021693
0.0006237415829887065
0.0006716133974844537
0.00012389980639323142
0.00012389980639323142
0.0061135219538139655
0
0.0016347512916791923
0.0006670958185776076
0
0
0
0.00038285996793973654
0.0008907926200168054
0.0005439209050925284
0.0005051353736597844
0.0002556054425134133
0.0003830790580501455
0.0011517086519443084
0
0
0.0006246145593119938
0.00026804030187893064
0.00030927727139876615
0
0
0
0
0.002049068423454635
0.0011790940624264716
0.0005868337970130435
0.001314542275783268
0
0
0
0.00017358502630432498
0.000176817394068312
0.00017291247680295216
0.0031979171366686115
0
0
0.0007419569453506559
0.0009830112392696466
0.0005357588266847773
0
0
0
0
0
0.0020270421012645854
0
0
0
0.0003414591450867785
0.0006892464905458216
0.0011035783942344695
0
0.0003419824541213943
0
0.0004586712257229389
0.0007419569453506559
0.0004629534259630908
0.0004629534259630908
0
0
0
0.0006962357295295157
0
0.0007401112813074951
0
0
0.0005795936397771682
0.0002771969581542979
0.0010312815774198025
0.0002771969581542979
0.0002771969581542979
0.000171913367730516
0.0003107848904097629
