0.0013454675779458036
0
0
0
0
0
0
0
0
0
0.0006701048956982911
0
0
0
0.0013481119717703826
0
0
0
0
0
0.00047554032947640784
0
0
0
0
0.00047606841423984643
0.00047606841423984643
0
0.0006980657146720646
0
0
0.0006980657146720646
0.0006980657146720646
0
0
0
0
0
0
0
0
0
0
0
0
0
0
0
0
0
0
0
0
0
0
0
0
0
0
0
0
0.004344404269505424
0.00511371300623835
0.002850870204641607
0.007554178097321263
0.004117163092657686
0.004344404269505424
0.004344404269505424
0
0
0
0
0
0
0
0
0.0013241686703412562
0
0
0
0
0
0
0
0
0
0
0
0
0
0
0
0
0
0
0
0
0
0.0013211081880523318
0
