0.0004008047263758263
0
0
0
0
0
0
0
0.0003966037451599306
0.0007730996954460698
0
0
0.0003978392708457871
0.0009229008559457825
0.0004015924715141436
0.00042409765360397727
0.00042462645367081516
0.0008134165983534883
0
0
0.0011332792540565517
0
0.0007292300125139053
0.0007139421715806996
0.0007687368303476157
0.0011345377540610563
0.0011345377540610563
0
0.0004158971087042464
0
0.0007635659548071609
0.0004158971087042464
0.0004158971087042464
0
0.00029215077138461
0.0006797413489900074
0.0006225784567531878
0.0011563681352936969
0.0002925690857766269
0.0002923179535141577
0
0.00044594118181230083
0
0
0.0006136043528720608
0
0.00044594118181230083
0.00044594118181230083
0
0
0
0
0
0
0
0
0
0
0
0
0
0.0018488079036047434
0
0
0
0
0.0018488079036047434
0.0018488079036047434
0
0
0
0
0
0
0
0
0
0.0005052676792937593
0
0
0
0
0.0008492529073416303
0
0
0
0
0.0009254087387065048
0
0
0
0
0
0
0
0
0
0
0
0.0007114563005097362
