0.0004549380111831637
0
0
0
0
0
0
0.0007196754181873507
0.0006752544587573084
0.00043875784733480303
0.00045316021512539447
0.0005202498835827206
0.0006773580552020352
0.0002618873058956378
0.0006837482255341299
0.0004813769159426668
0.0007229657048041673
0.0004616389293415145
0.0004922058533556385
0
0.00016079270528367783
0.0016046637322498399
0.0012415813602846728
0.0008103682672997095
0.0013088453617447903
0.0003219425292909174
0.0003219425292909174
0
0
0
0.000866694312784667
0
0
0
0.0001658045453968951
0.0011573223458142556
0.0010599972490913019
0.000984411706711277
0.00033208390335220055
0.00033179885279138326
0
0
0
0.0008115024426213326
0.0010447180094647606
0.001205443857074724
0
0
0
0
0
0.0007659425300567267
0.001143626223378584
0.0008539300371913728
0
0
0
0.00022552255746905567
0.00022972206626503257
0.0004492975554071617
0
0
0
0.0014459314096083346
0.0012771332494558199
0.0006960606185509509
0
0
0
0
0
0.0013167717530346908
0
0
0
0.00044362547456231225
0.0008954725795412234
0.0005735098865014265
0.0008906582108340125
0.0008886107206941643
0
0.0011918160231304052
0.0009639542730722231
0.0006014714681047118
0.0006014714681047118
0
0
0
0.0013568295520739676
0
0.0009615563768705508
0
0
0
0.0003601357113372312
0.0006699231603153578
0.0003601357113372312
0.0003601357113372312
0
0.0012113199761551716
