0
0
0
0
0
0
0
0.00034918083173129044
0.0003276281328783109
0.0003193227659078808
0.000989413915937314
0.00037863170493249393
0
0
0
0.0003503404193833661
0.00035077725282399376
0.0010079260393644851
0
0
0.000234046053880901
0
0
0
0.0012700828747848442
0.00023430596065922516
0.00023430596065922516
0
0
0
0.0006307698582171368
0
0
0
0.00024134116965814385
0
0.001028604595118256
0
0.0002416867326158445
0.0002414792761929983
0
0.001105155046217192
0.0005127400184049386
0
0.0005068889311078252
0
0.001105155046217192
0.001105155046217192
0
0
0.0015499909463627714
0.0011148878075224954
0
0.0012429603391672002
0
0
0
0.0003282652937746126
0.00033437799932429835
0.00032699344064104186
0
0.0006109084837455874
0
0.0007015545056479875
0
0
0.0006109084837455874
0.0006109084837455874
0
0.002220973869196129
0
0
0.002220973869196129
0.002220973869196129
0
0.0006457307347318507
0
0
0.0006482104994581636
0.0006467203603789494
0
0
0.0007015545056479875
0
0
0
0
0
0
0
0
0
0
0
0.0015726150378158924
0
0.0015726150378158924
0.0015726150378158924
0
0.0005877228901772486
