1.6094379124341003
0.0006313997302605336
0
0
0
0
0
0
0.0006658824627364916
0.0006247817983051631
0
0
0
0.0012534563180950937
0.0014538734529666668
0.0006326406888498823
0.0006680937785114572
0
0
0
0
0
0
0
0
0
0
0
0
0
0
0
0
0
0
0
0
0
0.0009108307370877761
0
0
0
0
0
0
0.0009666293768372975
0
0
0
0
0
0
0
0.0010581445841118347
0
0
0
0
0.0025039874172448078
0.00255061475821569
0.0024942857999753587
0
0.000582496530015961
0
0
0
0
0.000582496530015961
0.000582496530015961
0
0
0
0
0
0
0
0
0
0
0
0
0
0.0016540985739302162
0
0.001669541402939938
0.001669541402939938
0
0
0
0
0
0
0
0
0
0
0
0
0
0
0.0011207784905529947
