0.0004856313675957698
0
0
0
0
0
0
0
0.0004805412872677085
0
0
0.0005553496437871768
0
0
0.00048658583176164203
0
0.0005144947448053272
0.0004927843773891788
0.0010508271273358381
0
0
0
0
0
0
0
0
0
0.00025195895705304645
0.0007557230500620373
0.0009251676801207902
0.00025195895705304645
0.00025195895705304645
0
0.00035398180040080565
0
0.0007543414722739898
0
0.0003544886471940485
0.0003541843650934527
0
0
0
0
0
0
0
0
0
0
0
0
0
0
0
0
0
0.0014444274865829838
0.0014713245118878177
0.0014388310995756884
0
0
0.0012304914075562793
0
0.002726595497800919
0
0
0
0
0
0
0.0009370736987143204
0
0
0
0.0009471112134671899
0
0
0.0009507483533038535
0.0009485627249054538
0
0
0.0010289894896106544
0
0
0
0
0
0.0009655806209060978
0
0
0
0
0
0
0.0007151209451193628
0
0
0.0009536782403710457
0
