0.9942522733438669
0
0
0
0
0
0
0
0.0008227159895274033
0.0003859674974160974
0
0.00038853156441729855
0
0.0007743397767475599
0.001347225302633966
0
0.0008254481306300264
0.0008264773677006375
0.0007916021284584928
0
0
0
0
0.0007096732857557937
0
0
0
0
0
0.0006071151679282721
0
0
0.0006071151679282721
0.0006071151679282721
0
0.00028431577733596425
0
0
0.0016880344199386534
0.0002847228732370753
0.00028447847592099197
0
0
0
0
0
0.0006890175144448142
0
0
0
0
0
0
0
0
0
0
0
0.0007734362297501882
0.0007878385684182781
0.0007704395763997419
0
0.0003598451948403427
0.0009883223393080188
0.0008264773677006375
0
0
0.0003598451948403427
0.0003598451948403427
0
0.0026164533509049127
0
0
0.0026164533509049127
0.0026164533509049127
0
0
0
0.0004917172469554238
0
0
0
0
0.0008264773677006375
0
0
0
0
0.0009005908273042272
0
0
0
0
0
0
0.0006175479958657558
0.0005743802850051224
0.0006175479958657558
0.0006175479958657558
0.00038299394196605045
0.0020771287047573824
