0
0.0007745947793011431
0
0
0
0
0
0
0.0006446937914680322
0
0
0
0
0
0
0
0.0006902457218710104
0
0.0014097888003579378
0
0
0
0
0
0
0
0
0
0.0003380279272993387
0.002027754831284067
0
0.0003380279272993387
0.0003380279272993387
0
0
0
0
0
0
0
0
0
0
0
0
0
0
0
0
0
0
0
0.0010918679860760362
0
0
0
0.01644288323585793
0
0
0
0
0
0
0
0
0
0
0
0
0
0
0
0
0
0
0.0012706436165429616
0
0
0.0012755232003238486
0.001272590963081725
0
0.0017068152176995385
0
0.001722750214545281
0.001722750214545281
0
0
0
0
0
0
0
0
0
0.0030945301990465543
0
0.0030945301990465543
0.0030945301990465543
0
0
