0.0013454675779458036
0
0
0.0032850544599462195
0
0
0
0
0
0
0
0
0.0006677563972320586
0
0.0013481119717703826
0.0007118299826035395
0.0007127175511604018
0.0006826426863423275
0.0007278431358624476
0
0
0
0
0
0
0
0
0
0
0
0
0
0
0
0
0
0
0
0
0
0.0044252862660436815
0.002245480263760707
0.01145977078311737
0.0023999977999887004
0.001029908965820977
0.0011883564990242041
0.002245480263760707
0.002245480263760707
0
0
0
0
0
0
0
0
0
0
0
0
0.001365285372684655
0
0
0
0
0
0
0
0
0
0
0
0
0
0
0
0
0
0
0
0
0
0
0
0
0
0
0
0.0013375962777628133
0
0
0
0
0
0
0
0
0
0
0
