0.0007591871528142061
0
0
0
0
0
0
0.000800648759835917
0.0007512298340541192
0.0007321861719725356
0.0007562204191181757
0.0008681776817063307
0.0007535701139109857
0.0008740596443195173
0.0007606792659290139
0.0008033076183160695
0.0008043092487628477
0.0011555541714908905
0.0008213786301033155
0
0
0.0017852103805566526
0.0013812762687533272
0.0013523186949849135
0.0014561083916654713
0
0
0
0.0001969436243154296
0
0.001446313940600457
0.0001969436243154296
0.0001969436243154296
0
0
0.0012875369610934207
0.0011792614579667347
0.0010951715068044207
0
0
0
0
0
0.0013542113733543816
0.0011622630946086555
0.0013410728014715257
0
0
0
0
0
0.002556364666477426
0.0012722998372934986
0
0
0
0
0
0
0
0
0
0
0.0016086184975256954
0
0.0023231309153942514
0
0
0
0
0
0.0014649266105400541
0
0
0
0
0.0014943382644968428
0
0
0
0
0
0.0016086184975256954
0
0
0
0
0
0.001509491460626686
0
0.0016046169589746364
0
0
0
0
0.0011179480372752232
0
0
0
0.0020214150966470176
