0.0011848137846654104
0
0.0007981211250296331
0
0
0
0
0.0003123800514183007
0.00029309882930047854
0.0008570063385675742
0.00029504594930755484
0.0003387270454365333
0.0008820357292967673
0
0.0011871424281101146
0.0003134174280938285
0.00031380822289195045
0
0.0003204679899312533
0
0.00020937952974987045
0.0006965152991494768
0.0005389169052662619
0
0
0.00020961204449695527
0.00020961204449695527
0
0.0001536785231585656
0
0
0.0001536785231585656
0.0001536785231585656
0
0.00021590580047984928
0.0005023437021144596
0.0013802972290274823
0
0.0002162149439513267
0.00021602935172475906
0
0.00032956027249150273
0.000917402897057148
0.0005283573018040817
0.0004534670175844041
0.0005232311741358509
0.00032956027249150273
0.00032956027249150273
0
0
0
0
0
0.0011119625688925372
0
0
0
0.0002936688386923504
0.0002991373154825804
0.00029253102839133394
0
0.0002732618835606344
0
0
0
0
0.0002732618835606344
0.0002732618835606344
0
0
0
0
0
0
0
0.0005776760399984949
0.0005830290226085195
0.0018670192489565597
0.0005798944579708394
0.0005785613672628604
0
0
0.0025104657831356036
0
0
0
0
0
0
0
0.00062605521084414
0
0
0
0
0
0
0
0.00029084074895147647
0
