1.6607312068216509
0.0006515226390041784
0
0
0
0
0
0
0.00137420869410149
0.0006446937914680322
0.0006283508160505679
0.0006489766341624271
0
0
0
0.0006528031473355546
0
0
0
0
0
0
0
0
0
0
0
0
0
0.0003380279272993387
0
0
0.0003380279272993387
0.0003380279272993387
0
0
0
0.0010120238920302564
0
0
0
0
0
0
0.0011621631958164105
0.0009974361602532438
0
0
0
0
0
0
0
0
0
0
0
0
0
0
0
0
0.001803182634985506
0
0
0.0036579982529111256
0
0.001803182634985506
0.001803182634985506
0
0
0
0.001257177295095875
0
0
0
0
0
0
0
0
0
0
0
0
0
0
0
0
0
0
0
0
0
0
0
0.0019188113308164655
0
0
0.0006397269671886175
0
