0
0
0.0019371897079791863
0
0
0
0
0
0
0.000693371722946769
0.0007161318732896875
0.0008221540887161553
0
0
0
0
0
0.0007295308374794229
0
0
0
0
0
0
0
0
0
0
0
0.0011187921024104458
0
0
0
0
0
0
0
0
0
0
0.004729242487092413
0
0
0
0
0
0
0
0.004674952713643648
0
0
0.0048416947523072925
0.0012048530333650955
0
0
0
0
0
0
0
0.004377185024876537
0
0
0
0
0.002199977747597011
0
0
0
0
0.0012699802243578034
0
0
0
0
0
0
0.004531605993442904
0
0
0
0
0
0
0
0.004651221989208909
0
0
0
0
0
0
0
0.0071399277808375725
0
0
0
0
0
0
