0
0
0
0
0
0
0
0.0007331224004682976
0
0
0.0006924411261945586
0
0
0
0
0
0
0
0
0
0
0
0
0
0.003999902577724324
0
0
0
0
0
0
0
0
0
0.000506707704298506
0
0
0
0.0005074332307937788
0.0005069976657888056
0
0
0
0
0.0031927150305078836
0
0
0
0
0
0.0016271412689916212
0
0
0
0
0
0
0.0006892091956172211
0.0007020431227939285
0.0006865388771529932
0
0.0006413162656286194
0
0
0
0.002127199089954232
0.0006413162656286194
0.0006413162656286194
0
0
0
0
0
0
0
0
0
0.0008763386953174458
0
0
0
0
0
0
0
0
0
0
0
0
0.001469284280208852
0
0
0
0
0
0
0
0
0
