1.8325814637483102
0
0
0
0
0
0
0
0.0022746149736222305
0
0
0.0007161318732896875
0
0
0
0
0.00076072289902379
0
0.0007295308374794229
0
0
0.0005082034009285387
0
0
0
0
0
0
0
0.001119019823172182
0
0
0.001119019823172182
0.001119019823172182
0
0
0
0
0
0
0
0
0.0007999046109770013
0
0
0
0
0.0007999046109770013
0.0007999046109770013
0
0
0
0
0
0
0
0
0
0.0007127893674633646
0.0007260623865880786
0.0007100276883953159
0
0
0
0
0
0
0
0
0
0
0
0
0
0
0
0
0
0
0
0
0
0
0
0
0
0
0
0
0
0
0
0
0
0
0
0
0
0
0.0028237002523086446
0.005104683743031505
