0.0012627994605210672
0.0007506706681129199
0
0
0
0
0
0.0013317649254729832
0
0
0.0006289323612481831
0
0.0012534563180950937
0.0007269367264833334
0.0012652813776997645
0.0013361875570229143
0
0
0
0
0
0
0
0
0
0
0
0
0
0.002947688484311539
0
0
0
0
0
0
0.001961533104733821
0.0009108307370877761
0
0
0
0
0
0
0.001933258753674595
0.0011153415886584201
0
0
0
0
0
0
0
0
0
0
0
0.0006259968543112019
0.0006376536895539225
0.0006235714499938397
0
0.002329986120063844
0
0
0
0
0.002329986120063844
0.002329986120063844
0
0
0
0
0
0
0
0
0
0.0015919267185302672
0
0
0
0
0
0
0
0
0
0
0
0
0
0
0
0
0
0
0
0
0
0
