0.6733445532637655
0.00026416027982101433
0
0
0
0
0
0
0.0008357607198143553
0.00026139151912413255
0.000509530498118627
0
0.00030208369370290065
0
0.00030413033119411267
0.00026467946276091415
0.0008385361809013269
0
0
0.0002857998952732451
0
0.0009336446939320099
0
0.0004806170972617884
0
0.0005066550438403051
0.0009346815009213847
0.0009346815009213847
0
0.00027410728811877287
0.0004110772608447897
0.0005032470502718726
0.00027410728811877287
0.00027410728811877287
0
0.00038509840049400374
0
0
0.0003810665270309935
0.00038564980141109136
0.0003853187715386355
0
0.00029390857846519665
0
0.0009423996546728699
0
0.00046662824204003154
0.00029390857846519665
0.00029390857846519665
0
0
0
0
0
0
0
0
0
0.00026189986513565366
0.00026677676436757746
0.0002608851426825903
0
0.0004874010519462653
0
0.0005597211581577436
0
0.001616673597271946
0.0004874010519462653
0.0004874010519462653
0
0
0
0.0005097233559907384
0
0
0
0.00051518328482308
0.0005199571839874638
0.00033300917569919163
0.0005171617152563483
0.0005159728377500119
0
0.0006920293455948258
0
0.0006984902004810846
0.0006984902004810846
0
0
0
0
0
0.0005583288169682965
0
0
0
0.00041822643059861216
0.00038899165410962767
0.00041822643059861216
0.00041822643059861216
0.00025937771697371557
0
