1.9661128563728327
0
0
0
0
0
0
0
0
0
0.0007438943837960019
0.0007683129567693759
0
0
0
0
0
0.000817170763247229
0
0.0008345130969324417
0
0.0005452337372082177
0
0
0
0
0.0005458392160946232
0.0005458392160946232
0
0.00040018580426884445
0
0
0.00040018580426884445
0.00040018580426884445
0
0
0
0
0
0
0
0
0
0
0
0
0
0
0
0
0
0
0
0
0
0
0
0
0
0
0
0
0.0014231725344718298
0
0
0
0
0.0014231725344718298
0.0014231725344718298
0
0
0
0
0
0
0
0
0.0015182338659249673
0
0
0
0
0
0
0
0
0
0
0
0
0
0
0
0
0
0
0
0
0
0
0
