0.9675840262617057
0.00037959357640710305
0
0
0
0
0
0
0
0.0003756149170270596
0.0007321861719725356
0
0
0.00037678505695549287
0.0017481192886390346
0.00038033963296450697
0
0.0008043092487628477
0.00038518472383029687
0.0004106893150516578
0
0.0013416306520545006
0.0008926051902783263
0.0006906381343766636
0.0006761593474924568
0.0007280541958327357
0.0013431205250717738
0.0013431205250717738
0
0.0005908308729462888
0
0.0007231569703002285
0.0005908308729462888
0.0005908308729462888
0
0.0005533794831350905
0.0012875369610934207
0
0.001642757260206631
0.0005541718363469105
0.0005536961523672136
0
0
0.0017635188814004357
0
0
0
0
0
0
0
0.0008885069111677738
0
0
0
0
0
0
0.0003763454011130711
0.0003833534176948121
0.00037488726317772404
0
0.000350193277691533
0
0
0
0
0.000350193277691533
0.000350193277691533
0
0
0
0.0007324633052700271
0
0
0
0
0
0.0009570564057979284
0
0
0
0
0.0008043092487628477
0
0
0
0
0
0.000754745730313343
0
0.0016046169589746364
0
0
0
0
0
0
0
0
0
