0
0
0
0
0
0
0
0
0
0
0
0.0007001560108858987
0
0
0
0
0.000648648274424218
0
0
0
0
0
0
0.0010905994047971128
0
0
0
0
0.00031765677758287573
0.0038111056123679324
0
0.00031765677758287573
0.00031765677758287573
0
0
0
0.001902069163028237
0.0008832188728153189
0
0
0
0.002043624288430382
0.0009481456550818155
0
0
0
0.002043624288430382
0.002043624288430382
0
0
0
0
0.0010260668956375203
0.002298450291995093
0
0
0
0
0
0
0
0
0
0
0
0.0018735267086010424
0
0
0
0
0.0021630599421547723
0
0
0
0
0
0
0.0015436674067899785
0
0
0
0
0.001297296548848436
0
0
0
0
0
0.0012173539378039534
0
0
0
0
0
0
0
0
0
0.0006011740170511049
0
