0.00041185646312227447
0
0
0
0
0
0
0
0.0004075396446035239
0
0
0
0
0
0.00041266592944130413
0
0
0.00041792282026221247
0
0
0.0002911320367439483
0
0
0
0
0.00029145533717342523
0.00029145533717342523
0
0.00021368250040681408
0
0
0.00021368250040681408
0.00021368250040681408
0
0.0003002064982838655
0
0
0
0.0003006363472218435
0.0003003782902714385
0
0.00045823750523731017
0
0
0
0
0.00045823750523731017
0.00045823750523731017
0
0
0
0
0.0006902183593022207
0
0
0
0
0.0004083322148964129
0.00041593586549075977
0.00040675014509828657
0
0.0011398720135707683
0
0
0
0
0.0011398720135707683
0.0011398720135707683
0
0
0
0
0
0
0
0.0008032303936485673
0
0.0005191998637481096
0.000806314995774714
0.000804461398083278
0
0.0032368616377143195
0
0.0032670813003070876
0.0032670813003070876
0
0
0
0
0
0
0
0
0
0.0006520634313656383
0.0006064830297508247
0.0006520634313656383
0.0006520634313656383
0.0004043998938746832
0
