0
0.0005314525574572597
0
0
0
0
0
0.0004714250240746234
0.0008846539465748173
0.00043111399288246874
0
0.0005111863091917294
0.0004437049389362791
0
0
0.0009459811400484556
0
0
0.0004836308502497304
0
0.0003159828849662687
0
0.0008133007017761348
0
0
0.0003163337821178137
0.0003163337821178137
0
0.0002319223047401516
0
0
0.0002319223047401516
0.0002319223047401516
0
0.0003258319368568387
0.0007581066421745607
0
0
0.0003262984774308032
0.0003260183929008197
0
0.0004973523715357332
0
0
0
0
0.0004973523715357332
0.0004973523715357332
0
0
0
0.001505197203683441
0
0
0
0
0
0
0
0
0
0.0004123902581210151
0.0011326384524735235
0.0009471606676545011
0
0
0.0004123902581210151
0.0004123902581210151
0
0
0
0
0
0
0
0
0
0
0
0
0
0
0
0
0
0
0
0.0010320962710039536
0
0
0
0
0
0
0
0.0006582520411255718
0
0
0.00043891921540383855
0.0007934779130838195
