0.00047233142578498863
0
0
0
0
0
0
0.0004981269360057658
0
0.0004555326539258177
0
0.0005401403339281903
0.00046883676180916516
0
0.0004732597501281196
0
0.0005004043243249942
0.000958577073507911
0
0
0.00033388042271933897
0.0011106760187508636
0.000859366741132003
0.0008413506668944347
0.0009059238557757232
0.0003342511949822144
0.0003342511949822144
0
0
0
0
0
0
0
0
0
0.0007336823914234834
0
0
0
0
0.0005255228303474186
0.0007314537085819781
0
0
0
0.0005255228303474186
0.0005255228303474186
0
0
0.0011055764961670671
0
0
0
0
0
0
0
0
0
0
0.0004357483909974434
0.001196792052013853
0
0
0
0.0004357483909974434
0.0004357483909974434
0
0
0.0008343539877518614
0
0
0
0
0
0
0.0005954365995677231
0
0
0
0
0
0
0
0
0
0.0010905550763821885
0
0
0
0
0
0
0
0.0006955359932558845
0
0
0.0004637799708497443
0
