0.00034032976371311223
0
0
0
0
0
0
0
0.0003367626427425167
0.0003282257161198347
0.0003389998310686687
0
0.0006756234950971363
0
0.00034099865082732825
0
0.00036055717693463135
0.0003453425826850012
0.0007364181389683558
0
0.0002405714275387474
0
0.0012384019524692691
0
0
0.00024083858070647504
0.00024083858070647504
0
0.003001732068182433
0.0010592192523867193
0.001945068537454536
0.003001732068182433
0.003001732068182433
0
0.0004961398728651548
0.0005771793530969548
0
0
0.0004968502678721209
0.0004964237869554925
0
0
0.0005270355818376203
0.000607068276910233
0.0005210213619848186
0
0
0
0
0
0
0
0
0
0
0
0
0
0
0
0
0.0009419115827412846
0
0
0
0.0010414172481449256
0.0009419115827412846
0.0009419115827412846
0
0
0.0006011784945978677
0
0
0
0
0.0019912025272487907
0.0013397692165323907
0.0012870928304224377
0.00199884923434268
0.001994254178631547
0
0.0008915730397787493
0
0.0008998968544654803
0.0008998968544654803
0
0
0
0.0006766775099100804
0
0.0007193205370685929
0
0
0
0
0.0010023114589309335
0
0
0.0020050090162666945
0
