1.3093333199837622
0
0
0
0
0
0
0
0.0005417183781480191
0
0
0
0
0
0
0
0.0005435173598936331
0
0.0010424628343819763
0
0
0.0025416897503844527
0
0
0
0
0.002544512282033963
0.002544512282033963
0
0.00026650383065006356
0
0
0.00026650383065006356
0.00026650383065006356
0
0.0007488323248405847
0
0
0
0.0007499045360731743
0.0007492608411924248
0
0
0
0
0.000786386378368626
0
0
0
0
0
0
0.0017296345046020638
0
0.001928325949902448
0
0
0
0
0
0
0
0.0009477620846788
0
0
0.002883994096880534
0.0015718287154667012
0.0009477620846788
0.0009477620846788
0
0
0
0
0
0
0
0
0
0
0
0
0
0.001345666310363579
0
0.0013582295850453965
0.0013582295850453965
0
0
0
0
0
0
0
0
0
0.0008132505093066847
0.0007564028422783144
0.0008132505093066847
0.0008132505093066847
0
0
