0
0
0
0
0
0
0
0.00075820499120741
0
0
0
0
0.0007136220653225507
0
0
0
0
0
0
0
0.0005082034009285387
0
0
0.0025612599074050454
0
0.000508767757842396
0.000508767757842396
0
0.0003730066077240607
0
0
0.0003730066077240607
0.0003730066077240607
0
0
0
0
0
0
0
0
0
0
0
0
0
0
0
0
0
0
0.0024208473761536463
0.0012048530333650955
0
0
0
0
0
0
0
0
0.0006632578587579841
0
0.0015233428626336744
0
0
0.0006632578587579841
0.0006632578587579841
0
0
0
0
0
0
0
0
0
0.0009063211986885806
0
0
0
0
0
0
0
0
0
0
0
0
0
0
0
0
0
0
0
0
0
0
