0.003257613195020892
0
0
0
0
0
0
0.0034355217352537255
0.003223468957340161
0.003141754080252839
0.0032448831708121353
0.0037252831018879558
0.003233510916708822
0.0037505221472937007
0.003264015736677773
0.0034469306907879845
0.003451228609355052
0.0033055955549794007
0.004229366401073814
0
0
0
0
0
0
0
0
0
0
0
0
0
0
0
0
0
0
0
0
0
0
0
0
0
0
0
0
0
0
0
0
0
0
0
0
0
0
0
0
0.003217224344869529
0
0
0
0
0
0
0
0
0
0
0
0
0
0
0
0
0
0
0
0
0
0.008534076088497692
0
0
0
0
0
0
0
0.004927985776918845
0
0
0
0
0.005157550331744257
0
0.005157550331744257
0.005157550331744257
0
0
