0.000605198086797936
0.00017987988843842572
0
0
0
0
0
0.00015956246620272432
0.0002994273919347707
0.00014591845660688035
0.00015070827698787995
0.00017302040413278813
0.0007509004688706868
0
0.0006063875484465169
0.00048027706203235954
0.000641167881649185
0.0003070561152961662
0.0003273875049337731
0
0.001497303031438654
0.0014231087852840764
0.0011011062978215124
0.0010780223083493633
0.001160759912150443
0.0014989657777256485
0.0014989657777256485
0
7.849836776144611e-05
0.00023544717998289665
0.0005764760550253882
7.849836776144611e-05
7.849836776144611e-05
0
0.0004411352368452785
0.0005131902605615233
0.00047003349276293085
0.00043651667324503087
0.00044176687378234223
0.00044138767474905265
0
0.00016833805360627879
0.00023430284374968693
0.0005397655434737365
0.00046325823520959125
0.0005345287329341438
0.00016833805360627879
0.00016833805360627879
0
0
0.0003541436922056793
0
0.0005071170030400852
0
0
0
0
0.0004500145633745446
0.00045839439082248585
0.0004482709966818885
0
0.00013958106435468142
0.0003833623069701637
0.000641167881649185
0
0
0.00013958106435468142
0.00013958106435468142
0
0
0.0002672643664670719
0.0005838947476335878
0
0
0
0.0008852237509073866
0.0005956177309837602
0.0005721995264272771
0.0008886232276773842
0.000886580415659735
0
0.0011890929521438378
0.000641167881649185
0.0012001944423609483
0.0012001944423609483
0
0
0.00034933195725723255
0.000601657536368151
0
0.0006395729366699581
0
0
0
0.0007186257406434498
0.00044559500960367963
0.0007186257406434498
0.0007186257406434498
0.00014856027766255191
0.0005371343743899509
