1.171182981502945
0.00045946762710982546
0
0
0
0
0
0
0.0004845606046764357
0.00045465177853375193
0.0017725054581959065
0
0.0010508595616894976
0
0
0.00046037066882977405
0
0
0
0
0
0.0009743618814500375
0.0010804271047075138
0
0
0
0.000975443904638766
0.000975443904638766
0
0.00023838448636331061
0
0
0.00023838448636331061
0.00023838448636331061
0
0.0003349107753797384
0
0
0.001988426114606019
0.000335390315436124
0.00033510242675334625
0
0.0015336311412085706
0
0.00163916442477669
0.0014068264042077418
0
0.0015336311412085706
0.0015336311412085706
0
0
0
0
0.0007700085348474327
0
0
0
0
0
0
0
0
0.0004238809198345802
0
0
0
0
0.0004238809198345802
0.0004238809198345802
0
0
0
0
0
0
0
0
0
0.0005792200699816741
0
0
0
0.001203682406477847
0
0.0012149201052935115
0.0012149201052935115
0
0
0
0.0009135592679430149
0
0
0
0
0
0
0
0
0
0
0
