0
0
0
0
0
0
0
0
0
0.000693371722946769
0
0
0
0
0
0
0
0
0.0007778359353770417
0
0.0010164068018570773
0
0
0
0
0.001017535515684792
0.001017535515684792
0
0.0003730066077240607
0
0
0.0003730066077240607
0.0003730066077240607
0
0
0
0
0
0
0
0
0
0
0.0012824222979344367
0
0
0
0
0
0
0
0
0
0
0
0
0
0.0007127893674633646
0.0007260623865880786
0.0007100276883953159
0
0
0
0
0
0
0
0
0
0
0
0.0013872683298624604
0
0
0
0
0
0
0
0
0
0
0
0
0
0
0
0
0
0
0
0
0
0
0.00113824935636541
0
0.00113824935636541
0.00113824935636541
0
0
