1.8325814637483102
0.001437882670653833
0.0008547488170467865
0
0
0
0
0
0
0
0
0
0
0.0014272441306451013
0
0.0014407086979153383
0.00152144579804758
0
0
0
0
0
0.0016905733060408766
0
0
0
0
0
0
0
0.0011187921024104458
0
0
0
0
0
0
0
0
0
0
0
0
0
0
0
0
0
0
0
0
0
0
0
0
0
0
0
0
0
0
0
0
0.0018216515544217794
0
0
0
0
0
0
0
0
0
0
0
0
0.0014021281283460674
0
0
0.0014075126449679802
0.0014042769837151804
0
0
0
0
0
0
0
0
0
0
0
0
0
0
0.0113824935636541
0.004234734751584772
0.0113824935636541
0.0113824935636541
0.0007059250630771612
0
