0.8675005677047231
0.0023823083459917857
0
0
0
0
0
0
0.002153497478787066
0.0020205758564551
0
0.003389998310686686
0.0023351293881688374
0.0023646822328399772
0.0003918250079967132
0.0023869905557912974
0.0021606489855659355
0.0028844574154770508
0.0020720554961100074
0
0
0
0
0.0006192009762346346
0.001818659471079084
0
0.0014450314842388502
0.0014450314842388502
0
0.00017657247459896663
0.0005296096261933596
0.001296712358303024
0.00017657247459896663
0.00017657247459896663
0
0.0007442098092977321
0
0.0005286414184672292
0
0.0007452754018081813
0.0007446356804332386
0
0.000757311713404385
0.0005270355818376203
0
0
0
0.000757311713404385
0.000757311713404385
0
0
0
0
0.001140697656416467
0
0
0
0
0
0
0
0
0
0
0.0007211143538692627
0
0.0010414172481449256
0
0
0
0
0
0
0
0
0
0.0006637341757495968
0.0006698846082661954
0.0004290309434741459
0.0006662830781142266
0.0006647513928771825
0
0.0008915730397787493
0
0.0008998968544654803
0.0008998968544654803
0
0
0.001571558999465078
0
0.0025741856608448755
0
0
0
0
0
0.0005011557294654667
0
0
0
0
