1.8325814637483102
0
0
0
0
0
0
0
0
0.0007114058477283812
0
0
0
0.0014272441306451013
0
0
0.00152144579804758
0
0
0
0
0.0005082034009285387
0
0
0.0012806299537025227
0
0.000508767757842396
0.000508767757842396
0
0
0
0
0
0
0
0.0005240438844004319
0
0.001116746778640043
0.0010371145805027223
0.0005247942336048998
0.0005243437664515909
0
0
0
0
0
0
0
0
0
0
0
0
0
0
0
0
0
0
0
0
0
0.0019897735762739524
0
0
0
0
0.0019897735762739524
0.0019897735762739524
0
0
0
0
0
0
0
0
0
0
0
0
0
0
0
0
0
0
0
0
0
0
0
0
0
0
0
0
0
0
0.0007059250630771612
0
