1.1394342831883648
0
0.0005314525574572597
0
0
0
0
0
0.0004714250240746234
0
0.0008622279857649375
0.00044526544868634814
0
0.0008874098778725582
0.0005146496310697221
0
0.0009459811400484556
0
0
0
0
0.0003159828849662687
0
0.0016266014035522696
0.001592500745196876
0
0.0003163337821178137
0.0003163337821178137
0
0
0
0.0008515951294382398
0
0
0
0.0003258319368568387
0
0.0006943536155931535
0.0006448411336663072
0.0003262984774308032
0.0003260183929008197
0
0
0
0
0
0
0
0
0
0
0
0
0
0
0
0
0
0.00044318719688384473
0.00045143989032819527
0.000441470082599134
0
0
0
0
0
0
0
0
0
0
0
0
0
0
0
0.0008717936367164229
0
0.0011270368775354745
0.0008751415385471312
0.0008731297189182873
0
0.0011710527062573123
0.0009471606676545011
0.0011819857709422872
0.0011819857709422872
0
0
0
0
0
0
0
0
0
0.001415446314519708
0
0.001415446314519708
0.001415446314519708
0
0
