0.0006806595274262245
0
0
0
0
0
0
0.0007178324929290219
0.0003367626427425167
0.0003282257161198347
0.0010169994932060058
0.0007783764627229458
0.0010134352426457043
0
0.0006819973016546565
0.0007202163285219785
0.00036055717693463135
0.0003453425826850012
0.0007364181389683558
0
0
0.0008002772764803718
0.0012384019524692691
0.0006062198236930279
0.0006527468530509578
0
0
0
0.00017657247459896663
0.001588828878580079
0.000648356179151512
0.00017657247459896663
0.00017657247459896663
0
0.0002480699364325774
0.0011543587061939096
0.0010572828369344585
0.0009818908519578077
0.00024842513393606047
0.00024821189347774624
0
0.0003786558567021925
0
0.000607068276910233
0.0010420427239696372
0.0006011784945978677
0.0003786558567021925
0.0003786558567021925
0
0
0
0
0.0005703488282082335
0
0
0
0
0
0
0
0
0
0
0.0007211143538692627
0
0
0
0
0
0
0
0.0006566998998521749
0
0
0
0
0.0006698846082661954
0
0
0
0
0
0.0007211143538692627
0
0
0
0
0
0.0006766775099100804
0
0.0007193205370685929
0
0
0
0
0.0005011557294654667
0
0
0
0.0006041090304350439
