1.0498221244986776
0.0008237129262445489
0.0004896558416505026
0
0
0
0
0
0.0008686984894486368
0.0004075396446035239
0.001191625566967852
0.0004102470201245321
0
0.0004088092385119461
0
0.0008253318588826083
0.00043579166645856275
0
0.00041792282026221247
0
0
0.0002911320367439483
0
0.000749337704852732
0
0
0.00029145533717342523
0.00029145533717342523
0
0.00021368250040681408
0
0
0.00021368250040681408
0.00021368250040681408
0
0.000600412996567731
0.0006984844474375767
0.0019192360594125733
0
0.000601272694443687
0.000600756580542877
0
0.00045823750523731017
0
0
0
0
0.00045823750523731017
0.00045823750523731017
0
0.0059648984346515775
0
0
0
0
0.0059648984346515775
0.0059648984346515775
0
0.0008166644297928258
0.0008318717309815195
0.0008135002901965731
0
0
0.0010435607599390434
0
0.0023123835341380566
0
0
0
0
0
0
0
0
0
0
0
0
0
0
0
0
0
0
0
0
0
0
0
0
0
0
0
0
0.001363405356491789
0
0
0
0
0.0008087997877493664
0
