1.171182981502945
0.0009189352542196509
0
0
0
0
0
0
0
0.00045465177853375193
0
0.0009153442606509927
0.0005254297808447488
0.0013682044176436274
0.0031739376192491736
0.0009207413376595481
0.00048616977231338523
0.0024338798451848404
0.0004662352633371597
0.0004971065286515047
0
0
0
0.00250788647002772
0
0.0008812513028615087
0
0
0
0.00047676897272662123
0.0014300158504309463
0.0017506472070298134
0.00047676897272662123
0.00047676897272662123
0
0
0.000779230193947402
0
0.0033140435243433643
0
0
0
0.0005112103804028569
0
0
0
0
0.0005112103804028569
0.0005112103804028569
0
0
0
0.0015471373599774704
0
0
0
0
0
0
0
0
0
0
0
0
0
0
0
0
0
0
0
0
0
0
0
0
0.0009043884027049769
0.0017376602099450226
0
0
0
0
0
0
0
0
0
0
0
0
0
0
0
0
0.0007274428456540032
0.0006765932879855257
0.0007274428456540032
0.0007274428456540032
0.00045114906837555665
0
