0.0006122588263101877
0
0
0
0
0
0
0.0006456962135972976
0
0
0
0
0.0012154577478696795
0
0.000613462165198376
0.0006478404932605514
0.000648648274424218
0
0
0
0
0
0.0011139527111096847
0
0
0
0
0
0.0006353135551657515
0.0009527764030919831
0.0011664033993009479
0.0006353135551657515
0.0006353135551657515
0
0
0.0010383551219325805
0.0009510345815141184
0
0
0
0
0.0006812080961434606
0
0
0
0
0.0006812080961434606
0.0006812080961434606
0
0
0
0
0
0
0
0
0
0.0006070197387260475
0.0006183231966183314
0.0006046678606217235
0
0
0
0
0
0
0
0
0
0
0
0
0
0
0
0
0
0
0
0
0
0
0
0
0
0
0
0
0
0
0
0
0
0
0
0
0
0
0.0012023480341022098
0
