0
0
0
0
0
0
0
0
0.001375742889698661
0
0.0006924411261945586
0.0007949559631816399
0.0013800286930933609
0
0
0.0014711140240198219
0
0
0
0
0
0.0016346465331474865
0
0
0.0013333008592414412
0
0
0
0
0.0010817807337801437
0
0
0
0
0
0
0
0
0
0
0.0022863959250733878
0.000773442532488815
0
0
0
0
0.000773442532488815
0.000773442532488815
0.004520298066152743
0
0
0
0
0
0
0
0
0
0
0
0.0014107936639584995
0
0.0017613885108666752
0
0
0
0
0
0
0
0
0
0
0
0
0
0
0
0
0
0
0
0
0
0
0.004497352390690039
0
0
0
0
0
0
0
0.0023012426518595783
0
0
0
0
0
0
