1.8325814637483102
0.0007189413353269165
0
0
0
0
0
0
0
0
0
0
0
0.0007136220653225507
0
0.0007203543489576692
0
0
0
0
0
0.0005082034009285387
0
0.0013080524366511851
0
0
0.000508767757842396
0.000508767757842396
0
0.0003730066077240607
0
0
0.0003730066077240607
0.0003730066077240607
0
0
0.0012192824110101865
0.001116746778640043
0
0
0
0
0
0
0
0
0
0
0
0
0
0
0
0
0
0
0
0
0
0
0
0
0
0
0
0
0
0
0
0
0
0
0
0
0
0
0.0014021281283460674
0.0014151208214272667
0
0.0014075126449679802
0.0014042769837151804
0
0
0
0
0
0
0
0
0
0
0
0
0
0
0
0
0
0
0
0
