0.5108256237659907
0.0006012070895637396
0
0
0
0
0
0
0.0004226939377459584
0.00019830187257996533
0.0001932749238615175
0
0
0.00019891963542289357
0.0011536260699322282
0.0006023887072712155
0.00021204882680198866
0.0004246264536708152
0.0014234790471186047
0.0008672761014702729
0
0.001133279254056552
0.0004712413503376298
0
0.0014278843431613996
0.0003843684151738079
0.0011345377540610566
0.0011345377540610566
0
0.0011437170489366777
0.0003118593551684925
0.0007635659548071611
0.0011437170489366777
0.0011437170489366777
0
0.0014607538569230505
0
0.000311289228376594
0.0008672761014702729
0.001462845428883135
0.001461589767570789
0
0.0017837647272492037
0.0009310309060133488
0.00035747069542756523
0.00030680217643603045
0.0007080050225446857
0.0017837647272492037
0.0017837647272492037
0
0.00290241831685222
0.0009381554155481923
0.001349605346805788
0.001007545609005899
0.0007523205062827551
0.00290241831685222
0.00290241831685222
0
0.0013908126668074425
0.0014167113178930012
0.0013854240086640585
0
0.0001848807903604744
0
0.0012738793610124457
0
0
0.0001848807903604744
0.0001848807903604744
0
0.0026885559145578457
0
0.00038669615727932684
0.0026885559145578457
0.0026885559145578457
0
0
0
0.0012631691982343983
0
0
0
0
0
0
0
0
0
0.0018508174774130098
0.00039845992493447015
0.0015158030378812782
0.00042357016896019134
0
0
0
0.00031728299612794456
0
0.00031728299612794456
0.00031728299612794456
0
0
