0.49429632181478017
0.00038783548200453525
0
0
0
0
0
0
0
0
0
0.00038631990763171565
0.00022175698600932265
0.0003849659827217914
0.00022325940461372185
0.0003885977372757706
0.0004103746964008138
0.00020544319277422286
0.00019677401346129784
0.00020980319262087443
0
0.0004112282211437439
0.0004559929168033027
0.0003528167893039116
0.00034542021091179604
0.00037193101716687744
0.0004116848876858247
0.0004116848876858247
0
0.000201219752417985
0
0.0007388584780489988
0.000201219752417985
0.000201219752417985
0
0.0004240460295808809
0.0003288731349399735
0.00030121652761412566
0.00027973759016116593
0.00042465319743537815
0.0004242886882530302
0
0.0006472671171734354
0.0009009045962602312
0.00034590365417409385
0.0002968746677566247
0.00034254769356533625
0.0006472671171734354
0.0006472671171734354
0
0
0
0
0.0003249811451773703
0
0
0
0
0.0007690335617499497
0.0007833539172975914
0.0007660539663925303
0
0.00447246038558433
0
0.0004108863855484457
0
0
0.00447246038558433
0.00447246038558433
0
0
0.00034254769356533625
0.0007483668763282062
0
0
0
0.0015127660958371236
0.0007633920028027492
0.0007333773320694068
0.0015185754894463293
0.0015150845113096711
0
0.0020320506549425703
0.0004108863855484457
0.002051022082219005
0.002051022082219005
0
0
0
0.00038556655367767565
0
0.001639457120447032
0
0
0
0.0027631471405795164
0.0005711107126687234
0.0027631471405795164
0.0027631471405795164
0.00038081380725329755
0.0003442174942999862
