0
0
0
0
0
0
0
0.0006658824627364916
0
0
0.0006289323612481831
0
0.0006267281590475468
0.0007269367264833334
0
0.0006680937785114572
0.0006689268131480051
0
0
0
0
0.0014847213214336718
0
0
0
0
0
0
0
0
0
0
0
0
0.0009204677794876182
0
0
0
0.000921785745953093
0.0009209945135531332
0
0
0
0
0
0
0
0
0
0
0
0
0
0
0
0
0
0
0
0
0
0.000582496530015961
0
0
0
0
0.000582496530015961
0.000582496530015961
0
0
0
0
0
0
0
0
0.001242809198790811
0
0
0
0
0.0033081971478604324
0.0013378536262960102
0.003339082805879876
0.003339082805879876
0
0
0.0014578241960453808
0
0.004775780155590802
0
0
0
0
0
0
0
0
0
0
