0
0
0
0
0
0
0
0
0
0.0006488075777873352
0
0
0
0
0
0
0
0
0
0
0
0.0015819173690884932
0
0
0.002580584541899062
0
0
0
0
0.0031406564617068255
0
0
0
0
0.0004903627189282033
0
0
0
0.0004910648419507236
0.000490643327064929
0
0
0
0
0.001029908965820977
0
0
0
0
0
0
0
0
0
0
0
0
0
0
0
0
0.0018618875440737533
0
0
0
0
0.0018618875440737533
0.0018618875440737533
0
0
0
0.0012981063043845016
0
0
0
0.003936033117272976
0.0013241686703412562
0
0.0039511484518247155
0.003942065351935463
0
0
0
0
0
0
0
0.004659778337206323
0
0
0
0
0
0
0
0
0
0
0.0006605540940261659
0
