1.5141277326297755
0
0
0
0
0
0
0
0.000626449206714843
0.0005877825049028631
0
0
0
0
0
0
0.0006285295693772418
0.000629313272082201
0
0
0
0
0
0
0
0
0
0
0
0.0012327520721593938
0
0
0.0012327520721593938
0.0012327520721593938
0
0
0
0
0
0
0
0
0.0013218050917763208
0
0
0
0.002098583136008005
0.0013218050917763208
0.0013218050917763208
0
0
0
0.0040003374706202785
0
0
0
0
0
0
0
0
0
0
0.001505097149731387
0.001258626544164402
0
0.001817680351296249
0
0
0
0
0
0.0022923962643902735
0
0
0
0
0
0.0014976535436496295
0
0
0
0.0015561436101025443
0
0.0015706719218151197
0.0015706719218151197
0
0
0
0
0.004492960630948889
0
0
0
0
0
0
0
0
0.0005832541342949829
0
