0
0
0
0
0
0
0
0
0.0010165631366333557
0
0.0010233163892018463
0
0
0.0005913881300739667
0
0
0.0005441950623373908
0.0005212314171909882
0.00222297677416598
0
0.00036309853576920755
0
0
0
0.0019704037923006204
0.0003635017545762805
0.0003635017545762805
0
0.0005330076613001271
0.0007993487911988781
0
0.0005330076613001271
0.0005330076613001271
0
0
0.0008711465868155438
0
0
0
0
0
0.0017145351200136562
0
0
0.001572772756737252
0
0.0017145351200136562
0.0017145351200136562
0
0
0
0
0
0
0
0
0
0.0010185401166734828
0.0010375065926971174
0.0010145938163376694
0
0
0
0
0
0.0015718287154667012
0
0
0
0
0
0
0
0
0
0
0.0010110682007596619
0
0
0
0
0
0.0010883901246747816
0
0
0
0
0
0.002042641684842063
0
0
0
0
0
0
0
0
0
0
0.000911792005559723
