1.3093333199837622
0.0005136654844973567
0
0
0
0
0
0
0
0
0
0.0005116581946009232
0
0
0
0.0005146750471634286
0
0
0
0
0
0
0
0
0
0
0
0
0
0.00026650383065006356
0
0
0.00026650383065006356
0.00026650383065006356
0
0.0007488323248405847
0
0
0
0.0007499045360731743
0.0007492608411924248
0
0.0017145351200136562
0.0007954637423959672
0
0.001572772756737252
0
0.0017145351200136562
0.0017145351200136562
0
0
0.0012023262809768248
0
0
0
0
0
0
0
0
0
0
0
0
0.0010883901246747816
0.002883994096880534
0
0
0
0
0.003445613999957269
0.0009073688981176453
0.0019823365934651966
0.003445613999957269
0.003445613999957269
0
0
0.0010110682007596619
0.000647543679517192
0
0
0
0.001345666310363579
0
0.0013582295850453965
0.0013582295850453965
0
0
0
0
0
0
0
0
0
0
0
0
0
0
0
