0.2613647641344075
0.0007177533734565918
0
0
0
0
0
0
0.0004325440862795325
0.0005073073838012569
0.0004944471512190834
0.0006128130460361255
0.0005862825575020357
0.0005088877806355286
0.00035415279693009146
0.0007191640522566244
0.000542475641623926
0.0009776736813007763
0.0006242788952254957
0.0003328074246193644
0
0.0003624026124991785
0.0002411114060280512
0.00018655586305096897
0.0007305793546733962
0.0003933254539268736
0.0003628050584875174
0.0003628050584875174
0
0.00026599304308407034
0.00047869004420221154
0.0001953398835085258
0.00026599304308407034
0.00026599304308407034
0.0006534119103360188
0.00029895883801476413
0.00034779077063793417
0.0017519880594018785
0.00029582882188387946
0.00029938690049760314
0.00029912991603365667
0
0.0007985828672810357
0.0007939391377108369
0.0007316018590186354
0.0004709275029448784
0.0007245038506844283
0.0007985828672810357
0.0007985828672810357
0
0.0029700541378909944
0.0004800087495581405
0.0010357916676396598
0.0006873498070595859
0.0007698520298509795
0.0029700541378909944
0.0029700541378909944
0
0.0007116115709610472
0.0007248626580589749
0.0007088544552269866
0
0.0002837836744130375
0.0005196118571260586
0.00021726081806683917
0.0005756933130713822
0.0006275264445003781
0.0002837836744130375
0.0002837836744130375
0.0013902381070979124
0
0.00036225192534221416
0.00039570744002181306
0
0
0
0.00019997304065371652
0.00040365214538132433
0.0011633446474825261
0.00020074098627834679
0.00020027951274667242
0
0.0002686174348760612
0.0008690432722673567
0.00027112527399834803
0.00027112527399834803
0
0
0.0007102303373217596
0.0004077453418633503
0
0.000433440736541306
0
0
0
0.0011363685397148154
0.0006039624821130156
0.0011363685397148154
0.0011363685397148154
0.000201359602568881
0.0005460266660189572
