0.7550225842780328
0.002073424123164468
0
0
0
0
0
0
0.0012495202056732027
0.0023447906344038283
0.0034280253542702966
0.0017702756958453288
0.0016936352271826665
0.0017640714585935345
0.002046131664710116
0.0020774992491927003
0.0015670871404691426
0.0015690411144597524
0.0003005663153973061
0.0003204679899312533
0
0
0
0.0005389169052662619
0
0
0
0
0
0
0
0.0011285838330015439
0
0
0
0.00021590580047984928
0.0010046874042289192
0.0009201981526849882
0.0029910345726916975
0.0002162149439513267
0.00021602935172475906
0
0
0
0
0.0022673350879220205
0
0
0
0
0.004289901047034277
0.0006933173409348327
0.0019947756519895186
0.001489196418694345
0.0011119625688925372
0.004289901047034277
0.004289901047034277
0
0
0
0
0
0.0005465237671212688
0.0007505194674731936
0.0012552328915678018
0.0033260906796389114
0.0018127793139928758
0.0005465237671212688
0.0005465237671212688
0
0.003973803075147541
0.006802005263766061
0.002286215243839615
0.003973803075147541
0.003973803075147541
0
0
0
0
0
0
0
0
0.0006276164457839009
0
0
0
0
0.0013677945367355667
0.003533647040302806
0
0.00125211042168828
0
0
0
0
0.001308531341903003
0
0
0
0.0010515634878524133
