1.5141277326297755
0
0
0.0032011157138050225
0.0029006278402869262
0
0
0
0
0
0
0.0023667490935987113
0.0006792856584252021
0.000589613603048978
0
0
0
0.000629313272082201
0.0006027578553462482
0.0019280064507170317
0
0
0
0
0
0
0
0
0
0
0
0
0
0
0
0
0
0
0
0
0
0.0019537132033932585
0.0006609025458881604
0.0018397663822962034
0
0
0
0.0006609025458881604
0.0006609025458881604
0
0
0
0
0
0
0
0
0
0
0
0
0.002411031421384993
0
0
0
0
0
0
0
0.008053870918243486
0
0
0
0
0
0
0.0011584756944374717
0
0.0022464803154744447
0.0011629245258293207
0.0011602511361147704
0.006388724610252217
0
0
0
0
0.003842963788400445
0
0
0
0
0
0
0
0.001966399652765942
0
0
0
0
0
0
