1.8971199848858813
0.000744260488382064
0
0
0
0
0
0
0
0
0
0
0
0.0007387538881954367
0
0.0007457232644991673
0
0.0007884954218145807
0
0
0
0
0
0.001354118476007053
0.0013257302479985193
0
0
0
0
0.011970429377460273
0.0011581929089657394
0.0014178774177024524
0.011970429377460273
0.011970429377460273
0
0
0
0
0
0
0
0
0
0
0
0
0
0
0
0
0
0
0
0
0
0
0
0
0
0
0
0
0
0
0
0
0
0
0
0
0
0
0
0
0
0
0.0014515072569899626
0
0.0018764787189771328
0.0014570814016020594
0.0014537317891845833
0
0
0
0
0
0
0
0
0
0
0
0
0
0
0
0
0
0
0
0
