1.8971199848858813
0
0.000884850739219161
0
0
0
0
0
0
0
0
0
0
0
0
0
0
0
0
0
0
0.0005261009386816088
0
0
0
0
0
0
0
0.0007722857662877595
0
0
0.0007722857662877595
0.0007722857662877595
0
0.0005424992807794915
0
0
0
0.0005432760552365066
0.0005428097238586213
0
0
0
0
0
0
0
0
0
0
0
0
0
0
0
0
0
0.0007378918649886742
0.0007516323236473381
0.0007350329271158006
0
0
0
0
0
0
0
0
0
0
0
0
0
0
0
0.0014515072569899626
0
0.0009382393594885664
0.0014570814016020594
0.0014537317891845833
0
0
0
0
0
0
0
0
0
0
0
0
0
0
0
0
0
0
0
0
