0.5978370007556204
0.00046907571655992186
0.0002788418846807931
0.000631963002912918
0.022905632212859017
0
0
0
0
0.00092831832415469
0.0006785891041493989
0
0.00026820861406712444
0.0004656051407754053
0
0.0004699976421034752
0.0004963362397306935
0.0009939102256951294
0.0016659470562457575
0.0005075016984343127
0
0.0001657895176804272
0.0005515101482985428
0.0004267216279483372
0.0012533270456092673
0
0.00016597362597324278
0.00016597362597324278
0.004094773977778222
0
0
0.00044681390191003023
0
0
0.014945925018890511
0.00017095710630701184
0.0007955249511052833
0
0
0.0001712018902507504
0.000171054935838518
0.0030856103264806215
0
0.00036320595428652514
0.0004183603924112109
0
0
0
0
0.001525094389682705
0
0
0.0007897450472333162
0.0015722209092849978
0
0
0
0
0.0004650618442284095
0.00047372187064629196
0.00046325997733872177
0.012375606703539913
0
0
0
0
0.0007176914774977435
0
0
0.006359968093144898
0.0015732552651463695
0
0.0009051279345278129
0.0015732552651463695
0.0015732552651463695
0
0
0
0.0005913323449610488
0
0
0.005045037981060088
0
0
0
0
0.0015173527937959908
0.003321316670864558
0.0005415190224235693
0.0009326630276998758
0.0035479940697662935
0.001982875624396751
0.003321316670864558
0.003321316670864558
0.0007764116892930135
0
0.0003453708843186715
0
0
0.00023029160275640233
0
