0
0
0
0.0029006278402869262
0
0
0
0
0.0005877825049028631
0
0
0
0
0
0
0
0
0
0.0019280064507170317
0
0.0012596736544340894
0.001396796801318981
0
0.001058090658721017
0
0.0012610725146833222
0.0012610725146833222
0
0
0
0.00565817538351934
0
0
0
0.0004329790485072278
0
0
0
0.0004335990070532003
0.0004332268190643135
0.0019537132033932585
0
0.0009198831911481017
0.005297857706892147
0
0.0010492915680040025
0
0
0.0038625707465045293
0
0
0
0
0
0
0
0
0
0
0
0.0012055157106924965
0
0
0
0
0
0
0
0
0
0
0
0
0
0
0
0
0
0
0
0
0
0
0
0
0.003842963788400445
0
0
0
0
0
0
0
0.001966399652765942
0
0
0
0
0.0034995248057698974
0.0010544064990458046
