0
0
0
0
0
0
0
0.0005904494644766842
0
0.000539960785334902
0
0
0.0005557306680841689
0.0006445873331707976
0
0.0005924102763138837
0
0
0.000605736993056089
0
0.0007915232144426766
0.0013165280033580681
0
0
0
0.0007924021963576602
0.0007924021963576602
0
0.00145238790519046
0
0
0.00145238790519046
0.00145238790519046
0
0
0
0
0.0008076493240747855
0
0
0
0
0
0
0.0008571269403244119
0
0
0
0
0
0
0
0.0009382750530178474
0
0
0
0
0
0
0
0
0
0
0.0011862978849876524
0
0
0
0
0
0
0
0
0
0
0
0.002183804675807415
0
0.0007057944389911701
0.002192191022488703
0.0021871515028967755
0
0
0
0
0
0
0
0
0
0
0
0
0
0
0.0008864076743106496
0
0.0008864076743106496
0.0008864076743106496
0
0
