0.00045946762710982546
0
0
0.0022436455584347605
0
0
0
0
0
0
0.00045767213032549633
0
0.00045606813921454247
0
0.00046037066882977405
0
0.000486775969036968
0
0.0004971065286515047
0
0.0035726602319834707
0.0010804271047075138
0.0008359621566759066
0.0008184367445862649
0.0008812513028615087
0.003576627650342142
0.003576627650342142
0
0.00023838448636331061
0.0021450237756464197
0
0.00023838448636331061
0.00023838448636331061
0
0
0
0
0
0
0
0
0.0005112103804028569
0.002134598386700386
0
0
0
0.0005112103804028569
0.0005112103804028569
0
0
0
0
0
0
0
0
0
0.0009110719420481876
0.0009280372278153289
0.0009075420236365324
0
0
0.0011641977947345378
0
0
0
0
0
0
0
0
0
0
0
0
0
0
0
0
0
0
0.002407364812955694
0
0.002429840210587023
0.002429840210587023
0
0
0
0
0
0
0
0
0
0
0
0
0
0.0031580434786288966
0.0024467611034184092
