0
0
0
0
0
0
0
0.0006658824627364916
0
0
0
0
0.0006267281590475468
0
0
0
0
0
0
0
0.0004463222164265392
0
0
0
0
0.0004468178546457802
0.0004468178546457802
0
0.0003275876068459394
0
0
0.0003275876068459394
0.0003275876068459394
0
0.0004602338897438091
0
0
0
0.0004608928729765465
0.0004604972567765666
0
0.0007025045449297688
0
0
0
0
0.0007025045449297688
0.0007025045449297688
0
0
0
0.002126073860547028
0
0
0
0
0
0.0006259968543112019
0.0006376536895539225
0.0006235714499938397
0
0
0
0
0
0.001932098334254622
0
0
0
0
0
0
0
0
0
0
0
0
0
0
0
0
0
0
0
0
0
0
0
0
0
0
0
0
0
0.0009297734907187176
0
0
0
0
