1.3470736479666094
0.0010569428387340993
0
0.0028479358307962146
0
0
0
0
0.0005573329118604093
0.0005229323167572241
0
0
0
0.0010491227787901942
0
0.0010590201634957622
0
0.0011197619683845465
0
0.0011435260169495836
0
0.01905179036225654
0.002485375734255737
0.0019230173418509772
0.0018827025128813548
0.004054397736543595
0.01944692662250519
0.01944692662250519
0
0
0
0
0
0
0
0
0
0
0
0
0
0
0.0005879850056598033
0
0.002828006258852224
0.002427159726065963
0.0018670459431276638
0.0005879850056598033
0.0005879850056598033
0
0
0
0
0
0
0
0
0
0.0015718478972772572
0.0016011176481378084
0.0015657578240603751
0
0
0
0
0
0
0
0
0
0
0
0
0
0
0
0
0.002080422622342254
0
0
0
0
0
0
0
0
0
0
0
0
0
0.0011169764908512516
0
0
0
0
0
0
0
0
0
