1.8325814637483102
0.0007189413353269165
0
0
0
0
0
0
0
0
0
0
0.0008221540887161553
0
0
0.0007203543489576692
0
0
0.0007295308374794229
0.0015556718707540834
0
0
0
0
0
0
0
0
0
0.0007460132154481214
0
0.0013696423495876758
0.0007460132154481214
0.0007460132154481214
0
0.0005240438844004319
0.0012192824110101865
0
0
0.0005247942336048998
0.0005243437664515909
0
0
0
0
0
0
0
0
0
0
0
0
0
0.002698941772825199
0
0
0
0
0
0
0
0
0
0
0
0
0
0
0
0
0
0
0
0
0
0
0
0.0009063211986885806
0
0
0
0
0
0
0
0
0
0
0
0
0.0015195534525276205
0
0
0
0
0
0
0
0
0
