0
0
0
0
0
0
0
0.0007331224004682976
0
0.0006704339167354807
0.0006924411261945586
0
0.0013800286930933609
0
0
0.0014711140240198219
0
0
0
0
0
0
0
0
0
0
0
0
0
0
0.001324332467811566
0
0
0
0.001013415408597012
0.0023578933359040257
0
0
0.0010148664615875576
0.0010139953315776112
0
0.000773442532488815
0
0
0
0.001227967319426109
0.000773442532488815
0.000773442532488815
0
0
0
0
0
0.002609656615510862
0
0
0
0
0
0
0
0
0
0
0
0
0
0
0
0
0
0
0
0
0
0
0
0
0
0
0
0
0
0
0
0
0
0
0
0
0
0
0
0
0
0.0010236607983430822
0
0
0.0006825719730091971
0
