0
0
0
0
0
0
0
0
0
0.00044312636454897663
0
0
0
0
0
0
0.000486775969036968
0.0004662352633371597
0
0
0.0006495745876333584
0
0
0
0
0.000650295936425844
0.000650295936425844
0
0.00023838448636331061
0
0
0.00023838448636331061
0.00023838448636331061
0
0.0003349107753797384
0
0
0
0.000335390315436124
0.00033510242675334625
0
0.0005112103804028569
0.0007115327955667952
0
0.0007034132021038709
0
0.0005112103804028569
0.0005112103804028569
0
0
0
0
0
0
0
0
0
0.0009110719420481876
0.0009280372278153289
0.0009075420236365324
0
0
0
0
0
0
0
0
0
0
0
0
0
0
0
0.0008960849131621615
0
0.0011584401399633482
0.0008995260994646276
0.0008974582233739043
0
0.001203682406477847
0
0.0012149201052935115
0.0012149201052935115
0
0
0
0
0
0
0
0
0
0.0007274428456540032
0
0.0007274428456540032
0.0007274428456540032
0.00045114906837555665
0
