3.1702953813290654e-05
0.00040518489489428037
4.2711854793910084e-05
7.740500887938493e-05
0.00032067789392888047
0
0
2.5075764150830953e-05
2.3527997652390686e-05
5.350698116633987e-05
4.7368598634277767e-05
4.531787195495619e-05
1.573419573015535e-05
1.8249961443107017e-05
3.1765263077860804e-05
1.6772691836877932e-05
2.5190408126582878e-05
2.412743708302484e-05
2.5725009317724284e-05
0.000412300149337132
2.241010240434772e-05
3.727436774450086e-05
2.8840410160627364e-05
2.8235789402542933e-05
3.0402870304769703e-05
2.2434988692414738e-05
2.2434988692414738e-05
0.0004151241229627288
1.6448367447603885e-05
9.86701212088863e-05
3.0198366692854217e-05
1.6448367447603885e-05
1.6448367447603885e-05
0.00015152030488139602
3.4662923621709125e-05
2.6883176736552856e-05
2.4622434268762304e-05
2.2866674949088252e-05
3.4712555528383964e-05
3.468275934338106e-05
7.820402832588181e-05
5.290975290489603e-05
2.4547639510959254e-05
2.8275307652231584e-05
2.4267516297320682e-05
2.8000980343062327e-05
5.290975290489603e-05
5.290975290489603e-05
0.0001546125560014245
0.00011478810975863335
3.710322739672997e-05
2.668785643001251e-05
2.6565032633161697e-05
5.950723804865823e-05
0.00011478810975863335
0.00011478810975863335
0.0006000804153718654
3.1431672217066466e-05
3.201696880747935e-05
3.130989123211076e-05
3.2169916110699795e-05
0.0001389256022558342
0.00010041107016659776
3.358721083544384e-05
4.4499355324932755e-05
4.850589992201553e-05
0.0001389256022558342
0.0001389256022558342
0.0004298448365429674
0.00015949505776989055
4.2001470514593494e-05
3.0586990639696395e-05
0.00015949505776989055
0.00015949505776989055
0.0005664310462855926
6.182924963280634e-05
9.360327714680834e-05
3.9965790934756615e-05
6.206668914752524e-05
6.192400710350795e-05
0.0003409739631648855
0.00016610653498474385
3.358721083544384e-05
0.00018861448740422742
0.00018861448740422742
0.00010255181379451507
0.00011223726287510817
0.0001646959835667348
3.1517484114694963e-05
0.00017984605920640478
3.350366055973378e-05
0.00011223726287510817
0.00011223726287510817
5.247456446108953e-05
3.76447962438251e-05
7.002671513871566e-05
3.76447962438251e-05
3.76447962438251e-05
7.004020256458984e-05
2.813747537258979e-05
