0
0
0
0
0
0
0
0
0
0
0
0
0
0
0
0
0
0
0
0
0.0004913912484558723
0
0
0
0
0.0004919369355724252
0.0004919369355724252
0
0.0007213339474585285
0.0010817807337801437
0
0.0007213339474585285
0.0007213339474585285
0
0
0
0
0
0
0
0
0
0
0
0
0
0
0
0
0
0.0016271412689916212
0
0
0.002609656615510862
0
0
0
0.0006892091956172211
0.0007020431227939285
0.0006865388771529932
0
0
0
0.0014729483307829388
0
0
0
0
0
0
0
0
0
0
0
0
0
0
0
0
0
0
0
0
0
0
0
0
0
0
0.001469284280208852
0
0
0
0.0011005943117589289
0
0.0011005943117589289
0.0011005943117589289
0
0
