0.0007472086376256997
0
0
0
0
0
0
0.0007880160601191182
0
0.0009608449072054022
0.00024809623776317683
0.0002848265017658006
0.0007416802248083756
0.00028675622061245234
0.0007486772080612848
0.0002635443223063385
0.00026387293118701976
0.0005054763315573005
0.00026947295094905326
0
0.0008803081980532023
0.0005856810631328132
0
0.0004436605677400206
0
0.0008812857751748606
0.0008812857751748606
0
0.0009045690834626068
0
0
0.0009045690834626068
0.0009045690834626068
0
0.0009077470295052466
0
0
0.000359297267932071
0.0009090467818384443
0.0009082664841716302
0
0.0016627104472351885
0.0007714195290838025
0.0008885630125066052
0.00076261654346663
0.0004399710827692096
0.0016627104472351885
0.0016627104472351885
0
0
0
0.0008386767139180575
0.0004174084631400194
0
0
0
0
0.0009877530492975021
0.0010061462320696823
0.0009839260324462913
0
0.00022977860023017354
0
0
0.001398410291709184
0
0.00022977860023017354
0.00022977860023017354
0
0
0.0004399710827692096
0.001441812882140733
0
0
0
0
0
0.00031398529794063773
0
0
0
0
0
0
0
0
0.003527101513533164
0
0.000990449722989032
0
0.0005264330617213678
0.003527101513533164
0.003527101513533164
0
0.0023660059842334265
0.0003667696547868108
0.0023660059842334265
0.0023660059842334265
0.0002445601973944413
0
