0
0
0
0
0
0
0
0
0
0.0006283508160505679
0
0
0
0
0
0
0
0.0006611191109958802
0
0
0
0
0
0.0011605389285965415
0
0
0
0
0
0
0
0
0
0
0.0004749016891111384
0
0
0
0.0004755816743475518
0.00047517344973437795
0
0
0
0.0011621631958164105
0
0.0011508878772152813
0
0
0
0
0
0
0.0010918679860760362
0
0
0
0
0.0012918951433851815
0.0013159518279093907
0.0012868897379478116
0
0.001202121756657004
0
0
0
0
0.001202121756657004
0.001202121756657004
0
0
0
0
0
0
0
0
0
0.0008213309628198075
0
0
0
0
0
0
0
0
0
0
0
0
0
0
0
0
0.0010315100663488516
0
0.0010315100663488516
0.0010315100663488516
0
0
