0.0006951576468936349
0
0
0
0
0
0
0.0014662448009365953
0.0034393572242466526
0.0006704339167354807
0
0.0007949559631816399
0
0
0.0006965239158537247
0.0007355570120099109
0
0
0.0007521039227215091
0
0
0
0
0
0
0
0
0
0
0
0
0
0
0
0
0
0
0
0
0
0
0
0
0
0
0.001227967319426109
0
0
0
0
0
0.0023407620104780387
0.0011649946363786164
0
0
0
0
0
0
0
0
0.0012826325312572389
0.0017613885108666752
0.0014729483307829388
0
0
0.0012826325312572389
0.0012826325312572389
0
0
0
0
0
0
0
0
0
0
0
0
0
0
0
0
0
0
0
0
0
0
0
0
0
0
0
0
0
0
0
0.004935812930172355
