0.00045946762710982546
0
0
0
0
0
0
0
0
0.00044312636454897663
0.00045767213032549633
0
0.00045606813921454247
0
0.00046037066882977405
0
0.000486775969036968
0.0004662352633371597
0
0
0.0003247872938166792
0
0.0008359621566759066
0
0.0008812513028615087
0.000325147968212922
0.000325147968212922
0
0.00023838448636331061
0.0007150079252154732
0
0.00023838448636331061
0.00023838448636331061
0
0.0003349107753797384
0.000779230193947402
0.0007137007809280593
0
0.000335390315436124
0.00033510242675334625
0
0
0
0
0
0
0
0
0
0
0.0010754664660265795
0
0
0.0017248644793857806
0
0
0
0
0
0
0
0
0
0
0
0
0
0
0
0
0
0
0
0
0
0.0008960849131621615
0.0009043884027049769
0.0005792200699816741
0.0008995260994646276
0.0008974582233739043
0
0
0.000973551938073936
0
0
0
0
0
0.0018271185358860297
0
0
0
0
0
0
0.0006765932879855257
0
0
0
0
