0.0009987961363773148
0
0
0
0
0
0
0.0005266717731952368
0.000494163694026742
0.0009632733074634034
0.0004974465321660366
0.0005710927213157862
0.00049570314478695
0
0.0010007591790981822
0.0010568415739417912
0
0
0
0
0.0003530132212459478
0
0
0.0008895637147539395
0
0.000353405240370041
0.000353405240370041
0
0
0.0007771463222300901
0
0
0
0
0
0
0
0
0
0
0
0.0005556375712845428
0
0
0
0
0.0005556375712845428
0.0005556375712845428
0
0
0
0
0
0
0
0
0
0
0
0
0
0.0004607186665989459
0
0.0010581593315152848
0
0
0.0004607186665989459
0.0004607186665989459
0
0
0.0017643321910088532
0
0
0
0
0
0.0019659701556955793
0
0
0
0
0
0.0010581593315152848
0
0
0
0
0
0
0
0
0
0
0
0.0007906619104427874
0.0007353932269283001
0.0007906619104427874
0.0007906619104427874
0
0
