0.0004993980681886574
0
0
0
0
0
0
0
0
0
0
0
0.0009914062895739
0.0005749619131946195
0.0005003795895490911
0
0.0005290796657576424
0
0.0005403080118051305
0
0
0
0.0009086121883032745
0
0.0009578372278501787
0
0
0
0.0005182030025698708
0.0015542926444601802
0.0009513943765417695
0.0005182030025698708
0.0005182030025698708
0
0.0007280329858809767
0
0.0015514511588213134
0.0007204106824068408
0.0007290754157003938
0.0007284495998929257
0
0.0005556375712845428
0
0
0
0
0.0005556375712845428
0.0005556375712845428
0
0
0
0
0.0008369268085554817
0
0
0
0
0
0
0
0
0.0013821559997968377
0
0
0
0.0015281700790070677
0.0013821559997968377
0.0013821559997968377
0
0
0
0
0
0
0
0
0
0
0
0
0
0
0
0
0
0
0
0
0.0009929529452518623
0
0
0
0
0
0
0.0007353932269283001
0
0
0
0
