0
0.0006656326285635008
0
0
0
0
0
0
0.0011080095928883119
0.000539960785334902
0
0
0
0
0
0
0.0005931489424938262
0.0011362391366561671
0
0
0.0035618544649920446
0
0
0
0
0.0035658098836094704
0.0035658098836094704
0
0.0005809551620761839
0.002613766219121146
0
0.0005809551620761839
0.0005809551620761839
0
0
0
0.0008696626176966154
0
0
0
0
0
0
0
0
0
0
0
0
0
0
0
0
0
0
0
0
0
0
0
0
0.0005165097197394664
0
0.0011862978849876524
0
0
0.0005165097197394664
0.0005165097197394664
0
0.015022277427791008
0.0009889926234512446
0
0.015022277427791008
0.015022277427791008
0
0
0
0
0
0
0
0
0
0
0
0
0
0
0
0
0.0011833468952240015
0
0
0
0
0.002473338571300079
0
0
0
0.0009938136181338064
