0.7985076962177716
0
0
0
0
0
0
0
0.0006607428185500799
0.0006199593914734251
0.0006042434326279014
0.00031203895905344733
0.0007164716879477538
0.0003109453645707833
0.0007213258321750421
0
0.0009944055992749336
0.0003318818355019832
0.0015893863380130806
0.0006778503363478537
0
0.0004428772580242771
0
0
0
0.0006008334809765023
0.0004433690706372969
0.0004433690706372969
0
0.00016252955347400197
0.0004874894360303856
0
0.00016252955347400197
0.00016252955347400197
0.003992538481088858
0
0
0.0009731964609601117
0.0009038004484638049
0
0
0.0010303325112487375
0.00034854111576506833
0
0
0
0.0005533663868453026
0.00034854111576506833
0.00034854111576506833
0.002037009429126968
0
0
0.0010548318311991698
0
0.001176005443619693
0
0
0
0
0
0
0.0019072636056156965
0
0
0.0006637636710039664
0
0
0
0
0
0
0
0
0
0
0
0.0012218939498359167
0
0
0.0012265863229151638
0.0012237665842417956
0.003369230785728994
0
0
0
0
0.0020266692797405368
0
0.0007232859567189961
0
0
0.0013242250351870176
0
0
0.0010370229821010022
0.0004959675131787401
0.0013838954873791535
0.0004959675131787401
0.0004959675131787401
0
0.0011121277106097098
