1.4271163556401458
0.001119746061702743
0
0
0
0
0
0
0
0.0005540047964441559
0
0
0.0006402495987618419
0.0005557306680841689
0
0.0011219468204718129
0
0.0005931489424938262
0
0
0
0
0
0
0
0.0010738272051468367
0
0
0
0.00029047758103809197
0
0
0.00029047758103809197
0.00029047758103809197
0
0
0
0
0
0
0
0
0.0018687686891839534
0.0008670208721993594
0.0009986818443947837
0.0008571269403244119
0.003955970493804978
0.0018687686891839534
0.0018687686891839534
0
0
0
0
0
0
0
0
0
0.0011101644151226338
0.0011308370488432218
0.0011058631194421898
0
0
0.0014186047272764868
0
0
0
0
0
0
0
0
0.001080330322210557
0
0
0
0
0
0
0
0
0
0
0
0
0
0
0
0.0025853557167393945
0
0
0
0
0
0
0
0.0008244461904333598
0
0
0
0
