0.0004993980681886574
0
0
0
0
0
0
0.0021066870927809473
0.0014824910820802261
0.0004816366537317017
0.0019897861286641465
0.002855463606578931
0
0.0005749619131946195
0.0005003795895490911
0.0010568415739417912
0.0010581593315152848
0.0010135077036726812
0.001080616023610261
0
0.0003530132212459478
0
0
0.0008895637147539395
0
0.000353405240370041
0.000353405240370041
0
0
0.0023314389666902703
0
0
0
0
0
0.0008469498841070444
0
0
0
0
0
0
0.002320107550084242
0
0
0
0
0
0
0
0
0.003363185405053864
0
0
0
0
0
0
0
0
0
0
0
0.0021163186630305695
0.0028038891537728802
0
0
0
0
0
0.0017643321910088532
0.0009636379075040784
0
0
0
0
0
0
0
0
0
0
0.0010581593315152848
0
0
0
0
0
0.0009929529452518623
0
0
0
0
0
0
0.0007353932269283001
0
0
0
0.0017729326961182278
