1.6094379124341003
0.0006313997302605336
0
0
0
0
0
0
0
0
0
0
0.0007220448238825035
0
0.0007269367264833334
0.0006326406888498823
0
0
0.0006406998059052948
0
0
0
0.0014847213214336718
0
0
0
0
0
0
0
0
0
0
0
0
0
0
0.0009807665523669106
0.0009108307370877761
0
0
0
0.0007025045449297688
0
0
0
0
0.0007025045449297688
0.0007025045449297688
0
0
0
0
0
0
0
0
0
0.0012519937086224039
0.001275307379107845
0.0012471428999876793
0
0
0
0
0.003545017428268944
0
0
0
0
0.004235362927458158
0.0011153415886584201
0.0012183481547570782
0.004235362927458158
0.004235362927458158
0
0
0
0
0
0
0
0
0
0
0
0
0
0
0
0
0
0
0
0
0
0
0
0
0
0
