1.7147984280919266
0
0
0
0
0
0
0
0.0007094739048787449
0.0013313652392018063
0
0.0006701048956982911
0
0
0
0
0.001423659965207079
0
0
0.0007278431358624476
0
0
0
0
0
0
0
0
0
0.0003490328573360323
0
0
0.0003490328573360323
0.0003490328573360323
0
0
0.0011409171178256331
0
0.0009704575144832636
0
0
0
0
0
0
0
0
0
0
0
0
0
0.0022652555192759927
0
0
0
0
0
0
0
0
0
0.0006206291813579177
0.0017045710020794497
0.0014254351023208036
0
0.002058581546328843
0.0006206291813579177
0.0006206291813579177
0
0
0
0
0
0
0
0
0
0
0
0
0
0
0.0014254351023208036
0
0
0
0
0
0
0
0
0
0
0
0
0
0
0
0
0
