1.6607312068216509
0
0
0
0
0
0
0
0
0
0
0.0006489766341624271
0
0
0
0
0
0
0.0006611191109958802
0.0007048944001789689
0
0
0
0
0
0
0
0
0
0.0003380279272993387
0
0
0.0003380279272993387
0.0003380279272993387
0
0
0
0
0
0
0
0
0.0007248935865655394
0.0010089497003776737
0
0
0
0.0007248935865655394
0.0007248935865655394
0
0
0
0
0
0
0
0
0
0.0006459475716925907
0.0006579759139546953
0.0006434448689739058
0
0
0
0
0
0
0
0
0
0
0
0
0
0
0
0.0012706436165429616
0
0
0.0012755232003238486
0.001272590963081725
0
0
0
0
0
0
0
0.0015042855134254085
0.001295422158207216
0
0
0
0
0
0
0
0
0
0
0.001156498054889729
