1.2729656758128876
0.0009987961363773148
0
0
0
0
0
0
0
0.0024708184701337102
0
0
0
0
0
0.0010007591790981822
0
0.0010581593315152848
0
0.0005403080118051305
0
0.0003530132212459478
0
0
0
0
0.000353405240370041
0.000353405240370041
0
0.0010364060051397416
0
0
0.0010364060051397416
0.0010364060051397416
0
0
0
0
0
0
0
0
0.0005556375712845428
0
0.0008908087304498862
0.0015290878988743393
0
0.0005556375712845428
0.0005556375712845428
0
0
0
0
0.0008369268085554817
0.0018747653546581555
0
0
0
0
0
0
0
0
0
0.0010581593315152848
0
0
0
0
0
0
0
0.0019272758150081569
0
0
0
0
0.0009829850778477897
0.0006295577031715567
0
0
0
0.0013082894920995762
0
0.0013205038130839084
0.0013205038130839084
0
0
0.0011530486193957316
0.0009929529452518623
0
0.001055527094372212
0
0
0
0
0
0
0
0
0
