0
0
0
0
0
0
0
0
0
0
0.00044526544868634814
0
0
0.0005146496310697221
0
0
0
0
0.0009672617004994608
0
0.0003159828849662687
0
0
0
0
0.0003163337821178137
0.0003163337821178137
0
0.0002319223047401516
0
0
0.0002319223047401516
0.0002319223047401516
0
0.0003258319368568387
0
0
0.0006448411336663072
0.0003262984774308032
0.0003260183929008197
0
0
0
0
0.0013686898296556935
0.0015792574957565694
0
0
0
0
0.0031389374192516938
0
0.0014982699318716172
0
0
0
0
0
0
0
0
0.0008247805162420302
0
0.0009471606676545011
0
0
0.0008247805162420302
0.0008247805162420302
0
0
0.0015792574957565694
0.0008625543400366122
0
0
0
0.0017435872734328458
0.0008798720333500886
0
0.0017502830770942624
0.0017462594378365745
0
0
0
0
0
0
0
0
0
0
0.000944804546590684
0
0
0
0.001415446314519708
0
0.001415446314519708
0.001415446314519708
0.0017556768616153542
0
