0
0
0
0
0
0
0
0.0011146658237208187
0.0005229323167572241
0.0005096759924202079
0.0010528125423732782
0
0.0005245613893950971
0.001216868697350144
0
0.0022367349903970267
0.0005598809841922733
0.0005362554331077267
0.0022870520338991672
0
0.000373564516906991
0
0
0.0009413512564406774
0.0010135994341358987
0.0003739793581250998
0.0003739793581250998
0
0.00027418555830787896
0.001644778568945799
0.0010067815007224286
0.00027418555830787896
0.00027418555830787896
0
0
0
0.0008208858305707553
0
0
0
0
0
0
0
0
0.0009335229715638319
0
0
0
0
0
0.003558979254865547
0
0
0
0
0
0
0
0
0
0
0
0
0
0.004851405694957777
0
0
0
0
0
0.002039475621448311
0
0
0
0
0
0
0
0
0
0
0
0
0
0
0
0
0
0
0
0
0
0
0
0.0015564109161948115
0
0
0
0
