0.0005598730308513715
0
0
0
0
0
0
0.0005904494644766842
0
0
0.0005576851721923196
0
0.0005557306680841689
0
0.0005609734102359064
0.0005924102763138837
0
0
0
0
0
0
0
0
0
0
0
0
0.0005809551620761839
0.0017425108127474308
0
0.0005809551620761839
0.0005809551620761839
0
0
0
0
0
0
0
0
0
0.0008670208721993594
0
0.0008571269403244119
0.0009889926234512446
0
0
0
0
0.0013104833385125306
0
0.0018765501060356948
0
0
0
0
0
0
0
0
0.0015495291592183995
0.0014186047272764868
0
0
0
0.0015495291592183995
0.0015495291592183995
0
0
0
0.001080330322210557
0
0
0
0
0.0011020203518456724
0
0
0
0
0
0
0
0
0
0
0.0025853557167393945
0.0011131952852107222
0.004234766633947021
0
0
0
0
0
0
0
0
0
0
