0.0005437843777127015
0.00021550161361779787
0
0
0
0
0
0.0007646428789351404
0.0005380847743748742
0.0001748147785079677
0.0005416593899139022
0.0010364187070357976
0.00035984070062037275
0.0008347524111952278
0.0005448531363166964
0.0009589777077554145
0.0009601734405581019
0.0009196565676683093
0.0007844405086529009
0
0.0006406481691577352
0.00042623197379756326
0.0009893692924979843
0.0009686277978963494
0.0003476564782517371
0.0007696315262574547
0.0007696315262574547
0
9.404344791299789e-05
0.0002820729301566292
0.0003453179817612546
9.404344791299789e-05
9.404344791299789e-05
0
0.0006606168996233324
0.0012296352883474613
0.0008446717725714051
0.000522960339101934
0.0006615628001096199
0.0006609949350451482
0
0.00020167414211984226
0.0008421059409414798
0.0009699834701117395
0.0002774987745324676
0.0009605726810739265
0.00020167414211984226
0.00020167414211984226
0
0
0.0004242749858554257
0.0018310520195372203
0.0003037708478609853
0
0
0
0
0.0001797104082444802
0.00018305683819198044
0.00017901412615132066
0
0.0008361119428095523
0.000918559561822184
0.0011522081286697223
0.0010176992502126843
0
0.0008361119428095523
0.0008361119428095523
0
0
0
0.001399047568801086
0
0
0
0
0.00035678413868460126
0.0002285041837767352
0
0
0
0.0009497131749158451
0.0003840693762232408
0.000958579791694105
0.000958579791694105
0
0
0
0.001441608298273194
0
0.000766227959529948
0
0
0
0
0.0002669182320026335
0
0
0.00017797976101562352
0.000965255138432922
