0.000287943968254296
0
0
0
0
0
0
0.0003036694973438976
0.00028492592200318344
0.0005554061105412036
0.0002868187475889803
0.00032928181923741614
0.0002858135416978974
0
0.0002885098958648587
0.0003046779473143215
0.0003050578450042396
0.00029218518116250024
0.0003115319079287778
0
0.0002035410912590684
0.0006770933349448344
0.0005238894897074951
0.0005129064815375266
0.0005522717645449214
0.00020376712245424782
0.00020376712245424782
0
0
0
0.0005485569320479825
0
0
0
0.00020988538034892782
0.0004883361111644714
0.00044726945464972615
0.00041537587723837043
0.00021018590351666683
0.00021000548643210318
0
0.000320370656953383
0.00044591079895516433
0.002054497341022255
0.0004408223273754958
0.0020345645878869036
0.000320370656953383
0.000320370656953383
0
0
0
0
0.00048255698558856056
0
0
0
0
0
0
0
0
0.0005312842382049949
0
0.0006101156900084792
0
0.0008811154562787521
0.0005312842382049949
0.0005312842382049949
0
0
0
0.0011112326647694179
0
0
0
0
0.0011335431275369893
0
0
0
0
0
0.0006101156900084792
0
0
0
0
0
0.0011450377146336981
0.00217795007442196
0.0012171959785741303
0
0
0
0
0.0004240145436627386
0
0
0.0005654616140833594
0.0005111205954597496
