1.8325814637483102
0
0
0
0
0
0
0
0.0022746149736222305
0
0.0034668586147338447
0
0
0
0
0
0.00228216869707137
0
0
0
0
0.0010164068018570773
0
0
0
0
0.001017535515684792
0.001017535515684792
0
0.0003730066077240607
0
0
0.0003730066077240607
0.0003730066077240607
0
0
0.002438564822020373
0
0
0
0
0
0
0
0
0
0
0
0
0
0
0
0
0
0
0
0
0
0.0007127893674633646
0.0007260623865880786
0.0007100276883953159
0
0
0
0
0
0
0
0
0
0
0
0
0
0
0
0.004206384385038202
0
0
0.004222537934903941
0.004212830951145541
0
0
0
0
0
0
0
0
0
0
0
0
0
0
0
0
0
0
0
0
