1.8325814637483102
0
0
0
0
0
0
0
0
0.0007114058477283812
0
0.0007161318732896875
0
0.0007136220653225507
0.0016554484767374075
0
0
0
0
0.0007778359353770417
0
0
0
0
0
0
0
0
0
0
0
0
0
0
0
0
0
0
0
0
0
0
0
0
0
0
0
0
0
0
0
0
0
0
0
0
0
0
0
0
0
0
0.0006632578587579841
0
0.0015233428626336744
0
0.002199977747597011
0.0006632578587579841
0.0006632578587579841
0
0
0
0
0
0
0
0.0014021281283460674
0
0.0009063211986885806
0.0014075126449679802
0.0014042769837151804
0
0
0
0
0
0
0
0
0.0014294707205525041
0
0
0
0
0
0
0
0
0
0
0.0012761709357578762
