1.3093333199837622
0
0.0006106965111864562
0
0
0
0
0
0
0.0005082815683166779
0.0004953966401754681
0
0.0005874083983776412
0
0.0005913881300739667
0
0
0
0.0010424628343819763
0
0
0.00036309853576920755
0
0
0
0
0.0003635017545762805
0.0003635017545762805
0
0.0005330076613001271
0
0
0.0005330076613001271
0.0005330076613001271
0
0.0007488323248405847
0
0.0007978874588566498
0
0.0007499045360731743
0.0007492608411924248
0
0
0
0
0
0.0009073688981176453
0
0
0
0
0.0036069788429304744
0
0
0.001928325949902448
0
0
0
0.0005092700583367414
0.0005187532963485587
0.0005072969081688347
0
0
0
0
0
0
0
0
0
0
0
0
0
0
0
0
0
0.001295087359034384
0
0
0
0
0
0
0
0
0
0.003557970978216745
0.0010213208424210314
0
0
0
0
0
0
0.0007564028422783144
0
0
0
0.000911792005559723
