1.2378743560016172
0
0
0
0
0
0
0
0
0
0.0004683595747263024
0.00048373362876186687
0
0.0004820383006236827
0.0016773365257474488
0
0.0005138540290583716
0.002057978979221309
0
0
0
0.0010298455540778846
0
0
0
0
0.0010309891915615912
0.0010309891915615912
0
0.0005039179141060929
0
0
0.0005039179141060929
0.0005039179141060929
0
0.0007079636008016113
0
0
0.0021016542546716762
0.000708977294388097
0.0007083687301869054
0
0.0005403205395031065
0
0.0017325043470981345
0
0
0.0005403205395031065
0.0005403205395031065
0
0
0
0
0.0016277111847490036
0
0
0
0
0
0
0
0
0
0
0
0
0
0
0
0
0.003257564094741098
0
0
0.003257564094741098
0.003257564094741098
0
0
0
0
0
0
0
0.0012722244152123508
0
0.0012841020290473208
0.0012841020290473208
0
0
0
0
0
0.0020528596285267283
0
0
0
0
0.0007151209451193628
0
0
0
0
