1.2378743560016172
0
0
0
0
0
0
0
0
0
0
0
0
0
0
0
0
0
0
0
0
0.0003432818513592949
0
0
0
0
0.0003436630638538638
0.0003436630638538638
0
0.00025195895705304645
0
0
0.00025195895705304645
0.00025195895705304645
0
0.00035398180040080565
0
0
0
0.0003544886471940485
0.0003541843650934527
0
0.0005403205395031065
0
0
0
0
0.0005403205395031065
0.0005403205395031065
0
0
0
0
0
0
0
0
0
0.00048147582886099463
0.0004904415039626059
0.0004796103665252295
0
0.0004480182251182111
0
0
0
0
0.0004480182251182111
0.0004480182251182111
0
0
0
0
0
0
0
0.0009471112134671899
0
0.0006122029455992172
0.0009507483533038535
0.0009485627249054538
0
0.0012722244152123508
0
0.0012841020290473208
0.0012841020290473208
0
0
0
0
0
0
0
0
0
0.0007688660596283337
0
0.0007688660596283337
0.0007688660596283337
0.00047683912018552284
0
