0.0005765696234048417
0
0
0
0
0
0
0.0006080579106574024
0
0
0
0.0006593431897976409
0.0005723037266584664
0
0.0005777028184193953
0
0.0006108378927925776
0
0
0
0
0
0
0
0.0011058509932723413
0
0
0
0.000299140234084865
0
0.001098412533676339
0.000299140234084865
0.000299140234084865
0
0
0
0
0
0
0
0
0.0006414997686857013
0.0017857545201202206
0.0010284646396493643
0.0017653765406113412
0.0010184864657373123
0.0006414997686857013
0.0006414997686857013
0
0
0.0013495647107979263
0
0
0
0
0
0
0
0
0
0
0
0
0
0
0
0
0
0
0
0
0.0011125480469787597
0
0
0
0
0
0.0007268427151626814
0
0
0
0
0
0
0
0
0
0.0013312282337490414
0.0011463931123704694
0
0
0
0
0
0
0
0
0
0
0
