1.2378743560016172
0.0004856313675957698
0
0
0
0
0
0
0
0.000961082574535417
0.0009367191494526048
0.00048373362876186687
0
0
0.0011182243504982991
0.00048658583176164203
0
0.0005144947448053272
0
0
0
0.0006865637027185898
0.002283901025833242
0
0
0
0.0006873261277077276
0.0006873261277077276
0
0.0007558768711591393
0.0007557230500620373
0
0.0007558768711591393
0.0007558768711591393
0
0.00035398180040080565
0.002470807097807619
0
0.000700551418223892
0.0003544886471940485
0.0003541843650934527
0
0.0016209616185093197
0
0
0.001486936163365306
0
0.0016209616185093197
0.0016209616185093197
0
0
0
0
0
0
0
0
0
0
0
0
0
0
0
0
0
0
0
0
0
0
0.0008578477865569073
0.0009370736987143204
0
0
0
0
0
0
0
0
0
0
0
0
0
0
0
0
0
0.0036732176735953036
0
0
0
0
0
0
0
0
0.00047683912018552284
0.0008620294958228532
