1.3470736479666094
0
0
0
0
0
0
0
0
0.0005229323167572241
0.0010193519848404158
0
0
0.0005245613893950971
0
0
0.0005591837475992567
0.0005598809841922733
0
0
0
0
0.0012426878671278686
0.0009615086709254886
0
0
0
0
0
0.0010967422332315159
0
0
0.0010967422332315159
0.0010967422332315159
0
0.0007704167274616012
0.0008962565854734594
0
0
0.0007715198441962254
0.0007708575954029239
0
0
0
0
0.0008090532420219876
0.0009335229715638319
0
0
0
0
0
0
0
0
0
0
0
0.0020957971963696765
0.002134823530850411
0.002087677098747167
0
0.00048754022727709353
0
0
0
0
0.00048754022727709353
0.00048754022727709353
0
0
0
0
0
0
0
0
0
0
0
0
0
0
0
0
0
0
0
0
0
0
0.0011169764908512516
0
0
0
0.0008366917068115587
0
0.0008366917068115587
0.0008366917068115587
0
0
