0
0
0
0
0
0
0
0
0
0
0
0.0006792856584252021
0
0
0
0
0
0.0006027578553462482
0.0012853376338113544
0
0.000839782436289393
0
0
0
0.0011392985196612307
0.0008407150097888815
0.0008407150097888815
0
0
0
0
0
0
0
0.0008659580970144556
0
0.0009226860040400826
0
0.0008671980141064006
0.000866453638128627
0
0
0
0
0
0.0010492915680040025
0
0
0
0
0
0
0
0
0
0
0
0.000588925605845887
0.0005998921286171852
0.0005866438328670188
0
0.0016440040528010592
0
0
0
0
0.0016440040528010592
0.0016440040528010592
0
0
0
0.0011461981321951367
0
0
0
0
0
0
0
0
0
0
0
0
0
0
0
0
0
0
0
0
0
0
0.0009404520078445811
0
0.0009404520078445811
0.0009404520078445811
0
0
