0.6733445532637655
0.0005283205596420287
0
0
0
0
0
0
0
0
0
0
0.00030208369370290065
0
0.0006082606623882253
0.0005293589255218283
0.0002795120603004423
0.0002798605790788718
0.0002680511756623271
0.0002857998952732451
0
0.000186728938786402
0.0006211665620514442
0.0004806170972617884
0.000470541267130514
0.0005066550438403051
0.00018693630018427695
0.00018693630018427695
0
0
0
0.0005032470502718726
0
0
0
0.00019254920024700187
0.00044800036810629777
0.0004103257484849272
0.0003810665270309935
0.00019282490070554568
0.00019265938576931775
0
0.00029390857846519665
0
0.00047119982733643493
0.00040441114310136065
0.00046662824204003154
0.00029390857846519665
0.00029390857846519665
0
0
0
0
0.0008853971772041625
0
0
0
0
0.00026189986513565366
0.00026677676436757746
0.0002608851426825903
0
0
0
0.0005597211581577436
0.0014831377825193074
0
0
0
0
0
0
0.0010194467119814768
0
0
0
0.00051518328482308
0.0005199571839874638
0.00033300917569919163
0.0005171617152563483
0.0005159728377500119
0
0.0013840586911896516
0.0011194423163154873
0.0013969804009621692
0.0013969804009621692
0
0
0
0.001050459521472333
0
0.0005583288169682965
0
0
0
0.00041822643059861216
0.00038899165410962767
0.00041822643059861216
0.00041822643059861216
0
0.00046890289224496204
