0.0008821010877262318
0.0005243646624566616
0
0
0.008922522510373669
0
0
0.0004651377063744652
0.0002182138657428343
0.00042536429674880155
0.001537644559232039
0.0005043687017977041
0.0006566809791513331
0.0017772504187329669
0.0008838347769709768
0.0009333647457925134
0
0.000447546909357915
0
0
0.00015588433670369974
0.0005185598875955177
0.0008024538446160474
0.0007856309128630904
0
0.0001560574453507888
0.0001560574453507888
0
0.0019450481597008346
0.0003431739427066796
0
0.0019450481597008346
0.0019450481597008346
0
0.0012859454804770747
0.0011219938486098627
0.0010276397041198194
0.0009543614909228203
0.0012877867540745504
0.0012866813577191215
0
0
0
0.00039336523313753755
0.0006752179197039534
0.0003895487998292039
0
0
0
0
0
0
0
0
0
0
0
0.0008745529648440936
0.0008908382221133775
0.0008711645380140119
0
0.00020344513867301528
0
0.0009345285422336512
0
0.0006748126268349833
0.00020344513867301528
0.00020344513867301528
0
0
0.0011686463994876118
0
0
0
0
0.0008601666689419145
0.0008681373253336544
0.000556002886403107
0.0008634699203587423
0.0008614849320360785
0
0.0011554345696886768
0.0014017928133504768
0.0011662218218953138
0.0011662218218953138
0
0
0
0
0
0.0009322038443673984
0
0
0
0.0010474265555656048
0.0006494730423495565
0.0010474265555656048
0.0010474265555656048
0.0008661308446125443
0.00039144771459160253
