1.5606477482646683
0.0012245176526203753
0.0007279140616906103
0
0
0
0
0
0.0006456962135972976
0
0
0
0.0021004680326576963
0.0006077288739348397
0
0.001226924330396752
0.0006478404932605514
0
0
0
0
0
0
0
0
0
0
0
0
0.0006353135551657515
0.0019055528061839662
0.0011664033993009479
0.0006353135551657515
0.0006353135551657515
0
0
0
0
0.0008832188728153189
0
0
0
0
0
0
0.0009373259749337347
0
0
0
0
0
0
0
0
0
0
0
0
0
0
0
0.001242553939701169
0
0
0.001297296548848436
0
0
0
0
0
0
0
0
0
0
0
0.0011940686673792412
0
0.003859168516974946
0.0011986541845350755
0.0011958986576740755
0
0
0
0
0
0
0
0
0
0
0
0
0
0.0020268152574865824
0
0
0
0
0
0
