1.8325814637483102
0
0
0
0
0
0
0
0
0
0
0
0
0
0
0
0
0
0.0007295308374794229
0.0007778359353770417
0
0
0
0
0
0
0
0
0
0.0007460132154481214
0
0.0027392846991753515
0.0007460132154481214
0.0007460132154481214
0
0.0010480877688008637
0
0
0
0.0010495884672097997
0.0010486875329031818
0
0
0
0
0.0011006495277767628
0.0012699802243578034
0
0
0
0
0
0
0.0012048530333650955
0
0
0
0
0.0007127893674633646
0.0007260623865880786
0.0007100276883953159
0
0
0
0
0
0
0
0
0
0
0
0.0013872683298624604
0
0
0
0
0
0
0
0
0
0
0
0
0
0
0
0
0
0
0
0
0
0
0
0
0
0
0
0
