0.0005598730308513715
0.0006656326285635008
0
0
0
0
0
0.0005904494644766842
0.0011080095928883119
0
0
0.0006402495987618419
0.0011114613361683377
0
0.0005609734102359064
0.001777230828941651
0.0005931489424938262
0
0
0
0
0
0
0.0009972860626416113
0.0010738272051468367
0
0
0
0
0
0.0010666041521974184
0
0
0
0
0
0
0
0
0
0
0.0012458457927893023
0.0008670208721993594
0
0
0
0.0012458457927893023
0.0012458457927893023
0
0
0
0.001885226361479717
0
0
0
0
0
0
0
0
0
0
0
0.0011862978849876524
0
0
0
0
0
0
0
0
0
0
0
0
0
0
0
0
0
0
0
0
0
0
0
0.0012926778583696973
0
0
0
0
0
0
0.0008864076743106496
0.0008244461904333598
0.0008864076743106496
0.0008864076743106496
0
0.0019876272362676127
