0.0006951576468936349
0
0
0
0
0
0
0.0007331224004682976
0
0
0
0
0.0006900143465466804
0
0.0006965239158537247
0
0.0014729483307829388
0.0007053968319792498
0.0007521039227215091
0
0.0009827824969117446
0
0.0012647800442054785
0
0
0.0009838738711448504
0.0009838738711448504
0
0.00036066697372926426
0.0021635614675602874
0.001324332467811566
0.00036066697372926426
0.00036066697372926426
0
0
0
0
0
0
0
0
0
0
0
0
0
0
0
0
0
0
0
0
0
0
0
0
0
0
0
0
0
0
0
0
0
0
0
0
0
0
0
0
0
0
0
0
0
0
0
0
0
0
0
0
0
0
0
0
0
0.001469284280208852
0
0
0
0
0
0
0
0
0
