0.00031326312130944354
0
0
0
0
0
0
0
0
0.0006042434326279014
0
0
0.0003109453645707833
0
0.0003138788114063568
0
0
0.0015893863380130806
0
0
0.0004428772580242771
0.000736630716068055
0
0
0.0012016669619530046
0.0004433690706372969
0.0004433690706372969
0
0.00016252955347400197
0.0004874894360303856
0.0005967920001627591
0.00016252955347400197
0.00016252955347400197
0
0.00045668155345597464
0
0
0
0.00045733545029654735
0.00045694288767826705
0
0.00034854111576506833
0.00048512010705818444
0.0005587877510271319
0.0014387526057977867
0
0.00034854111576506833
0.00034854111576506833
0
0
0
0
0
0
0
0
0
0.0003105825345071068
0.00031636596522098716
0.00030937919264539777
0
0.0011560010079157026
0.0023812356746056806
0
0.0017588275247087482
0
0.0011560010079157026
0.0011560010079157026
0
0.002101336042678346
0.0005533663868453026
0.0006044721394532715
0.002101336042678346
0.002101336042678346
0
0
0
0.0007898196797406248
0
0
0
0.0008206656692885629
0.0006637636710039664
0.0008283274857030826
0.0008283274857030826
0
0
0
0.0006228609174865614
0.0023694590392218744
0
0
0
0
0
0
0
0
0.0006151831249751708
0
