0.0006995669825686807
0.000415857331755496
0
0
0
0
0
0
0.001038351846991984
0
0
0.0007999983125022732
0.0006943910586322302
0.0004027091776349519
0.0007009419176759304
0.0007402225979940087
0.0022234367064433505
0
0.0007568744645872525
0
0.0004945081083104734
0
0.0006364012271832858
0
0
0.0004950572566817232
0.0004950572566817232
0
0.00018147732938810982
0
0
0.00018147732938810982
0.00018147732938810982
0
0.002804569434407097
0.0011864246430921936
0.0005433260934087651
0.001513748929174505
0.0028085851409282987
0.002806174338232223
0
0
0
0
0.0005354943659362063
0
0
0
0
0
0
0.001177804648987825
0
0
0
0
0
0.00034679040034375086
0.0003532480662772518
0.0003454467722912761
0
0
0
0.0007411455688144502
0.0019638725094356466
0
0
0
0
0
0
0
0
0
0
0
0
0.000440948624769428
0
0
0
0
0.0007411455688144502
0
0
0
0.004953322884909909
0
0.0013909487040308635
0
0.0022179057693626457
0.004953322884909909
0.004953322884909909
0
0.0011075753034581162
0.0015452307093306473
0.0011075753034581162
0.0011075753034581162
0
0
