0
0
0
0
0
0
0
0.000687104347050745
0
0.0006283508160505679
0.0006489766341624271
0.0007450566203775912
0
0.0015002088589174804
0
0
0.0006902457218710104
0.0006611191109958802
0.0007048944001789689
0
0
0
0.0011853898692517136
0
0
0
0
0
0.0003380279272993387
0
0
0.0003380279272993387
0.0003380279272993387
0
0
0
0.0010120238920302564
0
0
0
0
0
0
0
0.0019948723205064876
0
0
0
0
0
0
0
0
0
0
0
0
0
0
0
0
0
0
0
0
0
0
0
0
0
0
0
0
0
0
0.0012706436165429616
0
0
0.0012755232003238486
0.001272590963081725
0
0
0.0013804914437420207
0
0
0
0
0
0
0
0
0
0
0
0
0.0009594056654082327
0
0
0
0
