1.7719568419318754
0.0006951576468936349
0
0
0
0
0
0
0
0
0
0
0
0.0006900143465466804
0
0.0006965239158537247
0
0
0
0
0
0
0
0
0
0
0
0
0
0
0
0
0
0
0
0
0
0
0
0
0
0
0.000773442532488815
0.0010765229902380774
0.001239997790015308
0.001064238343502628
0.001227967319426109
0.000773442532488815
0.000773442532488815
0
0
0
0
0
0
0
0
0
0.0006892091956172211
0.0007020431227939285
0.0006865388771529932
0
0
0
0
0
0
0
0
0
0
0
0
0
0
0
0
0
0.0008763386953174458
0
0
0
0.0018211272784500261
0
0.0018381295040787089
0.0018381295040787089
0
0
0
0
0
0
0
0
0
0
0
0
0
0
0
