0
0.0007998126996697419
0
0
0
0
0
0
0
0.0006488075777873352
0.0006701048956982911
0
0.0006677563972320586
0
0
0.0007118299826035395
0
0
0
0
0.00047554032947640784
0
0.0012239817473889555
0
0
0.00047606841423984643
0.00047606841423984643
0
0.0003490328573360323
0
0
0.0003490328573360323
0.0003490328573360323
0
0
0.0011409171178256331
0
0
0
0
0
0
0.0010417973439197608
0
0
0
0
0
0
0
0
0
0
0
0
0
0
0.000666977218238789
0.0006793971585150264
0.0006643930368430556
0
0
0
0
0
0
0
0
0
0
0
0
0
0
0
0
0
0
0
0
0
0
0
0
0
0
0
0.0015532594457354407
0
0
0
0
0
0
0
0
0
0
0
0
