0
0
0
0
0
0
0
0
0.0007114058477283812
0
0
0
0
0
0
0
0
0
0
0
0.0005082034009285387
0
0
0
0
0.000508767757842396
0.000508767757842396
0
0.0003730066077240607
0
0
0.0003730066077240607
0.0003730066077240607
0
0
0
0
0
0
0
0
0.0007999046109770013
0
0.0025648445958688735
0
0.0025399604487156067
0.0007999046109770013
0.0007999046109770013
0
0
0
0
0
0
0
0
0
0
0
0
0
0.0006632578587579841
0
0
0
0
0.0006632578587579841
0.0006632578587579841
0
0
0
0
0
0
0
0
0
0
0
0
0
0
0
0
0
0
0
0
0
0
0
0
0
0
0
0
0
0
0.0014118501261543223
0
