0.00022052527193155795
0.0002621823312283308
0
0
0
0
0
0.0013954131191233957
0.0002182138657428343
0.00021268214837440077
0.0002196635084617199
0.0010087374035954082
0
0.0002538929169618524
0.0002209586942427442
0.0009333647457925134
0.0002336321355584128
0.0002237734546789575
0.0007157711181921153
0
0.00015588433670369974
0
0
0
0.0012688914631005443
0.0001560574453507888
0.0001560574453507888
0
0.00045765839051784343
0.0010295218281200387
0
0.00045765839051784343
0.00045765839051784343
0
0.0003214863701192687
0
0.0003425465680399398
0.000636240993948547
0.0003219466885186376
0.00032167033942978037
0
0.0009814385301676843
0.001366024102438739
0.0007867304662750751
0
0.0019477439991460194
0.0009814385301676843
0.0009814385301676843
0
0
0
0.0007425613185647836
0.00036957193829950116
0
0
0
0
0.0004372764824220468
0.00044541911105668876
0.00043558226900700597
0
0.00040689027734603056
0.0005587663202321482
0.0004672642711168256
0
0.0026992505073399333
0.00040689027734603056
0.00040689027734603056
0
0.0014792603109303715
0
0.002978677083326865
0.0014792603109303715
0.0014792603109303715
0
0.0004300833344709573
0
0.000556002886403107
0.00043173496017937115
0.0004307424660180392
0
0
0
0
0
0
0.0031228828786307844
0
0
0
0.0004661019221836992
0.0031228828786307844
0.0031228828786307844
0
0
0.001298946084699113
0
0
0
0.00039144771459160253
