0
0
0
0
0
0
0
0.00033037140927503995
0.0006199593914734251
0.0003021217163139507
0
0.0003582358439738769
0
0.00036066291608752104
0
0.0003314685330916445
0.0003318818355019832
0
0.0006778503363478537
0
0.00022143862901213856
0
0
0
0
0.00022168453531864845
0.00022168453531864845
0
0.00016252955347400197
0
0.0011935840003255182
0.00016252955347400197
0.00016252955347400197
0
0.00022834077672798732
0
0.00048659823048005586
0.00045190022423190245
0.00022866772514827367
0.00022847144383913353
0
0.00034854111576506833
0.00048512010705818444
0.0005587877510271319
0
0.0005533663868453026
0.00034854111576506833
0.00034854111576506833
0
0
0.0007332485732027287
0.0021096636623983396
0.0015749658702520152
0
0
0
0
0
0
0
0
0.00028900025197892566
0
0.0006637636710039664
0
0
0.00028900025197892566
0.00028900025197892566
0
0
0
0
0
0
0
0.0012218939498359167
0
0
0.0012265863229151638
0.0012237665842417956
0
0.0008206656692885629
0
0.0008283274857030826
0.0008283274857030826
0
0
0
0
0
0.0006621125175935088
0
0
0
0.0024798375658937003
0.00046129849579305116
0.0024798375658937003
0.0024798375658937003
0.0003075915624875854
0
