1.5141277326297755
0
0
0
0
0
0
0
0
0
0.0005728822295231841
0
0
0.000589613603048978
0
0
0.0006285295693772418
0
0
0
0
0.000839782436289393
0
0.0021614956925478596
0
0
0.0008407150097888815
0.0008407150097888815
0
0.0006163760360796969
0
0
0.0006163760360796969
0.0006163760360796969
0
0.0008659580970144556
0.001007403681057735
0
0
0.0008671980141064006
0.000866453638128627
0
0.0013218050917763208
0
0
0
0
0.0013218050917763208
0.0013218050917763208
0
0
0
0
0
0
0
0
0
0.000588925605845887
0.0005998921286171852
0.0005866438328670188
0
0
0
0
0
0
0
0
0
0
0
0
0
0
0
0
0
0
0
0
0
0
0
0
0
0
0
0
0
0
0
0
0
0
0
0
0
0
0.0005832541342949829
0.0010544064990458046
