0.8915981192837835
0.0006995669825686807
0.000415857331755496
0
0
0
0
0
0
0
0
0.00034841661558569114
0.0003999991562511366
0.0003471955293161151
0
0.0007009419176759304
0
0
0
0
0
0.0009890162166209468
0
0.0006364012271832858
0
0.002012636838112378
0.0009901145133634464
0.0009901145133634464
0
0
0
0
0
0
0
0.0005099217153467449
0.0005932123215460968
0.0005433260934087651
0
0.0005106518438051452
0.0005102135160422223
0
0.001167522635465452
0
0
0.0005354943659362063
0
0.001167522635465452
0.001167522635465452
0
0
0
0
0
0
0
0
0
0
0
0
0
0.000645384089239076
0.0008862804366638006
0
0
0.002140691762986275
0.000645384089239076
0.000645384089239076
0
0
0
0
0
0
0
0.0006821714761161312
0.0006884927562036938
0.000881897249538856
0.0006847911822456095
0.000683216949642746
0
0.0009163392798394487
0
0
0
0
0.004953322884909909
0
0.0006954743520154317
0
0.0007393019231208819
0.004953322884909909
0.004953322884909909
0
0.0005537876517290581
0.0010301538062204316
0.0005537876517290581
0.0005537876517290581
0
0.0006208900552115484
