0.0004993980681886574
0
0
0.0024386315628599376
0
0
0
0
0
0
0
0
0.00049570314478695
0
0.0005003795895490911
0
0
0.0005067538518363406
0
0
0
0
0.0009086121883032745
0
0
0
0
0
0
0.0007771463222300901
0
0
0
0
0.0018200824647024415
0.0008469498841070444
0.0007757255794106567
0
0.0018226885392509844
0.001821123999732314
0.001642536355887597
0.0011112751425690856
0
0
0
0.0008821660955044266
0.0011112751425690856
0.0011112751425690856
0
0
0
0
0
0
0
0
0
0
0
0
0.0020270154073453624
0.0004607186665989459
0
0
0
0.0015281700790070677
0.0004607186665989459
0.0004607186665989459
0
0
0
0
0
0
0
0.0009739599661919568
0.0009829850778477897
0.0006295577031715567
0.0009777002118378552
0.0009754526251439751
0
0
0
0
0
0
0
0
0
0
0
0
0
0.0016532021763803735
0
0
0
0
0
0
