0.0005940085259434192
0
0
0
0
0
0
0.000626449206714843
0.0011755650098057263
0
0
0.0006792856584252021
0.000589613603048978
0.0006838878647830964
0.0005951759955305721
0.0006285295693772418
0.000629313272082201
0.0006027578553462482
0.0006426688169056772
0
0.0004198912181446965
0
0
0
0.0011392985196612307
0.00042035750489444076
0.00042035750489444076
0
0
0
0
0
0
0
0
0
0
0
0
0
0
0.0006609025458881604
0
0
0
0
0.0006609025458881604
0.0006609025458881604
0
0
0
0
0
0
0
0
0
0
0
0
0
0
0
0
0
0.001817680351296249
0
0
0
0
0
0.0011461981321951367
0
0
0
0
0
0
0
0
0
0
0
0
0
0
0
0
0
0
0
0
0
0
0
0.000874712728266768
0
0
0
0.0010544064990458046
