0
0
0
0
0
0
0
0
0
0
0.0005743165181941938
0
0
0
0
0
0
0
0
0.009997795714686678
0
0
0
0
0
0
0
0.010066273767526997
0
0.0008972380769590608
0
0
0
0.003674189925147354
0
0
0
0
0
0
0.0018963560903986344
0
0.0008928772600601103
0
0
0
0
0
0.003749173393007504
0
0.0013495647107979263
0
0
0
0
0
0.014551247228306353
0.0040014514937427425
0.00407596346688296
0.003985948000934751
0.0011701241799832339
0
0.0014609105070168406
0
0
0
0
0
0.007817425372653945
0
0.0010184864657373123
0
0
0
0.013735289439803192
0
0
0.0029073708606507254
0
0
0.0062011644306284456
0
0
0
0
0.003730142055987161
0
0.0013312282337490414
0
0
0
0
0
0.0019086700909856386
0
0
0
0
0
0
