0.001655492487827636
0.0007872855133344486
0
0
0.01339635032213538
0
0
0.001745904158656452
0.0016381406643915547
0.001596613829539404
0.000989413915937314
0.001135895114797482
0.0013145951250693598
0
0.0016587462073398762
0.0010510212581500984
0.0021046635169439626
0.0013439013858193138
0
0
0
0
0
0.0005897764292764004
0.0006350414373924221
0.0009372238426369006
0.0009372238426369006
0
0.0008589151946819958
0.0010304884863181062
0
0.0008589151946819958
0.0008589151946819958
0
0.0004826823393162877
0
0
0
0.000483373465231689
0.0004829585523859966
0
0.0007367700308114613
0
0.001181203737291153
0
0
0.0007367700308114613
0.0007367700308114613
0
0.0047952844903098235
0
0
0
0
0.0047952844903098235
0.0047952844903098235
0
0
0
0.00032699344064104186
0.0006719506929096569
0.0006109084837455874
0.0008389364515850188
0.0007015545056479875
0
0.0030395080562828176
0.0006109084837455874
0.0006109084837455874
0
0
0
0.0031944362993736905
0
0
0
0
0.0006517143399957753
0
0
0
0
0
0
0
0
0
0
0.0007644656433827255
0
0
0
0
0
0
0
0.00048756214343993585
0
0
0
0
