0
0
0
0
0
0
0
0.0008453878754919166
0.0011898112354797917
0.0003865498477230349
0.0007984769421899034
0
0
0
0
0.0008481953072079545
0.00042462645367081516
0.0004067082991767441
0
0
0.0016999188810848274
0
0
0
0
0.0017018066310915845
0.0017018066310915845
0
0
0
0
0
0
0
0.00029215077138461
0
0
0
0.0002925690857766269
0.0002923179535141577
0
0.00044594118181230083
0.0006206872706755657
0
0
0.0007080050225446856
0.00044594118181230083
0.00044594118181230083
0
0
0
0.0013496053468057877
0.0006716970726705991
0.00150464101256551
0
0
0
0
0
0
0
0.0018488079036047434
0
0.0008492529073416303
0.002250333144343571
0.0012264720858727264
0.0018488079036047434
0.0018488079036047434
0
0
0
0
0
0
0
0.001563353094922695
0
0
0.0015693567550414459
0.0015657490383631898
0
0
0.0008492529073416303
0
0
0
0
0
0
0
0
0
0
0
0.0019036979767676667
0.0005902086929705264
0.0019036979767676667
0.0019036979767676667
0
0.0007114563005097362
