0.00018753856451275
0
0
0
0
0
0.01838599234396153
0.00039556127508729805
0.00018557290409277938
0.0005426059034540292
0.000373611411444314
0.0002144620013203229
0.00037230202565654186
0
0.00018790715445872632
0.0003968748866276461
0.0007947394861895257
0.00019030087617157634
0.00040580288704838687
0
0.0002651335557088185
0.0004409924362942802
0.00034121042180085634
0.0003340571634821801
0.00035969586225959347
0.00026542798497667953
0.00026542798497667953
0
0.00019460036675880308
0.0005836822966336993
0.0007145527667309413
0.00019460036675880308
0.00019460036675880308
0
0.0001366988278361452
0.0003180544251117763
0.0002913076178811699
0.0002705352580322579
0.00013689455926202743
0.00013677705320257503
0
0
0.00029042272232260004
0.00033452470324912506
0.0008613257674648645
0.00033127914133264017
0
0
0
0
0
0
0.0003142904674181458
0
0
0
0
0.000185933800444574
0.0001893961176477812
0.00018521340602208438
0
0.0001730133191976112
0.000475184692786282
0.00039736974309476287
0
0
0.0001730133191976112
0.0001730133191976112
0
0
0
0.0003618741869364116
0
0
0
0.000365750421532517
0.000369139614627799
0.0002364173100608307
0.0003671549930437786
0.0003663109585770113
0
0.0004913009259434735
0.00039736974309476287
0.0004958877603143151
0.0004958877603143151
0
0
0
0.0003728828400491418
0
0.00039638126114676595
0
0
0
0.00029691664654844704
0.000552323282429809
0.00029691664654844704
0.00029691664654844704
0.0001841432207022341
0.00033289401179874636
