0.0009712627351915396
0.005773667705231423
0
0
0
0
0
0
0
0
0.00048373362876186687
0.0005553496437871768
0.0004820383006236827
0.0022364487009965983
0.0009731716635232841
0
0.0015434842344159815
0.0034494906417242514
0
0
0
0
0
0
0
0
0
0
0
0
0
0
0
0
0.00035398180040080565
0
0
0
0.0003544886471940485
0.0003541843650934527
0
0.0016209616185093197
0.0015041000680457073
0.0008662521735490672
0.000743468081682653
0.0008578477865569073
0.0016209616185093197
0.0016209616185093197
0
0.0070333770227364615
0.0011367073976139735
0.0016352369299889263
0.0008138555923745018
0.0018230844712836777
0.0070333770227364615
0.0070333770227364615
0
0.00048147582886099463
0
0
0
0
0
0
0
0
0
0
0
0
0
0.0009370736987143204
0
0
0
0
0
0
0
0
0
0
0
0
0
0
0
0
0.0019311612418121955
0
0
0
0
0
0
0
0
0
0
0
