1.6607312068216509
0.0013030452780083569
0
0
0
0
0
0
0.000687104347050745
0
0
0
0
0.0012934043666835288
0.0007501044294587402
0.0013056062946711093
0.0013787722763151937
0
0
0.0007048944001789689
0
0
0
0.0011853898692517136
0
0
0
0
0
0
0
0
0
0
0
0.0018996067564445536
0.001104944249382336
0.0010120238920302564
0.0009398592002386253
0.0019023266973902072
0.0019006937989375118
0
0.0007248935865655394
0.0010089497003776737
0
0.0009974361602532438
0
0.0007248935865655394
0.0007248935865655394
0
0
0
0
0
0
0
0
0
0
0
0
0
0
0
0
0
0
0
0
0
0
0
0
0
0
0
0
0
0
0
0
0
0
0
0
0
0
0
0
0
0
0
0
0
0
0
0
0
0
0
0
