0.3011050927839216
0.001653774538632759
0.00014044080820145599
0.002228050369437052
0.00230731871865074
0
0
0
0.0008720461934164052
0.0011688862297512485
0.0012531804845339152
0.002235637656465225
0.0014859380980812643
0.0011725276198750842
0.0016320059229480847
0.0016570248816725245
0.0007499504178927064
0.0006257379318036609
0.0010788000935729675
0.0008946246390014648
0.0020483339645164735
0.00016700226998553612
0.0005555444516308517
0.00042984310176148694
0
0.0006796954690381977
8.359386251635803e-05
8.359386251635803e-05
0
0.00018386225897654485
0.0003676496859388542
0
0.00018386225897654485
0.00018386225897654485
0.0015055254639196082
0
0.0014023523948685638
0.0005504663487823064
0
0
0
0.0007770454007327009
0.001577154567178987
0.0016463826458416129
0.0008428414073727686
0.0009042194978496144
0.0008346641518611825
0.001577154567178987
0.001577154567178987
0
0
0
0
0.0001979652155055369
0.003104176214267233
0
0
0
0.0004684637771822973
0.00047718715179702315
0.000933297459229513
0.0009589334165093045
0.0013077311304404847
0.000598618474719526
0.00025029517272146434
0.0006632270766165675
0.0007229413992411082
0.0013077311304404847
0.0013077311304404847
0
0.0007923818231155832
0.00041733207593059126
0.0006838117171474375
0.0007923818231155832
0.0007923818231155832
0
0.0013822728054349884
0.002557649436774624
0.0010424014092420629
0.001387581072736966
0.0013843912311904442
0.0012704856235608505
0.001856763162079681
0.0007508855181643931
0.000937049043933366
0.000937049043933366
0.0007642261238170599
0
0
0.0007046141016784438
0
0.0004993450958273991
0
0
0.00039104557504405406
0.0009351089838009987
0
0.0009351089838009987
0.0009351089838009987
0.0002319761885854558
0
