0
0
0
0
0
0
0
0.0005904494644766842
0
0
0.0005576851721923196
0
0
0
0
0
0
0
0.000605736993056089
0
0
0
0
0
0
0
0
0
0.00029047758103809197
0
0
0.00029047758103809197
0.00029047758103809197
0
0.00040809732789252103
0
0
0
0.00040868165969076343
0.0004083308599828744
0
0.0006229228963946511
0
0
0
0
0.0006229228963946511
0.0006229228963946511
0
0
0
0
0.0009382750530178474
0
0
0
0
0
0
0
0
0.002582548598697332
0
0
0.0031434280961236695
0.0017132249167348687
0.002582548598697332
0.002582548598697332
0
0.003755569356947752
0
0
0.003755569356947752
0.003755569356947752
0
0
0
0
0
0
0
0
0
0
0
0
0.00792842419800081
0
0
0
0
0.00792842419800081
0.00792842419800081
0
0
0
0
0
0
0
