0.0003501664202655312
0
0.0009435245298698088
0.002564868405910457
0
0
0
0.0003692901138836736
0.0006929923953857446
0.0006754250512726744
0.000871995120415044
0.0006006555890019106
0.0006951512502000304
0.001814175213936665
0.00035085464043114746
0.00037051648204933127
0.00037097847267532797
0.0001776620631482562
0.0003788515302448383
0
0.0008663365830279913
0.0020585198460720457
0.0006370979338021693
0.0006237415829887065
0.0006716133974844537
0.0008672986447526199
0.0008672986447526199
0
0.0006358660122936978
0.0032695025833583847
0.0006670958185776076
0.0006358660122936978
0.0006358660122936978
0.0011157177565710489
0.00025523997862649103
0
0.0002719604525462642
0.0002525676868298922
0.0002556054425134133
0.000255386038700097
0.0005758543259721542
0.0009740006604723255
0.001084537308939051
0
0.000804120905636792
0.0009278318141962984
0.0009740006604723255
0.0009740006604723255
0
0
0.00040981368469092703
0
0.0008802506955195652
0
0
0
0
0.00034717005260864996
0.000353634788136624
0.0003458249536059043
0
0.001130658602388323
0.0008872507010505358
0.00037097847267532797
0
0.0010715176533695546
0.001130658602388323
0.001130658602388323
0
0
0
0.0006756807004215284
0
0
0
0.0020487548705206715
0.0013784929810916433
0.0026485881461627272
0.0020566225927576938
0.0020518947247283657
0
0
0.00037097847267532797
0
0
0.0011327083823056332
0
0
0.00034811786476475785
0
0.0007401112813074951
0
0
0.0005795936397771682
0
0.0002578203943549506
0
0
0.000687653470922064
0
