1.0498221244986776
0.0008237129262445489
0
0
0.0020111534952081947
0
0
0
0.0004343492447243184
0.0008150792892070478
0.00039720852232261736
0.0004102470201245321
0.0004709834564821344
0.0004088092385119461
0
0.0008253318588826083
0.00043579166645856275
0.0004363350475888103
0.00041792282026221247
0.00044559512924392087
0
0
0.0009684705945559757
0.000749337704852732
0.0007336283190067628
0.0007899338784790651
0
0
0
0
0
0.0007846204218973675
0
0
0
0
0.0006984844474375767
0.0006397453531375245
0.0005941268389918946
0
0
0
0
0
0.0014693101812437753
0.0012610475969954086
0.0007275274598050434
0
0
0
0
0
0
0.0006902183593022207
0
0
0
0
0
0
0
0
0
0
0.0008726700951776206
0
0
0
0
0
0
0.0007275274598050434
0.0007947177323986962
0
0
0
0
0.000810673455211334
0
0
0
0
0
0.0008726700951776206
0
0
0
0
0
0.0008188940128694834
0
0.000870499274045338
0
0
0
0
0.0006064830297508247
0
0
0.0032351991509974656
0.0014621478057084646
