1.7719568419318754
0.0013903152937872697
0
0
0
0
0
0
0
0.0006878714448493305
0
0
0
0
0.0008003418436910006
0.0013930478317074493
0
0.0007364741653914694
0.0007053968319792498
0.0015042078454430181
0
0
0
0
0
0
0
0
0
0
0
0
0
0
0
0
0
0
0
0
0
0
0.000773442532488815
0
0
0
0.001227967319426109
0.000773442532488815
0.000773442532488815
0
0
0
0
0.0011649946363786164
0
0
0
0
0
0
0
0
0
0
0
0
0
0
0
0
0
0
0
0
0
0
0
0
0.0008763386953174458
0
0
0
0.0018211272784500261
0.0014729483307829388
0.0018381295040787089
0.0018381295040787089
0
0
0
0
0
0
0
0
0
0
0
0
0
0
0
