0
0
0
0
0
0
0
0.000626449206714843
0.0005877825049028631
0.0011457644590463683
0.0011833745467993556
0.0006792856584252021
0.000589613603048978
0
0
0.0006285295693772418
0
0.0006027578553462482
0
0
0
0
0
0
0
0
0
0
0.00030818801803984846
0.0018487518102927663
0
0.00030818801803984846
0.00030818801803984846
0
0.0012989371455216833
0
0
0
0.001300797021159601
0.0012996804571929403
0
0
0
0
0
0
0
0
0
0
0
0
0
0
0
0
0
0
0
0
0
0.0005480013509336864
0
0
0
0
0.0005480013509336864
0.0005480013509336864
0
0
0
0.0011461981321951367
0
0
0
0
0
0
0
0
0
0
0
0
0
0
0
0.002742985022880028
0
0
0.001255495632362998
0
0
0
0
0
0
0
0
0.0010544064990458046
