0.0006727337889729018
0
0
0
0
0
0
0
0.0006656826196009032
0
0
0
0.0013355127944641172
0.0007745250352718729
0.0006740559858851913
0
0
0
0
0
0
0
0
0
0
0
0
0
0
0
0
0
0
0
0
0
0
0
0
0
0
0.000748493421253569
0.0010417973439197608
0.0011999988999943502
0.003089726897462931
0.0011883564990242041
0.000748493421253569
0.000748493421253569
0
0
0.001574654203941163
0
0
0
0
0
0
0
0
0
0
0
0
0
0
0
0
0
0
0
0
0
0
0
0
0
0
0
0
0
0
0
0
0
0
0.004352280274344991
0
0
0
0
0
0
0
0.0022270109455739305
0
0.0009906403397411476
0
0
0.0006605540940261659
0.002388298646367586
