0
0
0
0
0
0
0
0
0
0
0
0
0
0
0
0
0
0
0.0014097888003579378
0
0.00046054664637317
0
0
0
0
0.000461058080738937
0.000461058080738937
0
0.0006760558545986774
0
0
0.0006760558545986774
0.0006760558545986774
0
0.0009498033782222768
0
0
0
0.0009511633486951036
0.0009503468994687559
0
0.0007248935865655394
0
0
0
0
0.0007248935865655394
0.0007248935865655394
0
0
0
0
0
0.0024458486109302665
0
0
0
0
0
0
0
0.000601060878328502
0
0
0
0
0.000601060878328502
0.000601060878328502
0
0
0
0
0
0
0
0
0
0
0
0
0
0
0
0
0
0
0
0.0015042855134254085
0
0
0
0
0
0
0
0
0
0
0.0006397269671886175
0
