0.0006727337889729018
0
0
0
0
0
0
0.0007094739048787449
0
0
0
0
0.0013355127944641172
0
0.0006740559858851913
0
0.0007127175511604018
0
0
0
0
0
0.0012239817473889555
0.0011983217526847845
0
0
0
0
0.0017451642866801616
0.0010468854872356084
0.001281613174956597
0.0017451642866801616
0.0017451642866801616
0
0.0014710881567846096
0
0
0
0.0014731945258521706
0.0014719299811947867
0
0
0
0
0
0
0
0
0
0
0
0.0022652555192759927
0
0
0
0
0
0
0
0
0
0
0.0034091420041588993
0
0
0
0
0
0
0
0
0
0
0
0
0
0
0.0008480704392146027
0
0
0
0
0
0
0
0
0
0
0
0
0
0
0
0
0
0
0
0
0
0
