1.5141277326297755
0
0
0
0
0
0
0
0.000626449206714843
0
0
0.0005916872733996778
0.0006792856584252021
0
0
0
0
0
0
0
0
0
0
0
0
0
0
0
0
0.00030818801803984846
0
0.001131635076703868
0.00030818801803984846
0.00030818801803984846
0
0.0008659580970144556
0.001007403681057735
0
0
0.0008671980141064006
0.000866453638128627
0
0
0
0
0
0.0010492915680040025
0
0
0
0
0.0013903835928648076
0
0.0009954817440037973
0
0
0
0
0.000588925605845887
0.0005998921286171852
0.0005866438328670188
0
0
0
0
0.0033350831115193298
0
0
0
0
0
0
0
0
0
0
0
0
0
0
0
0
0
0
0
0
0
0
0
0
0
0.001255495632362998
0
0
0
0.0009404520078445811
0
0.0009404520078445811
0.0009404520078445811
0
0
