0.0005598730308513715
0
0
0
0
0
0
0.0005904494644766842
0.0005540047964441559
0.000539960785334902
0
0
0.0005557306680841689
0
0.0005609734102359064
0.0005924102763138837
0
0
0
0
0.0003957616072213383
0
0
0
0
0.0003962010981788301
0.0003962010981788301
0
0
0.0008712554063737154
0
0
0
0
0.0008161946557850421
0
0
0
0.0008173633193815269
0.0008166617199657488
0
0.0006229228963946511
0.0008670208721993594
0
0
0
0.0006229228963946511
0.0006229228963946511
0
0
0
0
0
0.0021017913926953545
0
0
0
0
0
0
0
0
0
0
0
0
0
0
0
0
0.0009889926234512446
0
0
0
0
0
0
0.0007057944389911701
0
0
0
0
0
0
0
0
0
0
0
0
0
0
0
0
0
0.0008244461904333598
0
0
0.002198946618860009
0.0009938136181338064
