0.0012530524852377742
0
0
0
0
0
0
0.0006607428185500799
0
0.0006042434326279014
0
0.0014329433758955075
0.00093283609371235
0.00036066291608752104
0.0012555152456254271
0.000662937066183289
0.0016594091775099162
0.0006357545352052322
0.0010167755045217806
0
0.00022143862901213856
0
0.001139911058126726
0
0.0006008334809765023
0.00022168453531864845
0.00022168453531864845
0
0.00016252955347400197
0.0014624683080911567
0.0005967920001627591
0.00016252955347400197
0.00016252955347400197
0
0
0.00053127591232054
0.0014597946914401674
0.00045190022423190245
0
0
0
0.00034854111576506833
0.00048512010705818444
0.0005587877510271319
0.0009591684038651911
0.0005533663868453026
0.00034854111576506833
0.00034854111576506833
0
0
0.0007332485732027287
0.0031644954935975095
0.0005249886234173384
0
0
0
0
0
0
0
0
0
0
0.0006637636710039664
0.0017588275247087482
0.0028757780175910144
0
0
0
0
0
0.0018134164183598144
0
0
0
0.0006109469749179583
0.0006166082596276228
0.0003949098398703124
0.0006132931614575819
0.0006118832921208978
0
0
0
0
0
0
0
0
0
0
0.0006621125175935088
0
0
0
0
0.0013838954873791535
0
0
0
0
