1.2039728043259361
0
0
0
0
0
0
0
0
0.0009347614940418758
0.0004555326539258177
0.00047048566015081523
0.0010802806678563805
0.00046883676180916516
0.0005437998212854273
0
0
0
0.000958577073507911
0.0005110241104948795
0
0.00033388042271933897
0.002221352037501727
0
0.0016827013337888694
0
0.0003342511949822144
0.0003342511949822144
0
0.0004901171603199414
0
0
0.0004901171603199414
0.0004901171603199414
0
0
0
0
0
0
0
0
0.0005255228303474186
0
0
0.0007231067893849466
0
0.0005255228303474186
0.0005255228303474186
0
0
0.0011055764961670671
0.0031809056917461984
0.0007915666037645866
0
0
0
0
0
0
0
0
0
0
0
0
0
0
0
0
0
0
0
0
0
0
0
0
0.0005954365995677231
0
0
0
0
0
0
0
0
0.013377475603621514
0.002181110152764377
0
0
0
0.013377475603621514
0.013377475603621514
0
0
0.001391071986511769
0
0
0
0.0008384211729289249
