0.9942522733438669
0.0007801116307131164
0
0
0.0019046978416549173
0
0
0
0.00041135799476370164
0.0003859674974160974
0.000752366457316585
0.0007770631288345971
0
0.00038716988837377995
0
0.0007816448689810275
0.0004127240653150132
0.00041323868385031873
0.0003958010642292464
0.00042200860498466336
0
0
0
0
0
0
0
0
0
0
0
0
0
0
0.0024856306833596674
0
0
0
0
0
0
0.002565812318306753
0.0008679635734123674
0.0006040414783377077
0
0.003582891075113034
0
0.0008679635734123674
0.0008679635734123674
0.0025363578401629257
0
0
0.001313411193320828
0
0
0
0
0
0.0003867181148750941
0.00039391928420913903
0.00038521978819987094
0.0031664085138339714
0
0
0
0
0.001193580160076671
0
0
0
0
0
0
0
0
0
0
0.006142098985908058
0.0009834344939108476
0
0
0
0
0
0
0
0.0025234829272686977
0.0055236237407992606
0.0018011816546084545
0.0007755477951200211
0.002950303481732543
0.00989305744620763
0.0055236237407992606
0.0055236237407992606
0.0025824734372567972
0
0
0
0
0
0
