0
0
0
0
0
0
0
0.0005121532296241693
0
0.0004683595747263024
0.00048373362876186687
0
0.0004820383006236827
0
0
0.0005138540290583716
0.0005144947448053272
0.0004927843773891788
0.0021016542546716762
0
0.0017164092567964744
0
0
0
0
0.0017183153192693189
0.0017183153192693189
0
0
0
0
0
0
0
0.0007079636008016113
0
0
0
0.000708977294388097
0.0007083687301869054
0
0
0
0
0
0.0008578477865569073
0
0
0
0
0
0
0
0
0
0
0
0
0
0
0
0.0004480182251182111
0.0012304914075562793
0.0010289894896106544
0
0
0.0004480182251182111
0.0004480182251182111
0
0
0.0017156955731138146
0
0
0
0
0.00662977849427033
0.0009558875335919824
0
0.006655238473126975
0.006639939074338176
0
0
0.003086968468831963
0
0
0
0
0
0.0009655806209060978
0
0.0020528596285267283
0
0
0
0
0.0007151209451193628
0
0
0
0
