0.00033109849756552724
0
0
0
0
0
0
0.0006983616634625809
0.0003276281328783109
0.0003193227659078808
0.0003298046386457714
0.00037863170493249393
0
0.0003811969603859661
0.0003317492414679752
0
0
0.00033597534645482844
0
0
0.000702138161642703
0
0
0
0.0025401657495696885
0.0007029178819776754
0.0007029178819776754
0
0.0005153491168091974
0
0
0.0005153491168091974
0.0005153491168091974
0
0.0004826823393162877
0
0
0
0.000483373465231689
0.0004829585523859966
0
0.0007367700308114613
0
0.0005906018686455765
0.0005068889311078252
0.0005848718435859521
0.0007367700308114613
0.0007367700308114613
0
0
0.0007749954731813857
0
0.0016646352471292485
0
0
0
0
0.0022978570564222882
0.0023406459952700883
0.0022889540844872928
0
0
0
0
0.0018589649125430156
0
0
0
0
0.002220973869196129
0.0005848718435859521
0.001277774519749476
0.002220973869196129
0.002220973869196129
0
0
0.0006517143399957753
0.0004173937043988768
0
0
0
0
0
0
0
0
0
0.0007644656433827255
0
0
0
0
0
0
0.0005242050126052975
0
0.0005242050126052975
0.0005242050126052975
0
0.0005877228901772486
