0
0.0008547488170467865
0
0
0
0
0
0
0
0
0
0
0.0007136220653225507
0
0
0.00076072289902379
0
0
0.0007778359353770417
0
0
0
0
0
0
0
0
0
0
0
0
0
0
0
0.0005240438844004319
0
0.001116746778640043
0
0.0005247942336048998
0.0005243437664515909
0
0.0015998092219540027
0
0
0
0
0.0015998092219540027
0.0015998092219540027
0
0
0
0
0
0
0
0
0
0
0
0
0
0.0006632578587579841
0
0
0
0
0.0006632578587579841
0.0006632578587579841
0
0
0
0
0
0
0
0
0.0014151208214272667
0
0
0
0
0
0
0
0
0
0
0
0
0
0
0
0
0
0
0
0
0
0.0028237002523086446
0
