0.0018278433648465978
0
0
0
0
0
0
0.0019276676611476946
0.0012057900458058949
0.0026442524046503845
0
0.00034837541027321503
0
0
0.0018314358242900856
0.00032234486903237705
0.000645493590605982
0
0.0003295962603985553
0
0.0008613741425390974
0.0014327099437250854
0.0005542675157023528
0
0
0.0008623306935024946
0.0008623306935024946
0
0.0004741677933028677
0
0.0005803653135269031
0.0004741677933028677
0.0004741677933028677
0
0.00022205570188704499
0
0
0
0.00022237365105927728
0.00022218277238884016
0
0
0
0.0005434071305101443
0
0
0
0
0
0
0
0
0
0.001143635919733426
0
0
0
0.0009061012712940446
0.0009229739970273332
0.0009025906115834904
0
0.002529409737781747
0.0007718974050685847
0.000645493590605982
0
0.0009322074303709439
0.002529409737781747
0.002529409737781747
0
0
0.0005381349892577936
0.0005878340571529116
0
0
0
0.0005941306729143047
0.0005996361308872559
0.0007680799104836758
0.0005964122807211953
0.0005950412180068937
0
0
0
0
0
0
0
0
0
0
0.0012877757703134267
0
0
0
0.00048231601832235795
0.00044860126487521445
0.00048231601832235795
0.00048231601832235795
0.00029912511151733293
0.002163032839830073
