7.78544286872649e-05
9.256107216596932e-05
0.00020977900499348653
0.0003801742121146326
0
0
0
0.0001642126096184015
0.0001540768157793775
7.508548570708976e-05
7.75501909823518e-05
0.00017806275345342147
7.727840292984354e-05
0
7.800744446691755e-05
8.23789699974422e-05
8.24816869176385e-05
0.00023700350962241827
0.00016846429433263008
0.0013500063858764505
5.503353819296679e-05
0.00018307282170095776
0.00014164949230823572
0.00013867990127452008
0.0001493235054355442
5.509465261627936e-05
5.509465261627936e-05
0.001359253004957796
4.0393026404200736e-05
0.00024230883849064497
0.00014831908723754726
4.0393026404200736e-05
4.0393026404200736e-05
0.0004961273468095955
5.6748910129779314e-05
0.0001320365527104712
0.00012093293036187584
0.00011230952955508672
5.683016572847602e-05
5.678138447033998e-05
0.0002560657273855977
0.0001732439447610984
0.00012056557638143269
0.0001388739949082143
0.00011918975298729022
0.00013752663806225796
0.0001732439447610984
0.0001732439447610984
0.000506252394703669
0
0.0001822322669640388
0
0.00013047398995650114
0
0
0
0.001964860779443943
0.00015437645952846225
0.0001572511400347371
0.0001537783329901885
0.00015800233974827885
0.0004309466638954142
0.00019726733471554493
0.000164963373835277
0
0
0.0004309466638954142
0.0004309466638954142
0.0010555900995948841
0
0.00013752663806225796
0.00015022781129737944
0
0
0.001854681670316245
0.00015183698448648677
0.000459731904379548
0.00019629172969716936
0.00015242007582476054
0.00015206968484585305
0.0008373457330119756
0.00020395779930507528
0.000164963373835277
0.0002058619696305376
0.0002058619696305376
0.000503682585593498
0
0.00017975628507594044
0.00015479792412155868
0
0.00032910603436789093
0
0
0.00025772849184914055
0.00012326145262350202
0.00011464525633959458
0.00012326145262350202
0.00012326145262350202
7.644489165016881e-05
0.0002763940650749836
