0.0034757882344681745
0
0
0
0
0
0
0.003665612002341488
0.0006878714448493305
0.005363471333883846
0
0
0.0006900143465466804
0
0.0034826195792686233
0
0.0007364741653914694
0
0.0007521039227215091
0
0
0.0016346465331474865
0
0
0
0
0
0
0
0
0
0
0
0
0.000506707704298506
0
0
0
0.0005074332307937788
0.0005069976657888056
0
0
0
0
0.001064238343502628
0
0
0
0
0
0
0
0
0
0
0
0
0
0
0
0
0
0.0017613885108666752
0
0
0
0
0
0
0
0
0
0
0
0
0
0
0
0
0
0
0
0.0014729483307829388
0
0
0
0
0
0.0013821816239718218
0
0
0
0
0
0
0
0
0
0
0.0012339532325430888
