0.8209805520698303
0.0012883178533853751
0.00038292003361465964
0.0008678441353803703
0
0
0
0
0
0.00031870363046189064
0.000621248998917768
0.002887387639167047
0.0025782251523054343
0.0019181788599762389
0.00037081325748411487
0.001290849924638098
0.00034079724037767967
0.0013648886983704577
0.000326823468180665
0.000348463731778366
0.00558490171476075
0.00022767070218242662
0
0.0023439844455955183
0.0017211332328507974
0
0.00022792352916985853
0.00022792352916985853
0
0.0026736594408950307
0.003508463897734318
0.004908702852435458
0.0026736594408950307
0.0026736594408950307
0
0
0
0.0005002928409931934
0
0
0
0.0010593297446062327
0
0
0
0
0
0
0
0
0
0
0.0010845185628399344
0.0005397636765745105
0
0
0
0
0.0003193234352663673
0.00032526963235730204
0.00031808622707083704
0.0019609408090839895
0.00029713375029671743
0
0
0
0
0.00029713375029671743
0.00029713375029671743
0
0
0
0
0
0
0
0
0
0.002436144071423829
0
0
0.003464052962319959
0
0
0
0
0.0020837069849488077
0
0
0
0
0.0013614934528521233
0
0
0.0021324170183631957
0
0.0004742810814961469
0
0
0.00031624828662166036
0.0005717134763717481
