0.0008698804429357483
0
0
0
0
0
0
0.0004586936799841171
0.0012911443608559137
0
0
0
0.0017268888232423848
0.0015022528787555706
0.0008715901136176189
0.0009204338933346709
0.00138237234977757
0.0013240397585847267
0.0009411397491694491
0
0
0
0.0007913366342052899
0.0007747467676601056
0
0
0
0
0.00022565899135387974
0.0006768392091096527
0.0008285968793136108
0.00022565899135387974
0.00022565899135387974
0
0
0.0007376331500476454
0
0.0018822794983388983
0
0
0
0.00048392083130581015
0
0
0
0
0.00048392083130581015
0.00048392083130581015
0
0
0
0
0
0
0
0
0
0
0
0
0
0.0004012532119151687
0.0011020503225860944
0
0
0
0.0004012532119151687
0.0004012532119151687
0
0
0.002304911901292331
0
0
0
0
0
0
0.0016449000363822125
0
0
0
0
0.00092158156651838
0
0
0
0
0
0.0025943743163532244
0
0.0009192890750593791
0
0
0
0
0.0006404752308039347
0
0
0.000427065725932824
0
