1.5141277326297755
0
0
0.0016005578569025113
0
0
0
0
0.001252898413429686
0.0005877825049028631
0.0005728822295231841
0
0
0.000589613603048978
0.0006838878647830964
0
0.0006285295693772418
0
0
0.0006426688169056772
0
0.0004198912181446965
0.001396796801318981
0
0
0
0.00042035750489444076
0.00042035750489444076
0
0
0
0
0
0
0
0.0004329790485072278
0
0
0.0008568917558742363
0.0004335990070532003
0.0004332268190643135
0
0
0.0009198831911481017
0
0
0
0
0
0
0
0.0013903835928648076
0
0.0019909634880075945
0
0
0
0
0
0
0
0
0
0
0
0
0
0
0
0
0
0
0.0011461981321951367
0
0
0
0
0
0
0
0
0
0
0
0
0
0
0
0
0
0
0.001255495632362998
0
0
0
0
0
0
0
0.0005832541342949829
0
