0.00015045120224780502
0.0004173664181759305
0.00013513041385822939
0.0009795660652098467
0
0
0
0.00047600345204342777
0.00014887426806275427
4.836676939458381e-05
0.00014986327257899765
0.00034410059625810226
4.9779350276434965e-05
0.00023095460074053296
0.0001507469003654304
0.0002653245568905874
0.00010626215420605569
0.000254445405075408
5.425864665105475e-05
0.0008696147721760884
3.545018622015669e-05
0.00011792746449251383
9.12443765238294e-05
8.933149651284766e-05
9.618763845740029e-05
3.548955344527624e-05
3.548955344527624e-05
0.0017511420754778766
2.6019412072030326e-05
0.0007023811621422253
9.554063640499626e-05
2.6019412072030326e-05
2.6019412072030326e-05
0.0003195834287747125
3.655515342004147e-05
8.50521433864837e-05
7.789967794630408e-05
7.234486220140634e-05
3.660749470500716e-05
3.65760719627711e-05
0.0006597851432768258
0.00011159613401124835
0.0007766304465971142
8.945652309998949e-05
0.00015355359941127326
0.00035435446017986137
0.00011159613401124835
0.00011159613401124835
0.0009783166186980994
0
0.0009390881286309274
0.0003377367807394584
0.0007564104823070118
0.002259205387509013
0
0
0.0012656769456424258
4.972126468684753e-05
5.064713609741878e-05
9.905724254931035e-05
0.001017781620301632
0.00180437983673019
0.0003812128375046272
0.0003187864626181671
0.00028157130288520926
0.0003069228607680312
0.00180437983673019
0.00180437983673019
0.0006799647420738564
0
0.0013288292256744803
9.677015254344058e-05
0
0
0.0011947044066344392
9.780671117818285e-05
9.871302819296138e-05
6.322125198312809e-05
9.818231298762288e-05
9.795660652098468e-05
0.0005393813143877004
0.00026276129806759505
0.00021252430841211137
0.00013260723185672718
0.00013260723185672718
0.00129780072598868
0
0.0013894931685857065
0.001196568220061326
0.0007586550237975371
0.0001059978204891252
0
0
0.0009961041935835195
7.939960963346894e-05
7.38494347255257e-05
7.939960963346894e-05
7.939960963346894e-05
9.848487789667566e-05
0.000534122722186149
