0
0
0
0
0
0
0
0.0006080579106574024
0.0005705263858924463
0
0
0.0026373727591905635
0
0.0013276205691589355
0
0.0006100771980319393
0.0006108378927925776
0
0
0
0
0
0
0
0
0
0
0
0.00239312187267892
0
0.001098412533676339
0.00239312187267892
0.00239312187267892
0
0.0004202676494306382
0
0
0
0.0004208694072333739
0.0004205081459396114
0
0
0
0
0
0
0
0
0
0
0
0.0019414477807912043
0
0
0
0
0
0
0
0
0
0.0005319131270571631
0.002921821014033681
0.0012216757855851553
0
0
0.0005319131270571631
0.0005319131270571631
0
0
0
0
0
0
0
0
0
0
0
0
0
0
0
0
0
0
0
0
0
0
0
0
0
0
0.0009128422174279141
0
0.0009128422174279141
0.0009128422174279141
0
0.001023451232631575
