0
0
0
0
0
0
0
0.00035891624646451094
0.0003367626427425167
0
0.0006779996621373373
0
0
0
0
0.00036010816426098924
0
0.0006906851653700024
0.0007364181389683558
0
0.0007217142826162422
0
0.0012384019524692691
0
0
0.0007225157421194251
0.0007225157421194251
0
0.00017657247459896663
0
0.001296712358303024
0.00017657247459896663
0.00017657247459896663
0
0.0002480699364325774
0.0017315380592908642
0.0005286414184672292
0
0.00024842513393606047
0.00024821189347774624
0
0.000757311713404385
0
0
0
0
0.000757311713404385
0.000757311713404385
0
0
0
0.0011459716878530028
0
0
0
0
0
0.00033741756814652783
0.0003437007003584481
0.00033611025482554167
0
0.0003139705275804282
0
0.0007211143538692627
0
0
0.0003139705275804282
0.0003139705275804282
0
0
0
0
0
0
0
0.0006637341757495968
0
0.0008580618869482919
0.0006662830781142266
0.0006647513928771825
0
0.0008915730397787493
0
0.0008998968544654803
0.0008998968544654803
0
0
0
0.0006766775099100804
0
0
0
0
0
0.0005388202283880268
0
0.0005388202283880268
0.0005388202283880268
0.0006683363387555648
0
