0.0010784120029903748
0
0.0019371897079791863
0.0017553462296439751
0
0
0
0.000379102495603705
0.0003557029238641906
0.0003466858614733845
0.00035806593664484374
0
0.0010704330979838259
0
0.0010805315234365036
0.000380361449511895
0.0007616714313168372
0.00036476541873971144
0.00038891796768852086
0
0.0005082034009285387
0.0008452866530204383
0.0006540262183255926
0
0.0068945878997302866
0.000508767757842396
0.000508767757842396
0
0.0035435627733785766
0.0050345644608470064
0.0013696423495876758
0.0035435627733785766
0.0035435627733785766
0.002290726829685388
0.0007860658266006478
0
0.0005583733893200215
0
0.0007871913504073497
0.0007865156496773863
0.0011823106217731033
0.0007999046109770013
0.0005566772368615766
0.0019236334469016551
0.006603897166660578
0.0012699802243578034
0.0007999046109770013
0.0007999046109770013
0
0
0
0
0
0
0
0
0
0
0
0
0
0
0
0
0
0
0
0
0
0
0
0
0
0
0
0
0.0028302416428545333
0.0018126423973771613
0
0
0
0
0
0
0
0
0
0
0
0
0
0
0
0.0011899879634729288
0
0
0
0
0
0
