0.0005136654844973567
0
0
0
0
0
0
0.0005417183781480191
0.0005082815683166779
0.0004953966401754681
0
0
0.0010197299999873538
0.0011827762601479333
0.0005146750471634286
0.0005435173598936331
0.0005441950623373908
0
0
0
0
0.0012078720664056846
0.0009345705353203157
0
0
0
0
0
0
0
0
0
0
0
0
0.0008711465868155438
0.0007978874588566498
0
0
0
0
0
0
0
0
0
0
0
0
0
0
0
0
0
0
0
0
0
0
0
0
0.0014216431270182002
0
0
0
0.0015718287154667012
0.0014216431270182002
0.0014216431270182002
0
0.003445613999957269
0
0
0.003445613999957269
0.003445613999957269
0
0.0010017852486486321
0.0010110682007596619
0
0.0010056323502179434
0.0010033205517116952
0
0
0
0
0
0
0
0
0
0
0.0010856826865537
0
0
0
0
0
0
0
0.000504365685664007
0.000911792005559723
