1.8971199848858813
0.000744260488382064
0
0
0
0
0
0
0.0007849069031385524
0
0
0.0029654083390166183
0
0.0007387538881954367
0
0.0007457232644991673
0.000787513484801113
0
0
0
0
0
0
0
0
0.0014274792963776383
0
0
0
0
0
0
0
0
0
0
0
0
0
0
0
0
0
0
0
0.0011394114023338625
0.00131470546423138
0
0
0
0
0
0
0
0.00279399114121632
0
0
0
0
0
0
0
0.00892600789124736
0
0
0
0.002277454963848597
0.00892600789124736
0.00892600789124736
0
0
0
0.001436124136931023
0
0
0
0
0
0
0
0
0
0
0
0
0
0
0
0
0
0
0
0
0
0
0
0
0
0
0
0
