1.5606477482646683
0
0
0
0
0
0
0
0
0
0
0
0
0.0012154577478696795
0
0
0.0012956809865211029
0
0
0
0
0
0
0
0
0
0
0
0
0
0
0
0
0
0
0.00044628188397617056
0
0.001902069163028237
0
0.00044692089011015703
0.00044653726702851746
0
0.0006812080961434606
0
0
0
0
0.0006812080961434606
0.0006812080961434606
0
0
0
0
0
0
0
0
0
0.0006070197387260475
0.0006183231966183314
0.0006046678606217235
0
0.0011296762564347942
0
0
0
0
0.0011296762564347942
0.0011296762564347942
0
0
0
0
0
0
0
0.0011940686673792412
0
0
0.0011986541845350755
0.0011958986576740755
0
0
0.001297296548848436
0
0
0
0
0.0056545208270459
0
0
0
0
0
0
0
0.000901587376236088
0
0
0
0
