1.8325814637483102
0.0007189413353269165
0
0
0
0
0
0
0
0
0.000693371722946769
0.001432263746579375
0
0.0007136220653225507
0.0008277242383687037
0.0007203543489576692
0
0.0015233428626336744
0
0.0007778359353770417
0
0
0
0.0013080524366511851
0
0
0
0
0
0.001119019823172182
0.0011187921024104458
0.0013696423495876758
0.001119019823172182
0.001119019823172182
0
0
0
0
0
0
0
0
0
0
0
0
0
0
0
0
0
0.0016828112614768688
0
0
0
0
0
0
0
0
0
0
0
0
0
0
0
0
0
0
0
0
0
0
0
0
0
0
0
0
0
0
0
0.0015233428626336744
0
0
0
0
0
0
0
0
0
0
0
0
0
0
0
0
0
