1.6607312068216509
0.0006515226390041784
0
0
0
0
0
0
0
0
0
0
0.0014901132407551824
0.0006467021833417644
0
0.0006528031473355546
0
0
0
0
0
0
0
0
0
0
0
0
0
0
0
0
0
0
0
0
0
0
0
0
0
0.0021428789765440656
0.002174680759696618
0.0010089497003776737
0.0011621631958164105
0.0009974361602532438
0.0011508878772152813
0.002174680759696618
0.002174680759696618
0.00423655920107564
0
0.0015250056995607447
0
0
0
0
0
0
0
0
0
0.0013222382219917604
0
0
0
0
0.001993674918153242
0
0
0
0
0.0011508878772152813
0
0
0
0
0
0
0
0
0
0
0
0
0
0
0.004215053824420434
0
0
0
0
0
0
0
0.0021567937750930533
0
0
0
0
0
0
