0.22314355131420976
0.0003501664202655312
0.00020815629786773298
0.003774098119479235
0.0047022587441691716
0
0
0
0.0007385802277673472
0.0002598721482696542
0.00025328439422725283
0.0002615985361245132
0.0005005463241682588
0.0001737878125500076
0.0007055125831975919
0.00035085464043114746
0.00037051648204933127
0.00027823385450649596
0.00044415515787064045
9.471288256120958e-05
0
6.188118450199938e-05
0.00020585198460720458
0
0
0.0005037100481133403
6.194990319661571e-05
6.194990319661571e-05
0.0015283804884534914
4.5419000878121265e-05
0.00013622927430659938
0
4.5419000878121265e-05
4.5419000878121265e-05
0.0022314355131420978
6.380999465662276e-05
0
0
0
6.390136062835332e-05
6.384650967502426e-05
0.0031671987928468485
0.00019480013209446508
0.00027113432723476275
0.00015615363982799844
0.00013402015093946532
0.0013917477212944476
0.00019480013209446508
0.00019480013209446508
0.0034154625201154557
0.0012678610870125555
0.0010245342117273174
0.0035372821872794147
0.0004401253477597826
0.000328635568945817
0.0012678610870125555
0.0012678610870125555
0
8.679251315216249e-05
8.8408697034156e-05
8.645623840147608e-05
0.002842593010372099
0.00016152265748404615
0
0.00037097847267532797
0.0009830112392696466
0.0005357588266847773
0.00016152265748404615
0.00016152265748404615
0
0
0
0.002195962276369968
0
0
0
0.0003414591450867785
0
0.00011035783942344696
0.0003427704321262823
0.0003419824541213943
0.0009415339717899145
0.00022933561286146944
0
0.0002314767129815454
0.0002314767129815454
0.003964479338069717
0.0037190591885701628
0.002627596165837615
0.0010443535942942735
0.0013242940730813636
0.0018502782032687377
0.0037190591885701628
0.0037190591885701628
0.0023183745591086728
0.00013859847907714894
0.0002578203943549506
0.00013859847907714894
0.00013859847907714894
8.5956683865258e-05
0.00015539244520488144
