0.0009381514331198437
0.0008365256540423792
0
0
0
0
0
0.0004946934222222758
0.00092831832415469
0.0006785891041493989
0.0004672426735096682
0
0.0006984077111631079
0.0008100772367962336
0.0009399952842069504
0.0007445043595960403
0.0014908653385426942
0
0
0
0.0013263161414434177
0
0.0008534432558966744
0
0.00044983972968820195
0.0013277890077859423
0.0013277890077859423
0
0.0014602165701338174
0.0007299597078823204
0.00044681390191003023
0.0014602165701338174
0.0014602165701338174
0
0.001196699744149083
0.0007955249511052833
0.0007286252294401224
0.0006766689312457504
0.0011984132317552527
0.0011973845508696259
0
0.002087601923197278
0.002179235725719151
0.003346883139289687
0.001077183785145262
0.00041430145582510076
0.002087601923197278
0.002087601923197278
0
0
0.0010979559242527465
0.0007897450472333162
0.0019652761366062473
0.0017609337282934326
0
0
0
0.00023253092211420476
0.00023686093532314598
0.00023162998866936089
0
0.000649117264664083
0.0005942713725204974
0.0004969551128475647
0
0
0.000649117264664083
0.000649117264664083
0
0
0
0
0
0
0
0
0.0004616501936336837
0.0002956661724805244
0
0
0
0
0
0
0
0
0
0.0016245570672707077
0
0
0.0009914378121983756
0
0
0
0.0007426546593237521
0.000690741768637343
0.0007426546593237521
0.0007426546593237521
0
0.0004163210311668666
