1.3470736479666094
0
0
0
0
0
0
0
0
0.0005229323167572241
0.0005096759924202079
0
0
0
0
0
0
0.0005598809841922733
0
0
0
0.000747129033813982
0
0
0
0
0.0007479587162501996
0.0007479587162501996
0
0.00027418555830787896
0
0
0.00027418555830787896
0.00027418555830787896
0
0.0003852083637308006
0.0008962565854734594
0.0008208858305707553
0
0.0003857599220981127
0.00038542879770146196
0
0
0.0008183922527136144
0.002828006258852224
0
0
0
0
0
0
0
0
0
0.0019839081707902937
0
0
0
0
0
0
0
0.0029252413636625613
0
0
0
0
0.0029252413636625613
0.0029252413636625613
0
0
0
0
0
0
0
0
0.001040211311171127
0.0013324170603032735
0
0
0
0
0.0011197619683845465
0
0
0
0
0
0
0
0
0
0
0
0
0.0007782054580974057
0
0
0.0005189035623908358
0.0009380735710073882
