0.0006951576468936349
0
0
0
0
0
0
0
0
0
0
0
0.0006900143465466804
0
0.0006965239158537247
0
0.0007364741653914694
0
0
0
0
0
0.0012647800442054785
0
0
0
0
0
0.00036066697372926426
0.0010817807337801437
0.001324332467811566
0.00036066697372926426
0.00036066697372926426
0
0.000506707704298506
0
0
0
0.0005074332307937788
0.0005069976657888056
0
0
0
0
0
0
0
0
0
0
0
0
0
0
0
0
0
0
0
0
0
0
0
0
0
0
0
0
0
0
0
0
0
0
0
0.0013557435668950844
0
0
0.001360949955400826
0.0013578213348136978
0
0
0
0
0
0
0
0
0
0
0
0
0
0
0
0.0020473215966861644
0
0
0
0
