1.07880966137193
0.0012696857528896783
0
0.002280781525099218
0.0020666851750420112
0
0
0
0.0008926848666710219
0.0004187925704083579
0
0
0
0.0012602916604812265
0.0009745344727840379
0.0012721812044480306
0.001343474049031046
0
0
0.0009157976751883956
0
0
0
0.0007700283093304283
0
0
0
0
0
0
0
0
0
0
0
0.0006169915135098256
0.0007177708991163873
0.0006574099094283547
0.0006105317834589304
0.0006178749492393643
0.0006173445844760687
0
0.0023544514652377346
0
0
0.0012958674611074233
0.0007476158429465904
0.0023544514652377346
0.0023544514652377346
0
0
0
0
0
0
0
0
0
0
0
0
0
0.0007808973299833008
0
0
0
0
0.0007808973299833008
0.0007808973299833008
0
0.0028389727930840263
0
0
0.0028389727930840263
0.0028389727930840263
0
0.00082540907526544
0
0.0042682874831728185
0.000828578848979977
0.0008266740700168046
0
0
0.0008967661358037656
0
0
0
0
0
0
0
0
0
0
0
0
0
0
0
0
0.000751260209869032
