0.0007189413353269165
0
0
0
0
0
0
0
0
0
0
0
0.0007136220653225507
0
0.0007203543489576692
0
0
0
0
0
0
0
0.0013080524366511851
0
0
0
0
0
0
0.0011187921024104458
0
0
0
0
0.0005240438844004319
0.0012192824110101865
0.001116746778640043
0
0.0005247942336048998
0.0005243437664515909
0
0
0
0
0
0
0
0
0
0
0
0
0
0
0
0
0
0
0
0
0
0
0
0
0
0
0
0
0
0
0
0
0
0
0
0.0014021281283460674
0.0014151208214272667
0.0009063211986885806
0.0014075126449679802
0.0014042769837151804
0
0
0
0
0
0
0
0
0
0
0.003039106905055241
0
0
0
0
0
0
0
0
0
