0.0004856313675957698
0
0
0
0
0
0
0
0
0
0
0
0.0004820383006236827
0.0005591121752491496
0.00048658583176164203
0
0
0.0004927843773891788
0
0
0.0006865637027185898
0
0
0.0008650414786873635
0
0.0006873261277077276
0.0006873261277077276
0
0.00025195895705304645
0
0
0.00025195895705304645
0.00025195895705304645
0
0.00035398180040080565
0
0
0.000700551418223892
0.0003544886471940485
0.0003541843650934527
0
0.001080641079006213
0.0007520500340228536
0.0008662521735490672
0.000743468081682653
0.0008578477865569073
0.001080641079006213
0.001080641079006213
0
0
0
0
0
0
0
0
0
0
0
0
0
0
0
0.0010289894896106544
0
0
0
0
0
0
0
0.0009370736987143204
0
0
0
0
0.0009558875335919824
0
0
0
0
0
0
0
0
0
0
0
0
0
0
0
0
0
0.0007688660596283337
0
0.0007688660596283337
0.0007688660596283337
0
0
