0
0
0
0
0
0
0
0
0
0
0
0
0
0
0
0
0
0.002265668771758616
0
0
0
0
0
0.003977190743995558
0
0
0
0
0.00038614288314387977
0
0
0.00038614288314387977
0.00038614288314387977
0
0.0005424992807794915
0
0
0
0.0005432760552365066
0.0005428097238586213
0
0.0008280750697886867
0
0.001327585713706005
0
0
0.0008280750697886867
0.0008280750697886867
0
0
0
0
0
0
0
0
0
0
0
0
0
0
0
0
0
0
0
0
0
0
0
0
0
0
0
0
0
0
0
0
0
0
0
0
0
0
0
0
0
0
0
0
0
0
0.0011783353943390568
0
0.0011783353943390568
0.0011783353943390568
0
0
