0.0006122588263101877
0
0
0
0
0
0
0.0006456962135972976
0
0
0
0
0.0006077288739348397
0
0.000613462165198376
0.0006478404932605514
0.001297296548848436
0
0.0006624141546114891
0
0
0
0
0
0
0
0
0
0.00031765677758287573
0
0
0.00031765677758287573
0.00031765677758287573
0
0
0
0
0
0
0
0
0
0.0009481456550818155
0
0.0009373259749337347
0
0
0
0
0
0
0
0
0
0
0
0
0
0
0
0
0
0
0
0
0
0
0
0
0
0
0
0
0
0
0.0011940686673792412
0
0
0.0011986541845350755
0.0011958986576740755
0
0
0
0
0
0
0
0
0
0
0.0012940694430055293
0
0
0
0.0009693464274935829
0.000901587376236088
0.0009693464274935829
0.0009693464274935829
0.0006011740170511049
0
