1.7147984280919266
0
0
0
0
0
0
0
0
0
0
0
0
0.0006677563972320586
0
0
0.0007118299826035395
0
0
0
0
0
0
0
0
0
0
0
0
0.0003490328573360323
0
0
0.0003490328573360323
0.0003490328573360323
0
0.0004903627189282033
0
0
0
0.0004910648419507236
0.000490643327064929
0
0
0
0.0011999988999943502
0
0
0
0
0
0
0.001574654203941163
0
0
0
0
0
0
0.002000931654716367
0.0020381914755450794
0.001993179110529167
0
0
0
0
0
0
0
0
0
0
0
0
0
0
0
0
0
0
0
0
0
0
0.002850870204641607
0
0
0
0
0
0
0
0
0
0
0
0.001065092191361445
0.0009906403397411476
0.001065092191361445
0.001065092191361445
0
0
