0.00193389137520225
0
0
0
0
0
0
0.000509876822030465
0.000717608081627116
0.0027976669213340155
0.001203958849987919
0.0013822030942660765
0.0016796351152518374
0.0008349405683249552
0.0019376922623390472
0.0005115700617881419
0.002304935683630238
0.0009811881201016194
0.0007846173252425514
0
0.0005126340594208128
0.000568437397992451
0.0030787316031168585
0
0.00046364645554839497
0.0005132033365550946
0.0005132033365550946
0
0.0006270976383307724
0.0022570920858015274
0.0013815832722507107
0.0006270976383307724
0.0006270976383307724
0
0
0.0024598249078795088
0.001501977183239042
0.0003487188112189117
0
0
0
0.00430335147567921
0.0011230610074553164
0.0008624018746309544
0.0011102452962591296
0.0017080696865525071
0.00430335147567921
0.00430335147567921
0
0
0
0.0008139843321318586
0.0008102381846467021
0.0018149812648713313
0
0
0
0
0
0
0
0
0
0.0005122079296956085
0
0
0
0
0
0
0
0.00046645430690675017
0
0
0
0.0009429015140379754
0.0009516388253649683
0.0006094818391926973
0.0009465224875941889
0.0009443465738296046
0
0.0006332848298292055
0.004097663437564868
0.0006391972400662002
0.0006391972400662002
0
0
0.0005581396190433124
0
0
0
0
0
0
0.00038272431020112854
0
0.00038272431020112854
0.00038272431020112854
0.0007120795139720535
0.0008581979657713328
