0.27443684570176036
0.001076645138100276
0.0011520203410988075
0
0.0005257410837198474
0
0
0
0.0010218997150665467
0.00042614417034434837
0.0008306828473757409
0.00042897513982299395
0.0006156053066436975
0.0005343396528461066
0.0004958208594431082
0.0010787611859345925
0.0007974503611093078
0.0004562541075673489
0.0006555020199882811
0.000465936919697386
0
0.0002283168433458905
0.0005063410437301852
0.0007835455980064536
0.000383559532776744
0.0006194962656924613
7.619012928977245e-05
7.619012928977245e-05
0
0.00011171864266304106
0.0005026315855343596
0.000410219500301585
0.00011171864266304106
0.00011171864266304106
0
0.0003139111760958083
0.0009129635585554236
0.00033447513187295595
0.0003106246131315907
0.00031436064799743454
0.00031409081053134234
0
0.001677047507562045
0.0008336477694464166
0.0009602408876898544
0.0008241346717770582
0.0007607396970249768
0.001677047507562045
0.001677047507562045
0
0
0.0002520081227748029
0.0018126608038425388
0.0007217274048698498
0.0008083559519934031
0
0
0
0.00021348646106710258
0.00010873092143492883
0.00010632965738154218
0.00021850067332942704
0.0011919081246547683
0.0008184001362875557
0.0009125082151346978
0.002417945777108021
0.002306191980687062
0.0011919081246547683
0.0011919081246547683
0
0
0.0003803698485124884
0.0006232479463325368
0
0
0
0.0006299238998510185
0.00042384068834248705
0.0013572544297812085
0.0006323429624464524
0.000630889300463817
0
0.0005641045132615835
0.0011406352689183722
0.0005693710491737766
0.0005693710491737766
0
0
0.00024858409936753654
0.00042813860483893973
0.0008143526578687252
0.0006826787206511451
0
0
0
0.00017045766813773936
0.0009512542312019423
0.00017045766813773936
0.00017045766813773936
0.00010571527184197241
0.0003822240190832317
