1.4271163556401458
0.0005598730308513715
0
0
0
0
0
0
0.0005904494644766842
0.0005540047964441559
0.0016198823560047058
0
0
0
0
0.0005609734102359064
0
0.0005931489424938262
0.0005681195683280836
0.001211473986112178
0
0
0
0
0.0009972860626416113
0.0010738272051468367
0
0
0
0.00029047758103809197
0
0.0010666041521974184
0.00029047758103809197
0.00029047758103809197
0
0
0
0.004348313088483077
0
0
0
0
0.0006229228963946511
0
0
0
0.0009889926234512446
0.0006229228963946511
0.0006229228963946511
0
0
0
0
0
0
0
0
0
0.0022203288302452676
0.0022616740976864435
0.0022117262388843795
0
0
0
0
0
0
0
0
0
0
0
0.001080330322210557
0
0
0
0
0
0
0
0
0
0
0
0
0
0
0
0
0
0
0
0
0
0
0
0
0
0
0
0.0009938136181338064
