0.1392620673335076
5.463400052314931e-05
6.495432245033003e-05
0.0001472114876675556
0.00026678556960442067
0
0
0
0.00011523547152131368
0.00010812272308502142
5.2690907050135304e-05
5.4420503061159675e-05
6.247737430843768e-05
5.422977699902944e-05
0
5.4741378668831605e-05
0.00011561815469780623
5.788115849272968e-05
0.00022175488428902485
5.910953621965518e-05
0.0009473610022687592
7.723908337964926e-05
0.00012847054182057896
9.940190387830664e-05
0.0002919540195671019
0.00020957421720618148
7.732485693143122e-05
7.732485693143122e-05
0.0009538497762569013
2.8345627383168654e-05
8.501957712668351e-05
0.00010408226258109686
2.8345627383168654e-05
2.8345627383168654e-05
0.000348155168333769
3.982329634930158e-05
9.265606609015809e-05
8.486414828367313e-05
7.881271495954024e-05
3.988031710581547e-05
3.984608507396498e-05
0.00017969299010775174
6.078658547948826e-05
8.460635925486488e-05
9.745421087019425e-05
8.364088128138594e-05
9.650870917082993e-05
6.078658547948826e-05
6.078658547948826e-05
0.00035526037585078467
0
0.00012788068625666445
0.00018396574284479207
9.155954459796687e-05
0.0004101975473741019
0
0
0.0013788323498367088
5.41664983794273e-05
5.5175145536254996e-05
5.395663205482666e-05
0.00011087744214451242
0.00010080497092544886
0.0001384314784627312
0.00011576231698545936
0
0
0.00010080497092544886
0.00010080497092544886
0.0007407556773058914
0.0003664791245618621
9.650870917082993e-05
0.00010542170123656897
0.0003664791245618621
0.0003664791245618621
0.0013015146479767065
0.00010655093139518562
0.0001075382759332105
6.887342598096321e-05
0.00010696011315937604
0.00010671422784176827
0.0005876036596350531
0.00014312648235715068
0.00011576231698545936
0.0001444627254496967
0.0001444627254496967
0.0003534570236891056
0
0.000126143176932525
0.00010862875767044275
0
0.00011547435102280896
0
0
0.00018085982770585404
8.649817846801715e-05
8.045180088590849e-05
8.649817846801715e-05
8.649817846801715e-05
5.364486415004145e-05
9.697915552472674e-05
