0.00044701227272984104
0
0
0
0
0
0
0
0.00044232697328740867
0.00043111399288246874
0.0031168581408044364
0
0
0.0015439488932091664
0.00044789083458662143
0
0
0
0
0.007751253627131733
0
0
0.003253202807104539
0
0
0
0
0
0.0002319223047401516
0
0
0.0002319223047401516
0.0002319223047401516
0.002848585707970912
0.005213310989709419
0.003032426568698243
0.002777414462372614
0.0006448411336663072
0.005220775638892851
0.005216294286413115
0.0014702377847591805
0.0034814666007501327
0.0006922444004789579
0
0
0
0.0034814666007501327
0.0034814666007501327
0
0
0
0
0
0
0
0
0
0
0
0
0.000907192900627679
0
0
0
0
0
0
0
0
0
0.0007896287478782847
0
0
0
0
0
0
0
0
0
0.004807739591512088
0
0.004735803338272506
0
0
0.002891965185757271
0
0
0
0
0.000944804546590684
0
0
0.0014797847833615126
0
0
0
0
0.0008778384308076771
0.0023804337392514586
