0.0004856313675957698
0
0
0
0
0
0
0
0.0004805412872677085
0
0
0.0005553496437871768
0.0009640766012473654
0.0011182243504982991
0.00048658583176164203
0.0005138540290583716
0.0015434842344159815
0
0
0
0.0006865637027185898
0
0.0008835648508219966
0
0
0.0006873261277077276
0.0006873261277077276
0
0
0.0007557230500620373
0
0
0
0
0.00035398180040080565
0.0008236023659358731
0.0007543414722739898
0.000700551418223892
0.0003544886471940485
0.0003541843650934527
0
0
0
0
0
0
0
0
0
0
0.002273414795227947
0
0
0
0
0
0
0
0
0
0
0
0.0012304914075562793
0
0
0
0
0
0
0
0.0017156955731138146
0
0
0
0
0
0
0.0006122029455992172
0
0
0
0.003816673245637052
0.002057978979221309
0.003852306087141962
0.003852306087141962
0
0
0
0
0
0
0
0
0
0
0
0
0
0.002384195600927614
0.0008620294958228532
