0
0
0
0
0
0
0
0
0
0.0006283508160505679
0.0012979532683248542
0.0007450566203775912
0
0
0
0
0.0006902457218710104
0.0013222382219917604
0.0014097888003579378
0
0
0
0
0
0
0
0
0
0
0
0
0
0
0
0
0
0
0
0
0
0
0
0.0020178994007553474
0.0011621631958164105
0
0
0
0
0
0
0.0030500113991214894
0
0
0
0
0
0
0
0
0
0
0
0.0016508262493256966
0
0
0
0
0
0
0.004370345281109607
0
0
0.004370345281109607
0.004370345281109607
0
0
0
0.0008213309628198075
0
0
0
0
0
0
0
0
0.009226284482342506
0.0015042855134254085
0
0
0
0.009226284482342506
0.009226284482342506
0
0
0.0009594056654082327
0
0
0
0
