1.0498221244986776
0.00041185646312227447
0
0
0
0
0
0
0.0004343492447243184
0.0004075396446035239
0.00039720852232261736
0.0004102470201245321
0.0004709834564821344
0.0004088092385119461
0
0.00041266592944130413
0.00043579166645856275
0.0004363350475888103
0.00041792282026221247
0.00044559512924392087
0
0
0.0009684705945559757
0.000749337704852732
0.0014672566380135256
0.0007899338784790651
0
0
0
0
0
0.0007846204218973675
0
0
0
0
0.0006984844474375767
0.0006397453531375245
0.0005941268389918946
0
0
0
0
0
0.0007346550906218877
0.0006305237984977043
0.0007275274598050434
0
0
0
0
0
0
0.0006902183593022207
0
0
0
0
0
0
0
0
0
0
0.0008726700951776206
0
0
0
0
0
0
0
0.0007947177323986962
0
0
0
0
0.000810673455211334
0
0
0
0
0
0.0008726700951776206
0
0
0
0
0
0.0008188940128694834
0
0.000870499274045338
0
0
0
0.0006520634313656383
0.0006064830297508247
0.0006520634313656383
0.0006520634313656383
0
0.0007310739028542323
