0.0003200222494278781
5.435345907460429e-05
0.0003695575568370558
0.00022324485872787661
0
0
0
0.0009642847849065089
0.000542859392496669
0.0008818298619443936
0.0011384702643215281
0.0003136845659648765
0.0004537921193767586
0.0007368895336871376
0.0003206512239747096
0.00043536917654776443
0.000629650711274884
0.000463908504203629
0.0004451631351033805
0
0.00016158321721568443
0.000645021123187924
0.000582253186146796
0.00040717615742820267
0.0008768533954548654
9.705759266181423e-05
9.705759266181423e-05
0
2.3719482242204683e-05
0.0002845758638728977
0.0004354776392225396
2.3719482242204683e-05
2.3719482242204683e-05
0
0.00013329575779920117
0.0006202731404175735
0.00042608342323931117
0.0005276007527151177
0.00013348661655893654
0.0001333720357721907
0.0006014648580952341
0.0001525977515355106
0.00014159637455158153
0.0005708444463202668
0.0006999028003360457
0.00040379007711694944
0.0001525977515355106
0.0001525977515355106
0.0011891205740403223
0.00132424791199945
0
0.0010775914316930796
0.0006895492086150982
0.00017162564986148985
0.00132424791199945
0.00132424791199945
0
0.0001813050427941682
9.23405834040821e-05
9.03012911708265e-05
0.0003711268033629032
0.0001687062124588514
0
0.0005812160411768159
0.0033368713905889227
0.0008393792287343453
0.0001687062124588514
0.0001687062124588514
0
0.0006133358750313242
0.0015344022930444078
0.0005292981813290762
0.0006133358750313242
0.0006133358750313242
0
0.0010699355738878495
0.0014398000464055797
0.0003457976743500048
0.0010740443894557753
0.0010715753218938078
0.0004917038660588675
0.0004790701593255976
0.001259301422549768
0.0007253142090619394
0.0007253142090619394
0.0002957711072486081
0.0006474100903108423
0.00010555599298546341
0.001181700164841943
0.0003457976743500048
0.0004831418584409271
0.0006474100903108423
0.0006474100903108423
0.0006053704740568914
7.23812523328892e-05
0.00040393003901543015
7.23812523328892e-05
7.23812523328892e-05
0.00044889759728794916
0.0006492134610359421
