0.0006012070895637396
0
0
0
0
0
0
0.0006340409066189377
0.0005949056177398961
0.0005798247715845525
0.0005988577066424276
0.0006875176632112931
0.0005967589062686807
0.000692175641959337
0.0006023887072712155
0.0006361464804059661
0.0008492529073416304
0.0006100624487651163
0.0006504570761027047
0
0.000141659906757069
0.0009424827006752596
0.0007292300125139054
0.0007139421715806998
0.0007687368303476158
0.00014181721925763207
0.00014181721925763207
0
0
0
0.0007635659548071611
0
0
0
0.00014607538569230504
0.0006797413489900077
0.000622578456753188
0.0005781840676468487
0.0001462845428883135
0.0001461589767570789
0
0
0
0.0007149413908551305
0.0006136043528720609
0.0007080050225446857
0
0
0
0
0
0.000674802673402894
0.0006716970726705993
0.0007523205062827551
0
0
0
0.0011921251429778078
0.0012143239867654296
0.0013854240086640585
0
0.0001848807903604744
0
0.0008492529073416304
0.0011251665721717858
0.0006132360429363634
0.0001848807903604744
0.0001848807903604744
0
0
0
0.0007733923145586537
0
0
0
0.00039083827373067383
0.0007889198822640783
0.0002526338396468797
0.0003923391887603615
0.0003914372595907975
0
0.0010500012821500323
0.0008492529073416304
0.0005299020993423141
0.0005299020993423141
0
0
0
0.0011953797748034106
0
0.0008471403379203827
0
0
0
0.0006345659922558891
0.0005902086929705265
0.0006345659922558891
0.0006345659922558891
0.0009838706158821085
0.0010671844507646046
