0.0007801116307131164
0
0
0
0
0
0
0.001234073984291105
0.0011579024922482922
0.000752366457316585
0
0.00044605306116817715
0.00038716988837377995
0
0.0007816448689810275
0.0004127240653150132
0
0
0
0
0
0
0
0
0
0
0
0
0.00040474344528551473
0.0006069916198680506
0
0.00040474344528551473
0.00040474344528551473
0
0.0005686315546719285
0
0
0
0.0005694457464741506
0.0005689569518419839
0
0.0013019453601185512
0.0006040414783377077
0.000695767860982412
0.0005971485125188389
0.0013780350288896284
0.0013019453601185512
0.0013019453601185512
0
0
0
0.001313411193320828
0.0006536832829348237
0
0
0
0
0
0
0
0
0.002159071169042056
0.0009883223393080188
0.0008264773677006375
0
0
0.002159071169042056
0.002159071169042056
0
0
0
0.0007526512288749938
0
0
0
0.0015214265850709515
0
0.0004917172469554238
0.0015272692370873532
0.001523758273323934
0
0
0
0
0
0
0
0.0009005908273042272
0
0
0
0
0
0
0
0.0011487605700102447
0
0
0
0.0013847524698382548
