0.0009397893639283307
0
0
0
0
0
0
0.00033037140927503995
0.00030997969573671254
0.0012084868652558027
0
0.0014329433758955075
0
0.00036066291608752104
0.0009416364342190702
0
0.0003318818355019832
0.0003178772676026161
0.0006778503363478537
0
0.00022143862901213856
0.000736630716068055
0
0
0
0.00022168453531864845
0.00022168453531864845
0
0.00016252955347400197
0
0
0.00016252955347400197
0.00016252955347400197
0
0
0
0.00048659823048005586
0.00045190022423190245
0
0
0
0.00034854111576506833
0
0.0005587877510271319
0
0.0005533663868453026
0.00034854111576506833
0.00034854111576506833
0
0.004536975546691884
0.0007332485732027287
0.0031644954935975095
0.0005249886234173384
0.001176005443619693
0.004536975546691884
0.004536975546691884
0
0
0
0
0
0.00028900025197892566
0
0
0
0
0.00028900025197892566
0.00028900025197892566
0
0
0.0005533663868453026
0
0
0
0
0
0.0018498247788828685
0
0
0
0
0
0
0
0
0
0.013308461603629527
0.0014465719134379921
0.0012457218349731227
0.0023694590392218744
0.0006621125175935088
0.013308461603629527
0.013308461603629527
0
0
0.00046129849579305116
0
0
0
0.0005560638553048549
