0.16251892949777494
0.0007650949995972144
0.0001516034790091184
0.0030923263540802845
0.0037360673447764353
0
0
0
0.0014120386923679245
0.0005047171723533383
0.0009838452031647367
0.0008891227092492571
0.0007291113929913636
0.00037971712499480125
0.0001468102344153342
0.0007665987240461082
0.0006071691014860833
0.00047283146570424963
0.00045287918251768494
0.0005518469592454158
0.0022111418979289107
4.506903202933304e-05
0.000299850423427629
0.00011600209100483579
0.00011357018134016417
0.0004891465146659893
4.511908092664491e-05
4.511908092664491e-05
0.0022262867054489714
0
0.0004960895283814864
0
0
0
0.002437783942466624
0.00018589525821878747
0.0004325187744451762
0
0
0.00018616143126892892
0.0001860016360489556
0.004613440579291676
0.0008512558507085549
0.0014810352019845833
0.0010235621871798283
0.0013665255333146242
0.0019146374230507095
0.0008512558507085549
0.0008512558507085549
0.004975069270340049
0.0027702090255302546
0.0016416053484623733
0.000858752599724042
0.0028849514112031056
0.0047870082326296
0.0027702090255302546
0.0027702090255302546
0
0.00012642468261203808
0.00012877886648001184
0.00012593485431830682
0.0038818215644372996
0.0003529184136759499
0.0008077481585376488
0.00027018940897385695
0.004653625734517785
0.0009755037784980489
0.0003529184136759499
0.0003529184136759499
0.0017289247818912227
0.0004276813934151972
0.0006757543846061328
0.0008611903909798823
0.0004276813934151972
0.0004276813934151972
0
0.00012434501109240623
0.0006274862142771233
0.00016075067210462408
0.0001248225264959869
0.00012453557815921451
0.002742935518949788
0.00016702870451980981
0.00013509470448692847
0.00016858810113877068
0.00016858810113877068
0.003712361333705519
0
0.0005888367010788947
0.0010141586864135723
0.00048225201631387225
0.00040427594402431575
0
0
0.005065525075255322
0.00020188686894133533
9.388730762436449e-05
0.00020188686894133533
0.00020188686894133533
0
0.00033952422597028194
