1.6094379124341003
0
0
0
0
0
0
0
0
0
0
0
0
0
0
0
0
0
0
0
0
0.0013389666492796175
0
0.0011487779532006427
0
0
0.0013404535639373405
0.0013404535639373405
0
0.0003275876068459394
0
0
0.0003275876068459394
0.0003275876068459394
0
0.0004602338897438091
0
0.0009807665523669106
0
0.0004608928729765465
0.0004604972567765666
0
0.0007025045449297688
0
0
0
0
0.0007025045449297688
0.0007025045449297688
0
0
0
0
0
0
0
0
0
0.0031299842715560096
0.0031882684477696124
0.0031178572499691985
0
0
0
0
0
0
0
0
0
0
0
0
0
0
0
0
0
0
0
0
0
0
0
0
0
0
0
0
0
0
0
0
0
0
0.000999650877288261
0
0.000999650877288261
0.000999650877288261
0
0
