1.1394342831883648
0.0008940245454596821
0
0
0
0
0
0
0.0004714250240746234
0.0008846539465748173
0
0.00044526544868634814
0.0005111863091917294
0
0.0005146496310697221
0.0008957816691732429
0.0004729905700242278
0.00047358033382725054
0
0
0
0
0
0
0
0
0
0
0
0.0002319223047401516
0
0
0.0002319223047401516
0.0002319223047401516
0
0.0006516638737136774
0.0007581066421745607
0
0.0006448411336663072
0.0006525969548616064
0.0006520367858016394
0
0.0004973523715357332
0
0
0
0
0.0004973523715357332
0.0004973523715357332
0
0
0
0
0
0.0016781064553584165
0
0
0
0
0
0
0
0
0
0
0.0025097671435867067
0
0
0
0
0.0029985112715483282
0.0015792574957565694
0.0008625543400366122
0.0029985112715483282
0.0029985112715483282
0
0
0
0
0
0
0
0
0
0
0
0
0
0
0
0
0
0
0
0
0.002123169471779562
0
0.002123169471779562
0.002123169471779562
0.00043891921540383855
0.0007934779130838195
