0.00022052527193155795
0.0005243646624566616
0
0
0
0
0
0.0004651377063744652
0.0004364277314856686
0.00021268214837440077
0
0
0
0
0.0002209586942427442
0.0004666823728962567
0.0002336321355584128
0.000447546909357915
0.00023859037273070508
0
0.00015588433670369974
0.0005185598875955177
0.0004012269223080237
0.0003928154564315452
0.0004229638210335148
0.0001560574453507888
0.0001560574453507888
0
0
0
0.00042011877290997103
0
0
0
0.00016074318505963434
0.0003739979495366209
0.0003425465680399398
0.0003181204969742735
0.0001609733442593188
0.00016083516971489019
0
0
0.0003415060256096848
0.00039336523313753755
0.0003376089598519767
0.0003895487998292039
0
0
0
0
0.0005161789882034355
0
0.00036957193829950116
0.001655725826667279
0
0
0
0.0002186382412110234
0.00022270955552834438
0.00021779113450350298
0
0.00040689027734603056
0.0027938316011607415
0.0009345285422336512
0
0.0020244378805049502
0.00040689027734603056
0.00040689027734603056
0
0
0
0.00042552529761812356
0
0
0
0.0004300833344709573
0.0004340686626668272
0.0002780014432015535
0.00043173496017937115
0.0004307424660180392
0
0.0005777172848443384
0.0004672642711168256
0.0005831109109476569
0.0005831109109476569
0
0
0
0.000438470294971561
0
0.0004661019221836992
0
0
0
0.0003491421851885349
0.00032473652117477825
0.0003491421851885349
0.0003491421851885349
0
0.0011743431437748076
