0.0005283205596420287
0.00031405995954466676
0.0007117807116953125
0
0
0
0
0.0005571738132095701
0.0010455660764965302
0.0017833567434151945
0.0007893840014815539
0
0.0013110291146101354
0.00030413033119411267
0.0005293589255218283
0.0013975603015022116
0.0002798605790788718
0.0005361023513246542
0
0
0
0
0.0009612341945235768
0
0
0
0
0
0
0.0016443090433791588
0
0
0
0
0.00019254920024700187
0.0008960007362125955
0.0012309772454547816
0.0003810665270309935
0.00019282490070554568
0.00019265938576931775
0
0.0011756343138607866
0.0008181586309401768
0.0014135994820093046
0
0.00046662824204003154
0.0011756343138607866
0.0011756343138607866
0
0
0.0018549436729029354
0.0008894908233339043
0.00044269858860208124
0.000991670917914235
0
0
0
0.0005237997302713073
0.0005335535287351549
0.0005217702853651806
0.0005361023513246542
0.0009748021038925306
0
0
0
0.000808336798635973
0.0009748021038925306
0.0009748021038925306
0
0
0
0
0
0
0
0.00103036656964616
0.0010399143679749275
0.002664073405593533
0.0010343234305126966
0.0010319456755000238
0
0.0006920293455948258
0.0011194423163154873
0.0006984902004810846
0.0006984902004810846
0
0
0.0006099135446229761
0
0.0039961101083903
0
0
0
0
0
0
0
0
0.0010375108678948623
0
