0.0005598730308513715
0
0
0
0
0
0
0
0
0
0
0
0.0005557306680841689
0.001289174666341595
0.0005609734102359064
0.0005924102763138837
0
0.0005681195683280836
0
0
0.0003957616072213383
0
0.0010186412245825453
0.0009972860626416113
0
0.0003962010981788301
0.0003962010981788301
0
0.00029047758103809197
0
0.0010666041521974184
0.00029047758103809197
0.00029047758103809197
0
0.00040809732789252103
0.0009495118800000971
0.0008696626176966154
0.0008076493240747855
0.00040868165969076343
0.0004083308599828744
0
0.0006229228963946511
0
0
0
0
0.0006229228963946511
0.0006229228963946511
0
0
0
0
0
0
0
0
0
0
0
0
0
0
0
0
0
0
0
0
0
0
0
0
0
0
0
0
0
0
0
0
0
0
0
0
0
0
0
0
0
0
0
0
0
0
0
0
0
0
0
0
