0.00036940311489150454
0
0
0
0
0
0
0
0
0
0.00036795957008927126
0
0.00036666999215671537
0
0.00037012914302611837
0
0.0003913584953692623
0.00037484416395638736
0.0003996640661538392
0
0.00026112272319979066
0
0.0006720974588568488
0
0.000708509059336678
0.00026141269846153393
0.00026141269846153393
0
0.00019165653162191024
0.0011497051768723384
0
0.00019165653162191024
0.00019165653162191024
0
0.0010770472288915587
0.00125297210892674
0.000573801669627328
0
0.001078589392735905
0.0010776635649309815
0
0
0.0005720586511898208
0
0
0
0
0
0
0
0.0008646543065734115
0
0
0.0013867577906604492
0
0
0
0
0
0
0
0
0
0
0
0
0
0
0
0.002477917210153803
0.0006525353706572731
0
0.002477917210153803
0.002477917210153803
0
0.00072043499606614
0.0007271108415895329
0
0.0007232016435164708
0.0007215391110026399
0
0
0.0007827169907385246
0
0
0
0
0
0.0014689680809024104
0
0.0007807699335476327
0
0
0
0.0017545500742703944
0.0005439679606345726
0.0017545500742703944
0.0017545500742703944
0
0
