0.0006313997302605336
0
0
0
0
0
0
0.0006658824627364916
0.0018743453949154896
0.0006089435915376846
0.0006289323612481831
0.0007220448238825035
0.0006267281590475468
0.0007269367264833334
0.0006326406888498823
0.0006680937785114572
0.0006689268131480051
0.0012813996118105895
0.001366246105631664
0
0
0
0
0
0
0.0004468178546457802
0.0004468178546457802
0
0
0
0
0
0
0
0
0.0010708169743407188
0
0
0
0
0
0
0
0
0
0
0
0
0
0
0
0
0.0021162891682236693
0
0
0
0
0
0
0
0
0
0
0
0
0.001932098334254622
0
0
0
0
0
0
0
0
0
0
0
0
0
0
0
0
0
0
0
0
0
0
0
0
0.0013345256322007464
0
0
0
0
0
0
0
0
0.0022415569811059894
