0.6733445532637655
0.0005283205596420287
0
0
0
0
0
0
0.00027858690660478505
0.0007841745573723978
0.000509530498118627
0.0007893840014815539
0
0.0005244116458440541
0.0012165213247764507
0.0005293589255218283
0
0.0016791634744732307
0.0005361023513246542
0
0
0
0.0012423331241028883
0.0009612341945235768
0.000470541267130514
0.0010133100876806103
0
0
0
0.0005482145762375457
0.0016443090433791588
0.0005032470502718726
0.0005482145762375457
0.0005482145762375457
0
0
0.00044800036810629777
0.0004103257484849272
0.0003810665270309935
0
0
0
0.0005878171569303933
0
0.0014135994820093046
0.001213233429304082
0.0009332564840800631
0.0005878171569303933
0.0005878171569303933
0
0
0.002473258230537247
0.0008894908233339043
0.00044269858860208124
0.00396668367165694
0
0
0
0.002357098786220883
0.0024009908793081974
0.0023479662841433126
0
0
0.0006693285817731267
0
0
0
0
0
0
0.0035439187013882397
0.0009332564840800631
0
0.0035439187013882397
0.0035439187013882397
0
0
0.0005199571839874638
0.0006660183513983833
0
0
0
0.0006920293455948258
0.0011194423163154873
0.0006984902004810846
0.0006984902004810846
0
0
0
0
0.00199805505419515
0.0005583288169682965
0
0
0
0.00041822643059861216
0
0.00041822643059861216
0.00041822643059861216
0
0
