0.0007388062297830091
0
0
0
0
0
0
0.000779154770259367
0.00036553126547299883
0.0010687951644250228
0.001471838280357085
0
0.00036666999215671537
0
0.0007402582860522367
0
0
0.00037484416395638736
0.0007993281323076784
0
0
0
0.0013441949177136975
0
0
0
0
0
0.0003833130632438205
0
0.0007037433033321712
0.0003833130632438205
0.0003833130632438205
0
0.0008077854216686689
0.0018794581633901097
0.000573801669627328
0
0.0008089420445519288
0.0008082476736982361
0.001214978761107671
0.0004110032910774531
0.0011441173023796416
0
0
0
0.0004110032910774531
0.0004110032910774531
0
0
0
0
0.0006190720183158744
0
0
0
0
0
0
0
0.0007496883279127747
0.0027263367060686066
0
0
0.004148055241667159
0
0.0027263367060686066
0.0027263367060686066
0.005008556063076835
0
0
0
0
0
0
0.00144086999213228
0.0007271108415895329
0
0.0014464032870329417
0.0014430782220052798
0
0
0
0
0
0.0023898693905036674
0
0
0.0007344840404512052
0
0
0
0
0
0
0
0
0
0.0014508606161147074
0.0013114325067666366
