7.885708790507262e-06
1.4062969944265166e-05
2.124806734355498e-05
3.8507033921461705e-05
0.00015952914053176992
0
0.0003865513789808272
8.316372241209354e-06
7.80305578688005e-06
7.605248470300043e-06
1.570978640641111e-05
9.017797984299243e-06
7.827364371885908e-06
4.5394470883023965e-06
7.90120743199804e-06
8.34398991573392e-06
8.354393893184959e-06
8.001859755972536e-06
8.531694272921482e-06
0.00013673926331294565
5.574229536051862e-06
2.781458262039162e-05
2.15210617847998e-05
1.4046590990218735e-05
2.2686988382621908e-05
5.5804196854533635e-06
5.5804196854533635e-06
0.00013767583360960967
6.136985052005805e-06
1.8407208522896533e-05
1.5022923547834838e-05
6.136985052005805e-06
6.136985052005805e-06
5.0251679267507534e-05
5.747975895625683e-06
2.0060550605791427e-05
1.2249038212677034e-05
1.137559236389531e-05
5.756206101661802e-06
5.751265152218316e-06
2.5936350589681306e-05
1.754750912876736e-05
1.8317744568957787e-05
1.4066250319806166e-05
1.2072475499701509e-05
1.392977942273251e-05
1.754750912876736e-05
1.754750912876736e-05
5.127722374235462e-05
5.7104180985804015e-05
2.7686875629480733e-05
1.3276533492075965e-05
1.321543176002828e-05
1.4801672832844633e-05
5.7104180985804015e-05
5.7104180985804015e-05
0.00019901655155448526
7.81823092454415e-06
7.963816048733365e-06
7.787939444790008e-06
1.6003719511945073e-05
2.9099778077456405e-05
2.9971180477638685e-05
1.6708787786369917e-05
2.2137303642073804e-05
1.2065229115848146e-05
2.9099778077456405e-05
2.9099778077456405e-05
0.00010691846652661177
2.6448252246056594e-05
2.0894669134098767e-05
1.5216254130963673e-05
2.6448252246056594e-05
2.6448252246056594e-05
0.00018785674492526177
1.5379243846215006e-05
2.328263132085291e-05
9.940985018300204e-06
1.5438303922429348e-05
1.5402813568584683e-05
8.481296078904224e-05
3.098767477955243e-05
1.6708787786369917e-05
2.0851319198135904e-05
2.0851319198135904e-05
5.1016933266505106e-05
5.583519918611948e-05
2.731069525408018e-05
1.5679151097506252e-05
2.9822955054900612e-05
1.6667223637647607e-05
5.583519918611948e-05
5.583519918611948e-05
2.610476845065326e-05
1.2484889259008082e-05
1.1612173140960722e-05
1.2484889259008082e-05
1.2484889259008082e-05
1.1614409692027935e-05
1.3997682247216582e-05
