0.7765287894989963
0.0003046405608077663
0
0
0
0
0
0
0.0009638338305738473
0.0006028950229029474
0
0.0003034500935908544
0
0.0003023866002721948
0.0007014713545609722
0.0003052393040483476
0.00032234486903237705
0.000645493590605982
0.0009273831084781006
0.0006591925207971106
0
0.0004306870712695487
0
0
0
0
0.0004311653467512473
0.0004311653467512473
0
0.0003161118622019118
0.001422213900181312
0
0.0003161118622019118
0.0003161118622019118
0
0.00133233421132227
0
0.0004732046249232153
0.0008789233610628142
0.0013342419063556636
0.0013330966343330407
0
0.0010168425877332993
0.0009435343736318301
0.0005434071305101443
0.0004663836573567545
0.0005381349892577936
0.0010168425877332993
0.0010168425877332993
0
0
0
0.001025797608320999
0
0
0
0
0
0
0
0
0
0.0002810455264201941
0
0.000645493590605982
0
0.0018644148607418877
0.0002810455264201941
0.0002810455264201941
0
0
0
0
0
0
0
0.0005941306729143047
0
0.0007680799104836758
0.0005964122807211953
0.0005950412180068937
0
0
0
0
0
0
0
0
0
0.002304239731451028
0
0
0
0
0.00048231601832235795
0
0.00048231601832235795
0.00048231601832235795
0.00029912511151733293
0.0010815164199150366
