0.0006951576468936349
0
0
0
0
0
0
0.0007331224004682976
0.0006878714448493305
0
0
0.0007949559631816399
0.0006900143465466804
0
0.0006965239158537247
0.0014711140240198219
0
0
0
0
0.0004913912484558723
0
0
0
0
0.0004919369355724252
0.0004919369355724252
0
0
0
0
0
0
0
0
0
0
0
0
0
0
0
0
0
0
0
0
0
0
0
0
0.0023407620104780387
0
0
0
0
0
0
0
0
0
0
0
0.0014729483307829388
0
0
0
0
0
0
0
0
0
0
0
0
0
0
0
0
0
0
0
0
0
0
0
0
0
0
0
0
0
0
0.0011005943117589289
0.0010236607983430822
0.0011005943117589289
0.0011005943117589289
0
0.0012339532325430888
