0.0009712627351915396
0
0
0
0
0
0
0
0
0
0
0
0.0009640766012473654
0
0.0009731716635232841
0.0005138540290583716
0.0010289894896106544
0
0
0
0.0003432818513592949
0
0.0008835648508219966
0
0
0.0003436630638538638
0.0003436630638538638
0
0.00025195895705304645
0.0007557230500620373
0.0009251676801207902
0.00025195895705304645
0.00025195895705304645
0
0.0007079636008016113
0
0
0
0.000708977294388097
0.0007083687301869054
0
0
0.0015041000680457073
0
0
0
0
0
0
0
0
0
0
0
0
0
0
0
0
0
0
0.0004480182251182111
0
0
0
0.0014860436446598045
0.0004480182251182111
0.0004480182251182111
0
0
0
0
0
0
0
0
0
0.0012244058911984343
0
0
0
0
0.0010289894896106544
0
0
0
0
0
0
0
0
0
0
0
0.0007688660596283337
0.0007151209451193628
0.0007688660596283337
0.0007688660596283337
0.0009536782403710457
0
