0
0
0
0
0
0
0
0.001536459688872508
0
0.0004683595747263024
0.0014512008862856004
0.0005553496437871768
0
0.0005591121752491496
0
0
0.0010289894896106544
0
0
0
0
0
0
0.001730082957374727
0.0027942987720126797
0
0
0
0.00025195895705304645
0
0
0.00025195895705304645
0.00025195895705304645
0.003094685890004043
0
0.0008236023659358731
0.0007543414722739898
0.000700551418223892
0
0
0
0.002161282158012426
0.0007520500340228536
0
0
0
0.002161282158012426
0.002161282158012426
0
0
0
0
0.0008138555923745018
0
0
0
0
0
0
0
0
0.0004480182251182111
0
0.0010289894896106544
0
0
0.0004480182251182111
0.0004480182251182111
0.006584438063838389
0
0
0.0009370736987143204
0
0
0
0
0.0019117750671839649
0.0012244058911984343
0
0
0
0
0
0
0
0
0
0
0
0
0
0
0
0
0
0
0
0
0.00333787384129866
0
