1.8971199848858813
0.000744260488382064
0
0
0
0
0
0
0
0
0
0
0
0.0007387538881954367
0
0.0007457232644991673
0
0
0
0.0016104583912443815
0
0
0
0
0
0
0
0
0
0.00038614288314387977
0
0
0.00038614288314387977
0.00038614288314387977
0
0
0
0
0
0
0
0
0.0008280750697886867
0.0011525637818261731
0.001327585713706005
0.0011394114023338625
0.00131470546423138
0.0008280750697886867
0.0008280750697886867
0
0
0.001742075284560038
0
0
0
0
0
0
0
0
0
0
0
0
0
0
0
0
0
0
0
0
0
0
0
0
0
0
0
0
0
0
0
0
0
0
0
0
0
0
0
0
0
0
0
0
0
0
0
0
0
