0.9416085398584451
0.00036940311489150454
0.0008783661752410868
0
0.0018038477775065996
0
0
0
0.0003895773851296835
0.00036553126547299883
0
0.0007359191401785425
0
0
0
0.00037012914302611837
0
0
0.001124532491869162
0.0007993281323076784
0
0
0
0.0006720974588568488
0
0
0
0
0
0.0005749695948657307
0.0005748525884361692
0
0.0005749695948657307
0.0005749695948657307
0.002354021349646113
0.0005385236144457794
0.00062648605446337
0
0
0.0005392946963679525
0.0005388317824654908
0.001214978761107671
0.0008220065821549062
0.0011441173023796416
0.0006589282994110882
0
0.001957606111971819
0.0008220065821549062
0.0008220065821549062
0
0
0
0
0
0
0
0
0
0
0
0
0.0007496883279127747
0.0003407920882585758
0.000935992584352331
0
0
0
0.0003407920882585758
0.0003407920882585758
0
0
0.001957606111971819
0
0
0
0
0
0
0.0013970453113626782
0
0
0
0
0
0
0
0.0023898693905036674
0
0.000852906286103664
0
0.0027940906227253565
0
0
0
0
0
0.0005439679606345726
0
0
0.005440727310430152
0.0006557162533833183
