0.0019425254703830791
0
0
0
0
0
0
0
0.000961082574535417
0.0004683595747263024
0.00048373362876186687
0.0011106992875743536
0.001446114901871048
0.0005591121752491496
0.0019463433270465681
0.0010277080581167432
0
0
0
0
0
0
0.0017671297016439932
0
0
0
0
0
0
0
0.0009251676801207902
0
0
0
0.0014159272016032226
0.0016472047318717461
0.0007543414722739898
0.000700551418223892
0.001417954588776194
0.0014167374603738108
0
0.0005403205395031065
0.0015041000680457073
0.0008662521735490672
0.000743468081682653
0.0008578477865569073
0.0005403205395031065
0.0005403205395031065
0
0
0
0
0
0.0036461689425673553
0
0
0
0
0
0
0
0
0
0
0
0
0
0
0
0
0.0017156955731138146
0
0
0
0
0
0
0
0
0
0
0
0
0
0
0
0
0
0
0
0
0
0
0
0
0.0007151209451193628
0
0
0.0014305173605565686
0.0017240589916457064
