0.0001461981782593123
0.0001738149050293783
0.0003939314549503035
0.0007139064298524656
0
0
0
0.0001541825222933335
0.0002169987323658698
0.00014099854573703635
0.0004368806053727867
0.00033437340186898796
0.00014511649391860866
8.415970108016871e-05
0.00014648551744614273
0.0002320418159296308
0.000232331144877174
0.0002967031499864547
0.00023726177189069638
0.002535096301925082
0.0001550162880128898
0.0003437815095784014
0.0006649877879782068
0.0002604186976820315
0.0002804056857659797
0.00015518843269696854
0.00015518843269696854
0.0025524599752259386
7.585164998636008e-05
0.0002275086424804561
0.0002785195488662086
7.585164998636008e-05
7.585164998636008e-05
0.0009316478909574677
0.00010656538644065974
0.0006198588762192067
0.00022709272174466002
0.0005272483819793252
0.00010671797147279126
0.00010662636806380175
0.0004808505243651446
0.0001626622245233466
0.00022640288966159603
0.0002607831745157362
0.00022381931314293516
0.0002582530536264637
0.0001626622245233466
0.0001626622245233466
0.0009506611132219057
0
0.0003422030820780414
0
0.00024500930728664505
0
0
0
0.0036896946176533376
0.00014494716312057063
0.00014764625847186493
0.00014438557008252114
0.0002967031499864547
0.00013487483039557982
0.0003704365371600269
0.00030977485983623196
0
0
0.00013487483039557982
0.00013487483039557982
0.0019822295552286546
0
0.0002582530536264637
0.0002821038276934043
0
0
0.003482795854046608
0.0002851255978446726
0.00028776768832663096
0.000184302253404049
0.000286220550217348
0.00028556257194098627
0.0015724015037256837
0.00038300016072249444
0.00030977485983623196
0.0003865758883640945
0.0003865758883640945
0.0009458354222918453
0
0.00033755358368024193
0.0002906857694095063
0
0.00030900427560778365
0
0
0.00048397293036751566
0.00023146531452359446
0.0002152854745135685
0.00023146531452359446
0.00023146531452359446
0.00014355129290561907
0.00038926792101286954
