0.0009932954926965818
0.0003936427566672243
0.0008921459516855486
0
0
0
0
0.00034918083173129044
0.0003276281328783109
0.0003193227659078808
0.0003298046386457714
0.00037863170493249393
0.0006572975625346799
0.0011435908811578983
0.0009952477244039256
0.0003503404193833661
0.0007015545056479875
0.0013439013858193138
0.001432886367223309
0
0.000468092107761802
0.0031142807021938335
0
0
0.0006350414373924221
0.0004686119213184503
0.0004686119213184503
0
0.0005153491168091974
0.0005152442431590531
0
0.0005153491168091974
0.0005153491168091974
0
0
0
0
0.0009552575781488727
0
0
0
0.001105155046217192
0.0005127400184049386
0.0005906018686455765
0.0005068889311078252
0.0005848718435859521
0.001105155046217192
0.001105155046217192
0
0
0
0
0
0
0
0
0
0.0009847958813238376
0.001003133997972895
0.0009809803219231255
0
0
0
0
0
0
0
0
0
0
0
0
0
0
0
0
0
0
0
0
0
0
0.0007015545056479875
0.0008754876247868558
0.0008754876247868558
0
0
0.0007644656433827255
0
0.0025043622263932613
0
0
0
0
0.001048410025210595
0
0.001048410025210595
0.001048410025210595
0
0
