1.5141277326297755
0
0
0
0
0
0
0
0
0.0005877825049028631
0
0
0
0
0
0
0
0
0.0006027578553462482
0
0
0
0.001396796801318981
0
0
0
0
0
0
0.0006163760360796969
0
0
0.0006163760360796969
0.0006163760360796969
0
0
0
0
0
0
0
0
0.0013218050917763208
0
0.0010595715413784293
0
0
0.0013218050917763208
0.0013218050917763208
0
0
0
0
0
0
0
0
0
0
0
0
0
0.0005480013509336864
0
0
0
0
0.0005480013509336864
0.0005480013509336864
0
0.007969093329630398
0
0
0.007969093329630398
0.007969093329630398
0
0
0.001169210604347317
0
0
0
0
0.0015561436101025443
0
0.0015706719218151197
0.0015706719218151197
0
0
0
0
0
0
0
0
0
0
0.000874712728266768
0
0
0
0.0010544064990458046
