0.0006951576468936349
0
0
0
0
0
0
0
0
0
0
0
0.0006900143465466804
0.0008003418436910006
0.0006965239158537247
0
0.0007364741653914694
0
0
0
0
0
0.0012647800442054785
0
0.0013333008592414412
0
0
0
0.00036066697372926426
0.0010817807337801437
0.001324332467811566
0.00036066697372926426
0.00036066697372926426
0
0
0
0
0.0010028052302953456
0
0
0
0
0
0
0.001064238343502628
0
0
0
0
0
0
0
0
0
0
0
0
0.0006892091956172211
0.0007020431227939285
0.0006865388771529932
0
0
0
0
0
0
0
0
0
0
0
0
0
0
0
0
0
0
0
0
0
0
0
0
0
0
0
0
0
0
0
0
0
0
0
0
0
0
0
0
