0.0018979678820355151
0
0
0
0
0
0
0.000800648759835917
0.0007512298340541192
0.0003660930859862678
0.0015124408382363513
0.002170444204265827
0.0018839252847774645
0.0008740596443195173
0.0019016981648225348
0.0008033076183160695
0
0
0.0004106893150516578
0
0
0.0017852103805566526
0.002071914403129991
0.0013523186949849135
0
0
0
0
0.0009847181215771482
0.0005907106387434101
0.001446313940600457
0.0009847181215771482
0.0009847181215771482
0
0.0008300692247026357
0.001931305441640131
0.0005896307289833673
0.0021903430136088415
0.0008312577545203657
0.0008305442285508203
0
0.0029563894298698995
0.0005878396271334786
0.0006771056866771908
0.0034867892838259663
0.0006705364007357628
0.0029563894298698995
0.0029563894298698995
0
0
0
0.001278182333238713
0
0
0
0
0
0
0
0
0
0
0
0
0
0
0
0
0
0
0.0006705364007357628
0
0
0
0
0
0
0.002392641014494821
0
0
0
0
0
0
0
0
0
0
0
0
0
0
0
0
0
0.0016769220559128347
0
0
0.00223632671709177
0.0006738050322156725
