0
0
0
0
0
0
0
0
0
0
0.0006289323612481831
0.0007220448238825035
0
0
0
0
0
0.0006406998059052948
0.000683123052815832
0
0
0
0
0
0
0
0
0
0.0006551752136918788
0.0009825628281038463
0.0012028683949432738
0.0006551752136918788
0.0006551752136918788
0
0
0
0.0009807665523669106
0
0
0
0
0.0007025045449297688
0
0.0011262686581064382
0
0
0.0007025045449297688
0.0007025045449297688
0
0
0
0
0.0010581445841118347
0
0
0
0
0
0
0
0
0
0
0
0
0
0
0
0
0
0
0
0
0
0
0.001231398555802678
0
0.0007959633592651336
0.001236127428904839
0.001233285756654483
0
0
0
0
0
0
0
0
0
0
0
0
0
0
0
0
0
0
0.000619968379211903
0
