0
0
0
0
0
0
0
0
0
0.0006704339167354807
0
0
0
0.0008003418436910006
0
0
0
0
0
0
0.0004913912484558723
0
0
0
0
0.0004919369355724252
0.0004919369355724252
0
0.0007213339474585285
0
0
0.0007213339474585285
0.0007213339474585285
0
0.000506707704298506
0
0
0.0010028052302953456
0.0005074332307937788
0.0005069976657888056
0
0.00154688506497763
0
0.001239997790015308
0
0
0.00154688506497763
0.00154688506497763
0
0
0
0
0
0
0
0
0
0
0
0
0
0
0
0
0
0.002127199089954232
0
0
0
0
0
0
0
0
0
0
0
0
0
0
0
0
0
0
0
0
0
0
0
0
0
0
0
0
0
0
0
0
0
0
