0.0003200222494278781
0.00016306037722381287
0.00024637170455803724
0.00133946915236726
0
0
0
0.0002892854354719527
0.00018095313083222299
0.00017636597238887872
0.0002276940528643056
0.0002614038049707304
0.000317654483563731
0.00010526993338387678
0.0003206512239747096
0.0001934974117990064
0.000193738680392272
0.0003247359529425403
0.0001978502822681691
0.0015854940987204298
3.2316643443136886e-05
0.00021500704106264132
8.317902659239944e-05
8.143523148564053e-05
8.768533954548653e-05
3.235253088727141e-05
3.235253088727141e-05
0.0015963536473418028
9.487792896881873e-05
0.00014228793193644886
8.709552784450794e-05
9.487792896881873e-05
9.487792896881873e-05
0.000874003621919637
3.3323939449800293e-05
7.753414255219668e-05
7.101390387321853e-05
0.00013190018817877942
3.3371654139734136e-05
3.3343008943047673e-05
0.0009021972871428511
0.00010173183435700707
0.00028319274910316305
8.154920661718097e-05
0.00013998056006720913
0.00016151603084677978
0.00010173183435700707
0.00010173183435700707
0.0005945602870201612
0
0.00021401986456556768
0.0003078832661980227
0.00015323315747002185
0
0
0
0.0011538001609500159
9.06525213970841e-05
9.23405834040821e-05
0.000180602582341653
0.0008350353075665322
0.0002952358718029899
0.0004633551342184954
0.000193738680392272
0.0017967769026248045
0.00013989653812239086
0.0002952358718029899
0.0002952358718029899
0.0030993036238285
0.0003066679375156621
0.0006460641233871191
0.0003528654542193841
0.0003066679375156621
0.0003066679375156621
0.0010891010865042205
8.916129782398746e-05
8.998750290034873e-05
5.7632945725000793e-05
8.950369912131459e-05
8.929794349115065e-05
0.0014751115981766025
0.0004790701593255976
9.6869340196136e-05
0.00024177140302064648
0.00024177140302064648
0.0005915422144972162
0
0.00021111198597092683
0.0006363000887610463
0
0.00019325674337637082
0
0
0.0004540278555426686
0.0001447625046657784
0.00020196501950771507
0.0001447625046657784
0.0001447625046657784
0.00013466927918638475
8.115168262949276e-05
