0.0008395644031511944
0
0
0
0
0
0
0.00044270783277459546
0.0005538430806502055
0.0008097047535499032
0.000696902977605964
0.0008000783847885428
0.0008333526727540476
0.0011276985580718731
0.0008412144904215386
0.0007402966872950029
0.0005929758003968951
0.0014198843309662914
0.0015139004411660968
0
0.0008902036870351058
0.0006580718522854841
0.0010183438799107277
0.0014954924274160689
0.0010735137515086
0.0008911922530395867
0.0008911922530395867
0
0.0013067675536122905
0.0010887513551243358
0.0015994392104875892
0.0013067675536122905
0.0013067675536122905
0
0.0008159564059221789
0.0007119260358058531
0.0010867609504531762
0.001412973745088357
0.0008171247283819757
0.0008164233337653389
0
0.0014011673921643787
0.0010834597324991871
0.0007487927444480035
0.0010710959277439411
0.0009887039333020995
0.0014011673921643787
0.0014011673921643787
0
0
0.0006550504020913359
0.0004711690144501088
0.0007035008756188016
0.0010505889364911115
0
0
0
0.00041619013295067953
0.00042394010769262965
0.0004145776179063143
0
0.0006454486860997691
0.0007090953159815753
0.0005929758003968951
0
0
0.0006454486860997691
0.0006454486860997691
0
0
0.0007415279499765747
0.0013500187128642406
0
0
0
0.0008186877060567692
0.001101698668536625
0.0005291913114817988
0.0008218316680615954
0.000819942399859155
0
0.0007331447974074664
0.0011859516007937901
0.0007399895102463327
0.0007399895102463327
0
0
0.0009692253911378597
0.0005564351699512206
0
0.000887251104325205
0
0
0
0.001107686161300411
0.0010302569149010178
0.001107686161300411
0.001107686161300411
0.0008243642772081643
0.0012419044009008787
