0.001111179562007572
0.000293573456007183
0
0
0
0
0
0.001692693290407986
0.0008551922414122287
0.0013098063538542195
0.0020906927167936317
0.0007059460404659043
0.0007353054785974302
0.0015636035199804435
0.001113363484102713
0.0009144770501776262
0.0011772222375549882
0.0007516976389483284
0.001202205731560824
0
0.0014836613040141162
0.0026129120881524925
0
0.0006597709535423484
0.00047360533459699046
0.0014853089012423384
0.0014853089012423384
0
0.0006405673617742727
0.00038426220371147766
0.0007056294727347537
0.0006405673617742727
0.0006405673617742727
0
0.0010799339256724056
0.00041877677290711937
0.0013424589968786722
0.0008905227641191289
0.001081480222816839
0.0010805519136127045
0
0.0016484194404523798
0.0011471837600475097
0.0004404629039044089
0.001323108236563304
0.001308568585612059
0.0016484194404523798
0.0016484194404523798
0
0
0.0005779811659131316
0.0008314682822713347
0.00020691041738310335
0
0
0
0
0.0007344474792058347
0.0007481237991435028
0.0007316018864929101
0
0.0003417054775675355
0.0003128337423853878
0.0013080247083944315
0.006238759258936789
0.0007556080308276115
0.0003417054775675355
0.0003417054775675355
0
0.00082818617063079
0.0006542842928060295
0.0014294204913233922
0.00082818617063079
0.00082818617063079
0
0.00024078863415432302
0
0.0014007896654586061
0.00024171332168947788
0.00024115765888099632
0
0.0003234437254262078
0.0023544444751099763
0.0003264634282569504
0.0003264634282569504
0
0
0
0.0004909684006859597
0.0037354391078896166
0.000782862549352488
0
0
0
0.0011728350739367709
0.0010908518018707112
0.0011728350739367709
0.0011728350739367709
0.0014547492057305094
0.0008766316012247916
