1.9661128563728327
0
0
0
0
0
0
0
0
0
0
0.0007683129567693759
0.001764121001680424
0
0
0
0
0
0
0
0
0
0
0
0
0
0
0
0
0.00040018580426884445
0
0
0.00040018580426884445
0.00040018580426884445
0
0.0005622284404840815
0
0
0.0011126841292432557
0.0005630334640242935
0.000562550173497234
0
0
0
0
0
0
0
0
0
0
0
0
0
0
0
0
0
0.0007647268986280952
0.0007789670587847991
0.0007617639892959445
0
0
0
0
0
0
0
0
0
0
0
0
0
0
0
0
0
0
0
0
0
0
0
0
0
0
0
0
0
0
0
0
0
0
0
0.0022716497473978426
0
0
0.0015147248508265276
0
