1.7719568419318754
0.0006951576468936349
0
0
0
0
0
0
0
0
0
0
0
0.0006900143465466804
0
0.0006965239158537247
0
0.0007364741653914694
0
0
0
0.0004913912484558723
0.0016346465331474865
0.0012647800442054785
0.0012382647392955104
0.0013333008592414412
0.0004919369355724252
0.0004919369355724252
0
0.00036066697372926426
0
0
0.00036066697372926426
0.00036066697372926426
0
0.001013415408597012
0
0
0
0.0010148664615875576
0.0010139953315776112
0
0
0
0
0
0
0
0
0
0
0
0
0
0
0
0
0
0
0
0
0
0
0
0
0
0
0
0
0
0
0
0
0
0
0
0
0
0
0
0
0
0
0
0
0
0
0
0
0
0
0
0
0
0
0
0
0
0
0
0
