0.2613647641344075
0.0003076085886242537
0.0002438104143044846
0.0011051364234013004
0
0
0
0
0.0006488161294192988
0.0006087688605615082
0.0004944471512190834
0.0005106775383634379
0.00011725651150040714
0.0009159980051439516
0.00047220372924012193
0.000308213165252839
0.0006509707699487111
0.0003258912271002587
0.0003121394476127478
0.0009984222738580932
0.0035559831855021427
0.0005073636574988499
0.003375559684392717
0.0005596675891529069
0.0005479345160050472
0.0017699645426709312
0.0005079270818825243
0.0005079270818825243
0
0.000744780520635397
0.0009573800884044231
0
0.000744780520635397
0.000744780520635397
0.0026136476413440753
0.00029895883801476413
0.0005216861559569012
0.00015927164176380714
0.00014791441094193973
0.00029938690049760314
0.00029912991603365667
0.0003372448569476226
0.00045633306701773463
0.0004763634826265021
0.0007316018590186354
0.0004709275029448784
0.0018112596267110708
0.00045633306701773463
0.00045633306701773463
0.0006667468472816518
0
0.00024000437477907026
0.00069052777842644
0
0.0007698520298509795
0
0
0.002587769941924827
0.00040663518340631273
0.0004142072331765571
0.0005063246108764191
0.00020809296507516524
0
0
0.00021726081806683917
0.0005756933130713822
0
0
0
0.0013902381070979124
0
0.00036225192534221416
0.001187122320065439
0
0
0
0.00019997304065371652
0
0.00038778154916084204
0.00020074098627834679
0.00020027951274667242
0.0011028049119595252
0.0005372348697521224
0.00043452163613367834
0.0005422505479966961
0.0005422505479966961
0.0006633623455188008
0.001452026467413375
0.0007102303373217596
0.0006116180127950254
0.0007755630983216841
0.000433440736541306
0.001452026467413375
0.001452026467413375
0.00033943475861611367
0
0.0003019812410565078
0
0
0.000201359602568881
0.00018200888867298573
