0.0006152171772485074
0.0002438104143044846
0
0.000500698781866681
0
0.023760433103127955
0.020104981856492888
0.00021627204313976625
0.0008116918140820108
0.0001977788604876334
0.00010213550767268759
0.00023451302300081428
0.00010177755612710572
0.0007083055938601829
0.000616426330505678
0.00032548538497435554
0.0006517824542005174
0.0007283253777630782
0.0004437432328258192
0
7.24805224998357e-05
0.0002411114060280512
0.00018655586305096897
0.00018264483866834905
0.0001966627269634368
7.256101169750348e-05
7.256101169750348e-05
0
0
0
0.0001953398835085258
0
0
0
7.473970950369103e-05
0.00017389538531896708
0.00015927164176380714
0.00029582882188387946
7.484672512440079e-05
7.478247900841417e-05
0.0010117345708428678
0.00022816653350886732
0.0003175756550843347
0.0005487013942639766
0.00031395166862991893
0.00036225192534221416
0.00022816653350886732
0.00022816653350886732
0.0013334936945633036
0.0014850270689454972
0.0004800087495581405
0
0.00017183745176489648
0
0.0014850270689454972
0.0014850270689454972
0
0.00010165879585157818
0.00010355180829413927
0.00010126492217528382
0.0016647437206013219
9.459455813767916e-05
0.0005196118571260586
0.0008690432722673567
0.0005756933130713822
0.004706448333752836
9.459455813767916e-05
9.459455813767916e-05
0
0
0.00018112596267110708
0.00039570744002181306
0
0
0
0.00019997304065371652
0.00020182607269066217
0.00012926051638694733
0.00020074098627834679
0.00020027951274667242
0
0.0026861743487606115
0.0006517824542005174
0.0027112527399834802
0.0027112527399834802
0.0006633623455188008
0
0
0.00020387267093167514
0
0.000216720368270653
0
0
0.0013577390344644547
0.00016233836281640218
0.0006039624821130156
0.00016233836281640218
0.00016233836281640218
0.0003020394038533215
0.00036401777734597145
