0.00043494022146787413
0
0
0
0
0
0
0.0009173873599682342
0
0.002097356459556586
0.0008664811446046199
0
0.0004317222058105962
0.0005007509595851902
0.00043579505680880944
0.0009204338933346709
0.00046079078325919
0.0004413465861949089
0
0
0.00030744942443749617
0
0.0007913366342052899
0.0007747467676601056
0.0008342081448620099
0.0003077908452308749
0.0003077908452308749
0
0.00022565899135387974
0.0006768392091096527
0.0008285968793136108
0.00022565899135387974
0.00022565899135387974
0
0
0
0
0
0
0
0
0.00048392083130581015
0
0.0007758310878387761
0
0.0007683039670974436
0.00048392083130581015
0.00048392083130581015
0
0
0
0
0
0
0
0
0
0
0
0
0
0
0.0011020503225860944
0.00092158156651838
0
0
0
0
0
0
0.0015366079341948872
0
0
0
0
0.0008482499039951118
0.0025683304042971684
0
0.0008515073921056921
0.0008495499038479779
0
0
0
0
0
0
0
0
0
0
0
0
0
0
0
0
0
0
0
0
