0.000875416050663828
0.0006244688936031989
0
0
0
0
0
0.0016618055124765312
0.0012127366919250531
0.0006754250512726744
0.0001743990240830088
0.0006006555890019106
0.001216514687850053
0.000403150047541481
0.0008771366010778686
0.0022230988922959877
0.0009274461816883199
0.0003553241262965124
0
0
0.0022277226420719777
0.00041170396921440917
0.0012741958676043385
0.00031187079149435325
0
0.0022301965150781653
0.0022301965150781653
0
0.0033610060649809734
0.0008173756458395962
0.0003335479092888038
0.0033610060649809734
0.0033610060649809734
0
0.003318119722144383
0.0008907926200168054
0.0008158813576387926
0.0002525676868298922
0.003322870752674372
0.0033200185031012613
0
0.0007792005283778603
0
0
0
0
0.0007792005283778603
0.0007792005283778603
0
0
0
0.0011790940624264716
0.0008802506955195652
0.000657271137891634
0
0
0
0.00034717005260864996
0.000353634788136624
0.0003458249536059043
0
0
0.0017745014021010716
0.0011129354180259838
0.0019660224785392933
0
0
0
0
0.0023488794875179977
0.0018556636283925969
0.0006756807004215284
0.0023488794875179977
0.0023488794875179977
0
0.001365836580347114
0.0006892464905458216
0
0.0013710817285051292
0.0013679298164855772
0
0.0004586712257229389
0.0018548923633766399
0.0004629534259630908
0.0004629534259630908
0
0
0.0004042455639750177
0.0006962357295295157
0
0.00037005564065374755
0
0
0
0.00388075741416017
0.0002578203943549506
0.00388075741416017
0.00388075741416017
0.0010314802063830961
0.0012431395616390515
