0
0
0
0
0
0
0
0
0.0006878714448493305
0.0006704339167354807
0.0006924411261945586
0.0023848678895449196
0
0
0
0
0
0
0.0007521039227215091
0
0
0
0
0
0
0
0
0
0.00036066697372926426
0
0
0.00036066697372926426
0.00036066697372926426
0
0.000506707704298506
0
0
0.0010028052302953456
0.0005074332307937788
0.0005069976657888056
0
0
0
0
0.001064238343502628
0
0
0
0
0
0
0
0
0
0
0
0
0
0
0
0
0
0
0
0
0
0
0
0
0
0.0036839019582783276
0
0
0
0
0
0
0
0
0
0
0
0.0014729483307829388
0
0
0
0
0
0.0013821816239718218
0
0
0
0
0
0
0.0010236607983430822
0
0
0
0
