0
0
0
0
0
0
0
0
0
0.000539960785334902
0.0005576851721923196
0
0.0005557306680841689
0
0
0.0005924102763138837
0.0005931489424938262
0.0017043587049842504
0
0
0.0003957616072213383
0
0
0
0
0.0003962010981788301
0.0003962010981788301
0
0.0008714327431142758
0
0
0.0008714327431142758
0.0008714327431142758
0
0.00040809732789252103
0
0
0
0.00040868165969076343
0.0004083308599828744
0
0.0006229228963946511
0
0.0009986818443947837
0
0
0.0006229228963946511
0.0006229228963946511
0
0
0
0
0
0
0
0
0
0.0005550822075613169
0.0005654185244216109
0.0005529315597210949
0
0
0.0014186047272764868
0
0
0
0
0
0
0
0
0
0
0
0
0
0
0
0
0
0
0
0
0
0
0
0
0
0
0
0.0011833468952240015
0
0
0
0
0
0
0
0
0
