0.0003750771290255
0
0
0
0
0
0
0.00019778063754364902
0.00018557290409277938
0
0
0
0.0005584530384848128
0.00021591499590921398
0.00037581430891745263
0.0005953123299414692
0.0005960546146421443
0.00019030087617157634
0.00020290144352419343
0
0.0002651335557088185
0.0008819848725885604
0.00034121042180085634
0.0003340571634821801
0.00035969586225959347
0.00026542798497667953
0.00026542798497667953
0
9.730018337940154e-05
0.0002918411483168497
0.0003572763833654707
9.730018337940154e-05
9.730018337940154e-05
0
0.0001366988278361452
0.0003180544251117763
0.0002913076178811699
0.0002705352580322579
0.00013689455926202743
0.00013677705320257503
0
0.0002086581409615887
0.0005808454446452001
0.00033452470324912506
0.0005742171783099096
0.00033127914133264017
0.0002086581409615887
0.0002086581409615887
0
0
0
0
0.0003142904674181458
0
0
0
0
0.000185933800444574
0.0001893961176477812
0.00018521340602208438
0
0.0005190399575928336
0.000475184692786282
0.0007947394861895257
0
0
0.0005190399575928336
0.0005190399575928336
0
0
0
0.0003618741869364116
0
0
0
0.000365750421532517
0.000369139614627799
0.0004728346201216614
0.0003671549930437786
0.0003663109585770113
0
0.0004913009259434735
0.00039736974309476287
0.0004958877603143151
0.0004958877603143151
0
0
0
0.0003728828400491418
0
0.00039638126114676595
0
0
0
0.0011876665861937882
0.000552323282429809
0.0011876665861937882
0.0011876665861937882
0.0003682864414044682
0.00033289401179874636
