0.0007189413353269165
0
0
0
0
0
0
0
0
0
0.0007161318732896875
0.0016443081774323105
0.0007136220653225507
0
0.0007203543489576692
0
0
0
0
0
0
0
0
0
0
0
0
0
0
0
0
0
0
0
0
0
0
0
0
0
0
0.0007999046109770013
0.0011133544737231531
0.0012824222979344367
0.0011006495277767628
0.0012699802243578034
0.0007999046109770013
0.0007999046109770013
0
0.010412394680388126
0
0
0
0
0.010412394680388126
0.010412394680388126
0
0
0
0
0
0
0
0
0
0.008799910990388043
0
0
0
0
0
0
0
0
0
0
0
0
0
0
0
0
0
0
0
0
0
0
0
0
0
0
0
0
0
0
0
0
0
0
