0
0.0015996253993394837
0.003625366655585469
0.0032850544599462195
0
0
0
0
0.005991143576408129
0
0
0
0.003338781986160293
0
0
0.0035591499130176976
0.0021381526534812053
0.0006826426863423275
0
0
0.00047554032947640784
0
0
0
0
0
0
0
0
0
0
0
0
0
0
0
0
0
0
0
0.0044252862660436815
0
0
0
0
0
0
0
0.008748971571897584
0
0.001574654203941163
0
0
0
0
0
0
0
0
0
0.006826426863423275
0
0
0.002850870204641607
0
0
0
0
0
0
0
0
0
0
0
0
0
0
0
0
0
0
0
0
0
0.004352280274344991
0
0
0
0.005088422635287616
0
0
0
0.004454021891147861
0
0
0
0
0
0.001194149323183793
