0.0010877162503883017
0
0.0036635686076107047
0
0
0
0
0.0011471198685311464
0.004036183116614588
0.00026225773006430014
0.0008125992738100178
0.0015548388976221294
0.001619502758317629
0.0006261492145979632
0.0010898540574841907
0.0025895909609960598
0.0025928198774062793
0.0013796719358279165
0.0005884101702546225
0
0
0.0006394346684132336
0.0009895034697501004
0.0004843795811040847
0
0
0
0
0.00014108430298390907
0
0.000518047220149436
0.00014108430298390907
0.00014108430298390907
0
0.002180331422979525
0.0009223515376712512
0.0008447863260937785
0.00078454689367283
0.0021834533179150625
0.002181579109058483
0.0026831503763610786
0.002420417915530145
0
0.0004850575091392199
0
0
0.002420417915530145
0.002420417915530145
0.003536465206938496
0
0.0012729975767859418
0.0027469505174106154
0
0
0
0
0
0
0
0
0.0022074750973246665
0.0012543380031848448
0.0006890131019482556
0.002880910974895866
0
0
0.0012543380031848448
0.0012543380031848448
0
0
0.00048035147647951856
0.0036729979287809366
0
0
0
0
0
0.00034280275992084334
0
0
0.0029246716479322584
0
0
0
0
0.0017592568034516377
0
0
0
0
0
0
0
0.0036007645743373782
0
0.0016017265870824848
0
0
0.0010680233906932902
0.002413465113370283
