0.38566248081198473
0.000605198086797936
0.0005396396653152771
0.000815354082054936
0.0007388170130497792
0
0
0
0.0012764997296217946
0.0010479958717716977
0.000875510739641282
0.0016577910468666792
0.0006920816165311525
0.000450540281322412
0.0003483852581860747
0.0006063875484465169
0.0006403694160431461
0
0.00046058417294424925
0.0008184687623344328
0
0.000748651515719327
0.0007115543926420382
0
0
0
0.0007494828888628243
0.0007494828888628243
0
0.0004709902065686767
0.0016481302598802768
0.0002882380275126941
0.0004709902065686767
0.0004709902065686767
0.0019283124040599237
0.0003308514276339589
0.0007697853908422848
0.00047003349276293085
0
0.00033132515533675663
0.00033104075606178946
0.004976290074993351
0.003366761072125576
0.0018744227499974955
0.002159062173894946
0.0013897747056287738
0.0010690574658682875
0.003366761072125576
0.003366761072125576
0.006886830014499727
0
0
0.0005094616655376285
0.0007606755045601277
0
0
0
0
0
0
0
0.003684673383553994
0.0018145538366108585
0.0034502607627314736
0.0019235036449475548
0
0.0023149008452099927
0.0018145538366108585
0.0018145538366108585
0.0020513961745318335
0
0.0005345287329341438
0.0005838947476335878
0
0
0
0.0008852237509073866
0.003871515251394441
0.000762932701903036
0.0008886232276773842
0.000886580415659735
0
0.00039636431738127926
0.0003205839408245925
0.00040006481412031613
0.00040006481412031613
0.0019576775675735265
0
0.0013973278290289302
0
0.0034331971585636624
0.00031978646833497905
0
0
0.006010324376290671
0
0.00022279750480183982
0
0
0.003565446663901246
0.00295423905914473
