0
0
0
0
0
0
0
0.0005573329118604093
0.0010458646335144482
0
0
0.0018130197146253157
0
0
0
0.0005591837475992567
0
0.0005362554331077267
0
0
0.000373564516906991
0
0
0
0.0020271988682717974
0.0003739793581250998
0.0003739793581250998
0
0.00027418555830787896
0
0
0.00027418555830787896
0.00027418555830787896
0
0.0015408334549232023
0
0
0
0.0015430396883924509
0.0015417151908058478
0
0
0
0.0009426687529507413
0
0.0018670459431276638
0
0
0
0
0
0.0017794896274327735
0
0
0
0
0
0.0005239492990924191
0.0005337058827126028
0.0005219192746867918
0
0
0
0.0011197619683845465
0
0
0
0
0
0
0
0.0010197378107241555
0
0
0
0
0
0
0
0
0
0
0
0
0
0
0
0
0
0
0
0
0
0
0
0.0015564109161948115
0
0
0.0005189035623908358
0.0009380735710073882
