1.4696759700589417
0
0
0
0
0
0
0
0
0
0.0005560635528032319
0
0
0
0
0
0
0
0.0005850620899916169
0
0
0.0004075640515970443
0
0
0.0010270272327455917
0
0.00040801664910020596
0.00040801664910020596
0
0.000897420702254595
0.0008972380769590608
0
0.000897420702254595
0.000897420702254595
0
0.0008405352988612764
0.001955656646785019
0
0
0.0008417388144667478
0.0008410162918792228
0
0.0006414997686857013
0
0
0
0
0.0006414997686857013
0.0006414997686857013
0
0
0
0
0
0
0
0
0
0.0005716359276775346
0.0005822804952689943
0.0005694211429906787
0
0
0
0
0
0
0
0
0
0
0
0.0011125480469787597
0
0
0
0
0
0
0
0
0
0
0
0
0
0
0
0
0
0
0
0
0
0
0
0.0008490329116458358
0
0
0.0005661309591906555
0
