0.8675005677047231
0.00034032976371311223
0
0
0
0
0
0
0
0.00101028792822755
0.0003282257161198347
0.0003389998310686687
0.0003891882313614729
0.00033781174754856817
0
0.00034099865082732825
0.00036010816426098924
0
0.0003453425826850012
0
0
0
0
0
0
0.0006527468530509578
0
0
0
0.00017657247459896663
0.0026480481309667982
0
0.00017657247459896663
0.00017657247459896663
0
0
0.0005771793530969548
0
0.0004909454259789039
0
0
0
0.0003786558567021925
0
0.000607068276910233
0.0005210213619848186
0
0.0003786558567021925
0.0003786558567021925
0
0.00492898049832229
0.000796602908819764
0.0011459716878530028
0.0005703488282082335
0.0012776149745283107
0.00492898049832229
0.00492898049832229
0
0.00033741756814652783
0.0003437007003584481
0.00033611025482554167
0.0006906851653700024
0
0
0.0007211143538692627
0
0
0
0
0
0.0022828962308019027
0.0012023569891957354
0
0.0022828962308019027
0.0022828962308019027
0
0
0.0006698846082661954
0.0004290309434741459
0
0
0
0
0
0
0
0
0
0
0.0006766775099100804
0
0.0014386410741371858
0
0
0
0
0
0
0
0
0.0006041090304350439
