0
0
0
0
0
0
0
0.0005902771103661272
0.001107686161300411
0
0.0002787611910423856
0.00032003135391541713
0.0002777842242513492
0.0006443991760410702
0
0.0005922373498360023
0.0005929758003968951
0.0002839768661932583
0.0006055601764664387
0
0.002176053457196925
0
0
0.0004984974758053563
0
0.0021784699518745455
0.0021784699518745455
0
0.0007259819742290503
0
0.0010662928069917262
0.0007259819742290503
0.0007259819742290503
0
0.0004079782029610894
0.0014238520716117061
0.0004347043801812705
0.00040370678431095916
0.00040856236419098787
0.00040821166688266943
0
0.0009341115947762524
0.0008667677859993496
0
0
0.0004943519666510498
0.0009341115947762524
0.0009341115947762524
0
0
0.0006550504020913359
0.0009423380289002176
0.0009380011674917355
0
0
0
0
0.0005549201772675728
0.0005652534769235062
0.0005527701572084191
0
0
0
0.0011859516007937901
0.0015712552596419932
0
0
0
0
0
0
0
0
0
0
0
0
0
0
0
0
0.0007331447974074664
0
0.0007399895102463327
0.0007399895102463327
0
0
0.0006461502607585732
0.0005564351699512206
0
0.0005915007362168034
0
0
0
0.000886148929040329
0.00041210276596040715
0.000886148929040329
0.000886148929040329
0.0005495761848054428
0.0004967617603603515
