0
0
0
0
0
0
0
0
0
0
0.0004974465321660366
0
0
0.0005749619131946195
0
0
0.0010581593315152848
0
0.0005403080118051305
0
0.0003530132212459478
0
0
0
0.0019156744557003575
0.000353405240370041
0.000353405240370041
0
0.0010364060051397416
0
0
0.0010364060051397416
0.0010364060051397416
0
0.00036401649294048833
0.0008469498841070444
0
0
0.0003645377078501969
0.00036422479994646287
0
0
0
0
0
0
0
0
0
0
0
0
0.0008369268085554817
0
0
0
0
0.0004951247280485755
0.0005043445625249159
0.0004932063834997627
0
0.0013821559997968377
0
0
0
0
0.0013821559997968377
0.0013821559997968377
0
0
0
0
0
0
0
0
0
0
0
0
0
0
0
0
0
0
0
0.0011530486193957316
0
0
0.001055527094372212
0
0
0
0.0007906619104427874
0.0007353932269283001
0.0007906619104427874
0.0007906619104427874
0
0
