0.9416085398584451
0.0007388062297830091
0
0
0
0
0
0
0.0011687321553890506
0.00036553126547299883
0.0010687951644250228
0
0
0.00036666999215671537
0.0004252974434771658
0.0007402582860522367
0.0007817422497787007
0
0
0.0003996640661538392
0
0
0
0
0
0
0
0
0
0.0003833130632438205
0
0
0.0003833130632438205
0.0003833130632438205
0
0.0005385236144457794
0.00062648605446337
0
0.0005328854215384522
0.0005392946963679525
0.0005388317824654908
0
0.0004110032910774531
0
0.0006589282994110882
0.0005655306545696366
0.0006525353706572731
0.0004110032910774531
0.0004110032910774531
0
0.005350048521922984
0
0
0
0
0.005350048521922984
0.005350048521922984
0
0.0003662421391903715
0.0003730620205461351
0.00036482314601257075
0
0.0010223762647757276
0
0
0
0.0011303824007904502
0.0010223762647757276
0.0010223762647757276
0
0
0
0
0
0
0
0.00144086999213228
0
0.0009313635409084521
0.0014464032870329417
0.0014430782220052798
0
0
0
0
0
0
0
0.000852906286103664
0
0
0
0
0
0
0
0
0
0
0
0.0006557162533833183
