1.5141277326297755
0
0
0
0
0
0
0
0
0
0.0011457644590463683
0.0005916872733996778
0
0
0.0006838878647830964
0
0
0
0
0
0
0.000839782436289393
0.001396796801318981
0
0
0
0.0008407150097888815
0.0008407150097888815
0
0.00030818801803984846
0
0
0.00030818801803984846
0.00030818801803984846
0
0
0
0
0
0
0
0
0.0019827076376644813
0.0009198831911481017
0.0010595715413784293
0.0009093860256034688
0
0.0019827076376644813
0.0019827076376644813
0
0
0
0
0
0
0
0
0
0
0
0
0
0.0005480013509336864
0
0
0
0
0.0005480013509336864
0.0005480013509336864
0
0
0
0
0
0
0
0
0.001169210604347317
0
0
0
0
0
0.005034506176657608
0
0
0
0
0
0.00118106687412619
0
0
0
0
0
0
0
0
0
0
0
