0.00041185646312227447
0.0009793116833010053
0
0.0020111534952081947
0
0
0
0
0.0008150792892070478
0
0
0
0.0004088092385119461
0
0.00041266592944130413
0
0.0017453401903552413
0.0008358456405244249
0.00044559512924392087
0
0.0002911320367439483
0
0
0.0007336283190067628
0
0.00029145533717342523
0.00029145533717342523
0
0.002136825004068141
0
0
0.002136825004068141
0.002136825004068141
0
0.0003002064982838655
0
0
0
0.0003006363472218435
0.0003003782902714385
0
0.00045823750523731017
0
0
0
0
0.00045823750523731017
0.00045823750523731017
0
0
0
0
0
0
0
0
0
0.0020416610744820643
0.002079679327453799
0.002033750725491433
0
0.00037995733785692277
0
0
0
0
0.00037995733785692277
0.00037995733785692277
0
0
0.0007275274598050434
0
0
0
0
0
0
0
0
0
0
0
0
0
0
0
0
0
0.0008188940128694834
0
0
0
0
0
0.0006520634313656383
0
0.0006520634313656383
0.0006520634313656383
0.0008087997877493664
0.0007310739028542323
