0
0.0006656326285635008
0
0
0
0
0
0
0
0
0
0.0006402495987618419
0
0.001289174666341595
0
0
0.0005931489424938262
0.0005681195683280836
0
0
0
0.0013165280033580681
0
0
0.0021476544102936733
0.0003962010981788301
0.0003962010981788301
0
0
0
0.0010666041521974184
0
0
0
0.00040809732789252103
0.0009495118800000971
0
0.0008076493240747855
0.00040868165969076343
0.0004083308599828744
0
0
0
0
0
0
0
0
0
0
0
0
0
0
0
0
0
0
0
0
0
0
0
0
0
0
0
0
0
0.007511138713895504
0.0009889926234512446
0
0.007511138713895504
0.007511138713895504
0
0
0
0.0007057944389911701
0
0
0
0.0014667177344708591
0
0.0014804111573030558
0.0014804111573030558
0
0
0
0
0
0
0
0
0
0
0
0
0
0.0010994733094300045
0
