0
0
0
0
0
0
0
0
0
0.0012567016321011358
0
0
0.0012934043666835288
0.0015002088589174804
0
0.0013787722763151937
0
0
0
0
0.00046054664637317
0
0.002370779738503427
0
0
0.000461058080738937
0.000461058080738937
0
0.0003380279272993387
0
0
0.0003380279272993387
0.0003380279272993387
0
0.0004749016891111384
0.002209888498764672
0
0.0018797184004772506
0.0004755816743475518
0.00047517344973437795
0
0
0
0
0
0
0
0
0
0
0
0
0
0
0
0
0
0
0
0
0
0
0
0
0
0
0
0
0
0
0
0
0
0
0
0.0012706436165429616
0
0
0.0012755232003238486
0.001272590963081725
0
0
0
0
0
0
0
0
0
0
0
0
0
0
0
0
0
0
0
0
