1.5606477482646683
0
0
0
0
0
0
0
0
0
0
0
0
0
0
0
0
0
0.0006212769698505845
0
0
0.0012983758305030518
0.0014397119448936054
0
0.0010905994047971128
0
0.0012998176692931719
0.0012998176692931719
0
0.001270627110331503
0
0
0.001270627110331503
0.001270627110331503
0
0.00044628188397617056
0
0.0009510345815141184
0
0.00044692089011015703
0.00044653726702851746
0
0
0
0
0
0.0010815299710773862
0
0
0
0
0
0
0
0.002298450291995093
0
0
0
0.0018210592161781425
0.0018549695898549942
0.0018140035818651706
0
0
0
0
0
0
0
0
0
0
0
0
0
0
0
0
0
0
0
0
0
0
0
0
0
0
0
0
0
0
0
0
0
0
0.0009693464274935829
0
0.0009693464274935829
0.0009693464274935829
0
0
