0.0005284714193670496
0
0
0
0
0
0
0.0005573329118604093
0.0005229323167572241
0
0
0
0.0010491227787901942
0.000608434348675072
0.0005295100817478811
0.0011183674951985134
0
0
0.0005717630084747918
0
0
0
0.0009615086709254886
0
0
0
0
0
0
0
0
0
0
0
0.0003852083637308006
0.0008962565854734594
0.0008208858305707553
0.000762350677966389
0.0003857599220981127
0.00038542879770146196
0
0
0
0
0.0008090532420219876
0.0009335229715638319
0
0
0
0
0.0012369822295377497
0
0
0
0
0
0
0
0
0
0
0.004387862045493842
0
0
0
0
0.004387862045493842
0.004387862045493842
0
0
0.004667614857819159
0
0
0
0
0
0
0
0
0
0
0
0
0
0
0
0
0.0024403508115337126
0.004203037903171948
0
0
0
0
0
0
0.0015564109161948115
0
0
0.0005189035623908358
0
