6.375791663310119e-05
7.58017395045592e-05
0.0001717959085600158
0.00031133894539803626
0
0
0
0.00013447987546361185
6.308964654416729e-05
0.0001844709755933881
6.350876494637552e-05
7.291113929913636e-05
6.328618749913355e-05
0
6.388322700384236e-05
6.746323349845369e-05
6.754735224346424e-05
0.00012939405214791
6.898086990567697e-05
0.0011055709489644554
9.013806405866608e-05
0.0001499252117138145
0.00011600209100483579
0.00011357018134016417
0.00012228662866649732
9.023816185328982e-05
9.023816185328982e-05
0.0011131433527244857
9.923810064997452e-05
9.921790567629727e-05
0.00012146407286829218
9.923810064997452e-05
9.923810064997452e-05
0.00040629732374443736
9.294762910939373e-05
0.00010812969361129405
9.90365201083333e-05
9.197449320756929e-05
9.308071563446446e-05
9.30008180244778e-05
0.00020970184451325798
0.00014187597511809247
9.873568013230555e-05
0.0001137291319088698
9.760896666533029e-05
0.0001126257307676888
0.00014187597511809247
0.00014187597511809247
0.0004145891058616707
0.0009234030085100849
0.00014923684986021575
0
0.00010685005226678169
0
0.0009234030085100849
0.0009234030085100849
0.0016090983118591579
0.00012642468261203808
0.00012877886648001184
0.00012593485431830682
0.00012939405214791
0.00017645920683797496
0.00016154963170752975
0.00013509470448692847
0
0
0.00017645920683797496
0.00017645920683797496
0.0008644623909456114
0
0.0001126257307676888
0.00012302719871141177
0
0
0.001518868499979205
0.00024869002218481245
0.00012549724285542468
0.00016075067210462408
0.0002496450529919738
0.00024907115631842903
0.000685733879737447
0.00033405740903961963
0.00013509470448692847
0.00033717620227754135
0.00033717620227754135
0.0004124845926339465
0
0.00014720917526972368
0.00012676983580169653
0
0.00013475864800810525
0
0
0.00021106354480230512
0.00020188686894133533
9.388730762436449e-05
0.00020188686894133533
0.00020188686894133533
0.0001252071875945878
0.00011317474199009397
