0.000744260488382064
0
0
0
0
0
0
0
0
0
0
0
0
0
0.0007457232644991673
0
0
0
0
0
0
0
0
0
0
0
0
0
0.00038614288314387977
0
0
0.00038614288314387977
0.00038614288314387977
0
0.0005424992807794915
0
0
0
0.0005432760552365066
0.0005428097238586213
0
0
0
0
0
0
0
0
0
0
0
0
0
0
0
0
0
0
0
0
0
0.0006866159916344123
0.0018858051539621084
0.0015769908436291614
0.004178678380805907
0.002277454963848597
0.0006866159916344123
0.0006866159916344123
0
0
0
0
0
0
0
0
0
0
0
0
0
0
0
0
0
0
0
0
0
0
0
0
0
0
0
0
0
0
0
0
