1.1394342831883648
0.00044701227272984104
0
0
0
0
0
0
0.0004714250240746234
0.00044232697328740867
0.0008622279857649375
0.00044526544868634814
0
0.0004437049389362791
0.0005146496310697221
0.00044789083458662143
0
0.0009471606676545011
0.000907192900627679
0.0004836308502497304
0
0.0003159828849662687
0.0010511386376276428
0
0
0
0
0
0
0
0.0006956253255118222
0
0
0
0
0.0006516638737136774
0
0.0006943536155931535
0.0006448411336663072
0.0006525969548616064
0.0006520367858016394
0
0
0
0
0
0.0007896287478782847
0
0
0
0
0.001046312473083898
0
0.0007491349659358086
0
0
0
0
0
0
0
0
0
0
0
0
0
0
0
0
0
0
0
0
0
0
0.0017435872734328458
0
0
0.0017502830770942624
0.0017462594378365745
0
0
0.0009471606676545011
0
0
0
0
0
0
0.003381110632606424
0
0
0
0
0.000707723157259854
0.0006582520411255718
0.000707723157259854
0.000707723157259854
0.0013167576462115157
0
