0.0006515226390041784
0
0
0
0
0
0
0
0.0006446937914680322
0
0
0
0
0
0.0006528031473355546
0
0.0006902457218710104
0.0006611191109958802
0
0
0
0
0
0
0
0
0
0
0
0
0
0
0
0
0.0004749016891111384
0
0
0
0.0004755816743475518
0.00047517344973437795
0.0021428789765440656
0
0.0010089497003776737
0
0
0
0
0
0.00423655920107564
0
0
0
0
0
0
0
0
0
0
0
0.0013222382219917604
0
0
0
0
0
0
0
0
0
0.0011508878772152813
0
0
0
0
0
0
0
0
0
0.007007304670133547
0
0
0
0
0.004215053824420434
0
0
0
0
0.0013770573854242545
0
0
0.0021567937750930533
0
0
0
0
0.0006397269671886175
0.001156498054889729
