0.00033109849756552724
0.0003936427566672243
0.0008921459516855486
0
0
0
0
0.0006983616634625809
0.0009828843986349328
0.0012772910636315233
0.0003298046386457714
0.001135895114797482
0
0.0003811969603859661
0.0003317492414679752
0.0007006808387667323
0.00035077725282399376
0.00033597534645482844
0
0
0
0.0007785701755484584
0.0006024054748711841
0.0005897764292764004
0
0
0
0
0.0008589151946819958
0.0005152442431590531
0
0.0008589151946819958
0.0008589151946819958
0
0.0007240235089744315
0
0
0.00047762878907443634
0.0007250601978475335
0.0007244378285789948
0
0.00036838501540573066
0
0
0
0
0.00036838501540573066
0.00036838501540573066
0
0
0
0.002229775615044991
0.001109756831419499
0
0
0
0
0
0
0
0
0.0018327254512367623
0.0008389364515850188
0.0007015545056479875
0.0018589649125430156
0
0.0018327254512367623
0.0018327254512367623
0
0
0
0
0
0
0
0
0.0006517143399957753
0.0016695748175955072
0
0
0
0
0.0007015545056479875
0
0
0
0
0
0
0
0
0
0
0
0.0005242050126052975
0
0.0005242050126052975
0.0005242050126052975
0.00032510403324134397
0.0017631686705317459
