1.7147984280919266
0
0
0
0
0
0
0
0
0
0
0.0006701048956982911
0.0007693128883319545
0
0.0007745250352718729
0
0
0.0007127175511604018
0
0.0007278431358624476
0
0
0
0.0036719452421668667
0
0.001290292270949531
0
0
0
0.0003490328573360323
0
0
0.0003490328573360323
0.0003490328573360323
0
0
0.0011409171178256331
0
0.0009704575144832636
0
0
0
0.000748493421253569
0
0.0011999988999943502
0.002059817931641954
0
0.000748493421253569
0.000748493421253569
0
0
0
0
0
0
0
0
0
0
0
0
0
0
0
0
0
0
0
0
0
0
0
0
0
0
0
0
0
0
0
0
0
0
0
0
0
0
0
0
0
0
0
0
0
0
0
0
0
0
0.0006605540940261659
0
