0.0002798548010503981
0
0
0.0027331413328638495
0
0
0
0.0002951385551830636
0.00027692154032510276
0.00026990158451663444
0.0011150447641695425
0.0009600940617462514
0.0005555684485026984
0.0003221995880205351
0.0002804048301405129
0.00029611867491800115
0.0008894637005953426
0.0005679537323865166
0.00030278008823321934
0
0
0.0006580718522854841
0.0005091719399553639
0.0009969949516107125
0.0005367568757543
0
0
0
0
0
0.0010662928069917262
0
0
0
0
0.0004746173572039021
0.0004347043801812705
0.0008074135686219183
0
0
0.0009204514682289868
0.00031137053159208415
0.0004333838929996748
0.0004991951629653357
0.0008568767421951529
0.0014830558999531494
0.00031137053159208415
0.00031137053159208415
0.0018197701221363896
0
0
0
0.00046900058374586774
0
0
0
0
0
0
0
0.0011359074647730332
0.00025817947443990764
0
0.0005929758003968951
0
0
0.00025817947443990764
0.00025817947443990764
0
0
0.0004943519666510498
0.0010800149702913926
0
0
0
0
0.0005508493342683125
0.00035279420765453254
0
0
0.00300991513872348
0
0.0005929758003968951
0
0
0.0036210654206977905
0
0
0.0005564351699512206
0
0.0005915007362168034
0
0
0.002779285277444668
0
0.0008242055319208143
0
0
0
0.0004967617603603515
