0.00025654235676997414
0.0003050030165143023
0
0
0
0
0
0.0008116588341828681
0
0
0
0.00029337212535067924
0
0
0.0002570465673768334
0.0008143542557990835
0.0002717898867026866
0.00026032104594214336
0.0002775579233474805
0
0.00018134400094472106
0.0006032531987146347
0.0004667569360504383
0.0004569716753365926
0.0004920439935339834
0.00018154538240051753
0.00018154538240051753
0
0
0
0.0004887342805729926
0
0
0
0.00018699641618720735
0.0004350808166378337
0.000398492667523866
0.000370077231129974
0.00018726416592401606
0.00018710342415069074
0
0
0
0.00045761124381152134
0.00039274862907307147
0.00045317149508431327
0
0
0
0
0
0
0.0004299319312338357
0
0
0
0
0.0002543471285128993
0.0002590833864527195
0.00025336166889060985
0
0.00047334525328024906
0.003900157857296207
0.0016307393202161199
0
0
0.00047334525328024906
0.00047334525328024906
0
0
0
0.0004950238208983074
0
0
0
0.0005003262948788554
0.0005049625230939491
0.0003234057702307933
0.0005022476708192505
0.0005010930784725395
0
0.0006720724228228819
0.0005435797734053733
0.0006783469578907303
0.0006783469578907303
0
0
0
0.000510083047899114
0
0.0005422275849143152
0
0
0
0.0004061655077060025
0.0007555476226535691
0.0004061655077060025
0.0004061655077060025
0
0.0004553805483333315
