0
0
0
0
0
0
0
0
0
0.0007177903839901179
0
0
0
0
0
0
0.0007884954218145807
0
0
0
0.0005261009386816088
0
0
0
0
0.0005266851707067966
0.0005266851707067966
0
0
0.0011581929089657394
0
0
0
0
0.0005424992807794915
0
0
0
0.0005432760552365066
0.0005428097238586213
0
0.0008280750697886867
0
0
0
0
0.0008280750697886867
0.0008280750697886867
0
0
0
0
0
0
0
0
0
0.0007378918649886742
0.0007516323236473381
0.0007350329271158006
0
0
0
0
0
0
0
0
0
0
0
0
0
0
0
0
0
0
0
0
0
0
0
0
0
0
0
0
0
0
0
0
0
0
0
0
0
0
0
0
