0.7765287894989963
0.0012185622432310651
0.0007243738708013025
0
0.0014876030450172342
0.01232585380157137
0
0
0.0006425558870492314
0
0.0014690291136946582
0.0015172504679542716
0.0006967508205464301
0.001511933001360974
0.0010522070318414584
0.0012209572161933904
0.00032234486903237705
0.001936480771817946
0.0006182554056520671
0.0003295962603985553
0
0.00021534353563477436
0
0.002217070062809411
0
0
0.00021558267337562365
0.00021558267337562365
0
0.0011063915177066913
0.0009481426001208746
0.0011607306270538062
0.0011063915177066913
0.0011063915177066913
0
0.00022205570188704499
0.0010333051091137675
0.0018928184996928612
0.0017578467221256284
0.00022237365105927728
0.00022218277238884016
0
0.0003389475292444331
0.0023588359340795755
0
0.0013991509720702635
0
0.0003389475292444331
0.0003389475292444331
0
0
0.0007130659224049553
0
0.0005105383231420094
0
0
0
0
0
0
0
0.0006182554056520671
0.0008431365792605823
0
0
0
0
0.0008431365792605823
0.0008431365792605823
0
0
0.0026906749462889683
0.0005878340571529116
0
0
0
0
0
0
0
0
0
0
0
0
0
0
0
0.0007033775267201053
0.0012114333689531925
0
0
0
0
0
0
0
0
0
0.0005982502230346659
0
