0.7550225842780328
0.0002962034461663526
0
0.0007981211250296331
0
0
0
0
0
0.00029309882930047854
0.00028566877952252475
0
0
0
0.0006820438882367053
0.00029678560702752865
0
0.0009414246686758514
0.0003005663153973061
0.0003204679899312533
0
0.0004187590594997409
0
0
0
0.0011362266129090034
0.00041922408899391054
0.00041922408899391054
0
0.0007683926157928281
0.0004609417486434877
0.0005642919165007719
0.0007683926157928281
0.0007683926157928281
0
0.00021590580047984928
0.0005023437021144596
0
0.00042729065324167113
0.0002162149439513267
0.00021602935172475906
0
0.00032956027249150273
0.003669611588228592
0
0.0004534670175844041
0
0.00032956027249150273
0.00032956027249150273
0
0
0.002773269363739331
0
0.0004963988062314482
0.0011119625688925372
0
0
0
0.000881006516077051
0.0008974119464477411
0.0008775930851740017
0
0
0
0.0006276164457839009
0
0
0
0
0
0
0.0005232311741358509
0.0005715538109599038
0
0
0
0.0005776760399984949
0
0
0.0005798944579708394
0.0005785613672628604
0
0.000775973879011339
0.0006276164457839009
0.0007832184484211958
0.0007832184484211958
0
0
0.0041033836102067
0.001766823520151403
0
0
0
0
0
0
0.0004361771139676677
0
0
0
0
