0
0
0
0
0
0
0
0.0014189478097574898
0
0.0025952303111493407
0.0006701048956982911
0
0.0006677563972320586
0
0
0.0021354899478106186
0
0
0
0
0
0.0015819173690884932
0
0
0
0
0
0
0
0
0
0
0
0
0
0
0.0010449716198000772
0
0
0
0
0
0
0
0.001029908965820977
0
0
0
0
0
0
0
0
0
0
0
0
0
0
0
0
0.0024825167254316706
0
0
0
0
0.0024825167254316706
0.0024825167254316706
0
0
0
0
0
0
0
0
0
0.0008480704392146027
0
0
0
0
0
0
0
0
0
0
0.0013375962777628133
0.005088422635287616
0
0
0
0
0.001065092191361445
0
0.001065092191361445
0.001065092191361445
0.0026422163761046637
0
