0.000302599043398968
0.00035975977687685145
0
0
0
0
0
0.00015956246620272432
0.0007485684798369268
0.00014591845660688035
0.00015070827698787995
0.00017302040413278813
0.00015018009377413736
0
0.00030319377422325847
0.00016009235401078653
0.0004808759112368887
0.0001535280576480831
0.00016369375246688656
0
0.00032085064959399726
0.0003557771963210191
0.0011011062978215124
0.0002695055770873408
0.00029018997803761075
0.0003212069523697819
0.0003212069523697819
0
7.849836776144611e-05
0.00023544717998289665
0.0002882380275126941
7.849836776144611e-05
7.849836776144611e-05
0
0.0003308514276339589
0.00025659513028076163
0.00023501674638146542
0.00021825833662251544
0.00033132515533675663
0.00033104075606178946
0
0.00016833805360627879
0.00023430284374968693
0.00026988277173686825
0.00023162911760479563
0.0002672643664670719
0.00016833805360627879
0.00016833805360627879
0
0
0.0003541436922056793
0
0.0002535585015200426
0
0
0
0
0.0004500145633745446
0.00045839439082248585
0.0004482709966818885
0
0.00013958106435468142
0.0003833623069701637
0.0003205839408245925
0
0
0.00013958106435468142
0.00013958106435468142
0
0
0.0002672643664670719
0.0002919473738167939
0
0
0
0.0008852237509073866
0.0002978088654918801
0.0005721995264272771
0.0008886232276773842
0.000886580415659735
0
0.0011890929521438378
0.0003205839408245925
0.0012001944423609483
0.0012001944423609483
0
0
0.00034933195725723255
0.0003008287681840755
0
0.00031978646833497905
0
0
0
0.0007186257406434498
0.00022279750480183982
0.0007186257406434498
0.0007186257406434498
0.00014856027766255191
0.00026856718719497544
