1.9661128563728327
0
0
0
0
0
0
0
0.0008134517403280235
0
0.0007438943837960019
0.0007683129567693759
0
0
0
0
0.0008161531159704578
0
0
0
0
0
0
0.0014033639231783245
0
0
0
0
0
0.00040018580426884445
0
0
0.00040018580426884445
0.00040018580426884445
0
0
0.0013081256529426698
0
0
0
0
0
0
0
0.001375866239589106
0
0
0
0
0
0
0
0
0
0
0
0
0
0
0
0
0
0.0014231725344718298
0
0
0
0
0.0014231725344718298
0.0014231725344718298
0
0
0
0
0
0
0
0
0
0
0
0
0
0
0
0
0
0
0
0
0
0
0
0
0
0
0
0
0
0
0.0007573624254132638
0
