0
0
0
0
0
0
0
0.0007094739048787449
0
0
0
0
0
0.0015490500705437457
0
0.0007118299826035395
0
0
0
0
0
0
0
0
0
0
0
0
0
0
0
0
0
0
0
0
0
0
0
0
0.0022126431330218408
0.000748493421253569
0
0
0
0
0.000748493421253569
0.000748493421253569
0.004374485785948792
0
0
0.0022652555192759927
0.001127415140099886
0
0
0
0
0
0
0
0.001365285372684655
0.0024825167254316706
0
0
0
0.002058581546328843
0.0024825167254316706
0.0024825167254316706
0
0
0
0
0
0
0
0
0
0
0
0
0
0
0
0
0
0
0
0
0
0.010176845270575233
0
0
0
0.0022270109455739305
0
0.0009906403397411476
0
0
0
0
