0.001119746061702743
0
0
0
0.0226526405657166
0
0
0.001771348393430053
0
0.000539960785334902
0
0
0
0.0006445873331707976
0.0011219468204718129
0.0011848205526277674
0
0
0.000605736993056089
0
0.0007915232144426766
0
0
0
0
0.0007924021963576602
0.0007924021963576602
0
0.00029047758103809197
0
0
0.00029047758103809197
0.00029047758103809197
0
0
0
0
0.0008076493240747855
0
0
0
0
0
0.0009986818443947837
0
0
0
0
0
0
0
0
0
0
0
0
0
0
0
0
0
0.005165097197394664
0.0042558141818294605
0.003558893654962957
0.0031434280961236695
0.0017132249167348687
0.005165097197394664
0.005165097197394664
0
0
0
0
0
0
0
0
0
0
0
0
0
0
0
0
0
0
0
0
0.0011131952852107222
0
0
0
0
0
0
0
0
0
0
0
