0
0
0
0
0
0
0
0.0017206798027967199
0.0005381577488819451
0
0.0005417328492066787
0
0
0
0
0.001726393973997373
0
0
0.0005884101702546225
0
0.0011533230957736194
0
0
0
0
0.0011546038543474935
0.0011546038543474935
0
0.00028216860596781815
0.000846333553797247
0
0.00028216860596781815
0.00028216860596781815
0
0
0
0
0
0
0
0
0.0006051044788825362
0
0
0
0.0009607029529590371
0.0006051044788825362
0.0006051044788825362
0
0
0
0
0
0
0
0
0
0
0
0
0
0.001003470402547876
0
0
0
0
0.001003470402547876
0.001003470402547876
0
0
0.00672492067071326
0
0
0
0
0
0.0010704975761543557
0
0
0
0
0
0
0
0
0
0
0.010045611312462975
0.0021627057115754925
0
0
0
0
0
0
0.0008008632935412424
0
0
0.0010680233906932902
0
