0.0003900558153565582
0
0
0
0
0
0
0.00041135799476370164
0.0007719349948321948
0.00150473291463317
0.00038853156441729855
0.0008921061223363543
0
0
0.00039082243449051375
0.0004127240653150132
0.00041323868385031873
0.0007916021284584928
0.00042200860498466336
0
0.0008271649528651139
0.0009172068942286595
0.0007096732857557937
0.001389590878188493
0
0.0008280835147228209
0.0008280835147228209
0
0.0008094868905710295
0
0
0.0008094868905710295
0.0008094868905710295
0
0
0.0006615118252454204
0.0006058819459743248
0
0
0
0
0
0
0.000695767860982412
0
0.0006890175144448142
0
0
0
0
0
0
0
0
0
0
0
0
0
0
0
0.002159071169042056
0.0009883223393080188
0
0
0
0.002159071169042056
0.002159071169042056
0
0
0
0
0
0
0
0
0.0023032871197155216
0.0004917172469554238
0
0
0
0.002043684015095307
0
0.002062764052580637
0.002062764052580637
0
0
0
0
0
0
0
0
0
0.0012350959917315117
0
0.0012350959917315117
0.0012350959917315117
0.00038299394196605045
0
