1.171182981502945
0
0.0010925214379691652
0
0
0
0
0
0.0004845606046764357
0
0
0.00045767213032549633
0.0015762893425342464
0
0.0015869688096245868
0
0
0.000486775969036968
0.0004662352633371597
0
0
0
0
0
0
0
0
0
0
0.00023838448636331061
0
0
0.00023838448636331061
0.00023838448636331061
0
0
0.000779230193947402
0
0
0
0
0
0.0010224207608057138
0.0014230655911335905
0
0
0.0008116306178121588
0.0010224207608057138
0.0010224207608057138
0
0
0.0010754664660265795
0
0
0
0
0
0
0
0
0
0
0.0008477618396691604
0.0023283955894690756
0
0
0.0014059819705917707
0.0008477618396691604
0.0008477618396691604
0
0
0.0008116306178121588
0
0
0
0
0
0.0009043884027049769
0.004054540489871719
0
0
0
0.001203682406477847
0.000973551938073936
0.002429840210587023
0.002429840210587023
0
0
0
0
0
0.0009711301670837024
0
0
0
0
0
0
0
0.00045114906837555665
0
