1.5606477482646683
0.0006122588263101877
0
0
0.0029897466441851884
0
0
0
0
0
0
0
0
0.0006077288739348397
0.0007048996152956948
0.000613462165198376
0.0006478404932605514
0.000648648274424218
0
0
0
0.0004327919435010173
0
0.0011139527111096847
0
0
0.0004332725564310573
0.0004332725564310573
0
0
0
0
0
0
0
0.0013388456519285116
0.0010383551219325805
0.0009510345815141184
0.0008832188728153189
0.0013407626703304712
0.0013396118010855522
0
0
0
0
0
0
0
0
0
0
0
0
0
0
0
0
0
0
0
0
0.001242553939701169
0
0
0
0
0
0
0
0
0
0
0
0
0
0
0
0
0
0
0
0
0
0
0
0
0
0
0
0
0
0
0
0
0
0.0029080392824807483
0
0.0029080392824807483
0.0029080392824807483
0
0
