1.5606477482646683
0.0018367764789305632
0
0
0
0
0
0
0
0
0.0005904834461841348
0.001219732511344016
0
0.0006077288739348397
0.0007048996152956948
0.0018403864955951277
0
0
0
0
0
0
0
0
0
0
0
0
0
0
0
0
0
0
0
0
0
0
0
0
0
0
0
0.0009481456550818155
0
0
0
0
0
0
0
0.00573240678885094
0
0
0
0
0
0
0
0
0
0
0.009602248179695752
0.006205358840018561
0.002594593097696872
0.006875100212619685
0.0037470534172020847
0.009602248179695752
0.009602248179695752
0
0
0
0
0
0
0
0
0
0
0
0
0
0.0032079090406262455
0.001297296548848436
0.0032378583988893535
0.0032378583988893535
0
0
0
0
0
0.0012940694430055293
0
0
0
0
0
0
0
0.0006011740170511049
0
