0.0004538985650984521
0.00017987988843842572
0
0
0
0
0
0.00015956246620272432
0.00014971369596738536
0.00014591845660688035
0.00015070827698787995
0.00017302040413278813
0.000450540281322412
0
0.0004547906613348876
0.00032018470802157306
0.0004808759112368887
0.0003070561152961662
0.0003273875049337731
0
0.006203112558817281
0.0010673315889630573
0.0008258297233661344
0.0008085167312620225
0.0008705699341128323
0.006210001079149116
0.006210001079149116
0
7.849836776144611e-05
0.00023544717998289665
0.0005764760550253882
7.849836776144611e-05
7.849836776144611e-05
0
0.0003308514276339589
0.0005131902605615233
0.00047003349276293085
0.0006547750098675463
0.00033132515533675663
0.00033104075606178946
0
0.00016833805360627879
0.00023430284374968693
0.0005397655434737365
0.00046325823520959125
0.0005345287329341438
0.00016833805360627879
0.00016833805360627879
0
0
0.0003541436922056793
0
0.0005071170030400852
0
0
0
0
0.0004500145633745446
0.00045839439082248585
0.0004482709966818885
0
0.00013958106435468142
0.0003833623069701637
0.000641167881649185
0
0
0.00013958106435468142
0.00013958106435468142
0
0
0.0002672643664670719
0.0005838947476335878
0
0
0
0.0008852237509073866
0.0005956177309837602
0.000953665877378795
0.0008886232276773842
0.000886580415659735
0
0.0011890929521438378
0.000641167881649185
0.0012001944423609483
0.0012001944423609483
0
0
0.00034933195725723255
0.000601657536368151
0
0.0006395729366699581
0
0
0
0.0007186257406434498
0.00044559500960367963
0.0007186257406434498
0.0007186257406434498
0.00014856027766255191
0.0005371343743899509
