0.0005438581251941509
0
0
0
0
0
0
0.0011471198685311464
0.0010763154977638902
0
0.0005417328492066787
0.0018658066771465552
0.001619502758317629
0
0.0005449270287420954
0.0023018586319964976
0
0.0011037375486623333
0.0005884101702546225
0
0
0
0
0
0
0.00038486795144916457
0.00038486795144916457
0
0.00028216860596781815
0
0
0.00028216860596781815
0.00028216860596781815
0
0
0
0
0
0
0
0
0.0006051044788825362
0
0
0
0
0.0006051044788825362
0.0006051044788825362
0
0
0
0
0.0009114361348585737
0
0
0
0
0
0
0
0
0
0
0
0
0
0
0
0
0
0
0
0
0
0
0
0
0
0
0
0
0
0
0
0
0
0
0
0.0010813528557877463
0
0
0
0
0
0.0008610523982111122
0.011212086109577394
0.0008610523982111122
0.0008610523982111122
0.0010680233906932902
0
