0
0
0
0
0
0
0
0
0
0.0004816366537317017
0
0
0
0
0
0
0.0005290796657576424
0.0015202615555090218
0.001080616023610261
0
0.0003530132212459478
0
0
0
0.0009578372278501787
0.000353405240370041
0.000353405240370041
0
0.0005182030025698708
0
0.0009513943765417695
0.0005182030025698708
0.0005182030025698708
0
0
0
0
0
0
0
0
0.0005556375712845428
0
0
0
0
0.0005556375712845428
0.0005556375712845428
0
0
0
0
0.0008369268085554817
0
0
0
0
0.0014853741841457263
0.0015130336875747476
0.001479619150499288
0
0
0
0.0010581593315152848
0
0
0
0
0
0
0
0
0
0
0
0
0
0.0006295577031715567
0
0
0
0
0
0
0
0
0.00707203153229382
0
0.0019859058905037246
0
0
0.00707203153229382
0.00707203153229382
0
0.0007906619104427874
0
0.0007906619104427874
0.0007906619104427874
0
0
