1.4271163556401458
0.0005598730308513715
0
0
0
0
0
0
0
0
0
0
0.0006402495987618419
0
0.001289174666341595
0.0005609734102359064
0
0
0
0
0
0
0
0
0
0
0
0
0
0.0005809551620761839
0
0
0.0005809551620761839
0.0005809551620761839
0
0
0
0
0
0
0
0
0
0
0
0.0008571269403244119
0.0009889926234512446
0
0
0
0
0
0
0.002814825159053542
0
0
0
0
0
0
0
0
0
0
0
0.0031434280961236695
0
0
0
0
0.003755569356947752
0.0009889926234512446
0.001080330322210557
0.003755569356947752
0.003755569356947752
0
0.0010919023379037075
0.0011020203518456724
0
0.0010960955112443516
0.0010935757514483877
0
0
0.0011862978849876524
0
0
0
0
0
0
0.004234766633947021
0
0
0
0
0
0
0
0
0.001649209964145007
0.0009938136181338064
