0.5978370007556204
0.00046907571655992186
0
0.000631963002912918
0
0
0
0
0
0
0
0
0.00026820861406712444
0.0004656051407754053
0
0.0004699976421034752
0
0.00024847755642378236
0.0002379924366065368
0
0
0.0001657895176804272
0.0005515101482985428
0.0004267216279483372
0
0.00044983972968820195
0.00016597362597324278
0.00016597362597324278
0
0.00024336942835563623
0
0
0.00024336942835563623
0.00024336942835563623
0
0.00017095710630701184
0.00039776247555264166
0.0003643126147200612
0
0.0001712018902507504
0.000171054935838518
0
0.0007828507211989791
0.0007264119085730503
0
0
0.00041430145582510076
0.0007828507211989791
0.0007828507211989791
0
0.003396801140656934
0.0010979559242527465
0
0.0007861104546424989
0
0.003396801140656934
0.003396801140656934
0
0.00023253092211420476
0.00023686093532314598
0.00023162998866936089
0
0.00043274484310938866
0.0005942713725204974
0
0.001316821587567446
0
0.00043274484310938866
0.00043274484310938866
0
0
0.00041430145582510076
0.00045256396726390646
0
0
0
0.0009148232605288759
0.0004616501936336837
0.0002956661724805244
0.0009183364066906611
0.0009162252885143608
0
0.001843279550120104
0
0.001860488591563134
0.001860488591563134
0
0
0
0.0009326630276998758
0
0.0004957189060991878
0
0
0
0.00037132732966187605
0
0.00037132732966187605
0.00037132732966187605
0.00046058320551280467
0
