1.5606477482646683
0
0
0
0.0029897466441851884
0
0
0
0
0.0006058415171834893
0
0
0
0.0006077288739348397
0
0
0.0006478404932605514
0
0
0
0
0
0
0
0
0
0
0
0
0.001270627110331503
0.002858329209275949
0
0.001270627110331503
0.001270627110331503
0
0.00044628188397617056
0
0
0
0.00044692089011015703
0.00044653726702851746
0.002013739030018927
0.0006812080961434606
0
0
0
0
0.0006812080961434606
0.0006812080961434606
0
0
0
0
0
0
0
0
0
0.0006070197387260475
0.0006183231966183314
0.0006046678606217235
0.001242553939701169
0
0
0
0
0
0
0
0
0
0
0
0
0
0
0
0
0
0
0
0
0
0
0
0
0
0
0.001413630206761475
0
0
0
0
0
0
0
0.000901587376236088
0
0
0
0
