0.00044701227272984104
0
0
0
0
0
0
0
0.00044232697328740867
0
0.00044526544868634814
0.0005111863091917294
0.0004437049389362791
0.0005146496310697221
0.00044789083458662143
0.0004729905700242278
0
0
0
0
0.0003159828849662687
0
0
0
0
0.0003163337821178137
0.0003163337821178137
0
0.0006957669142204548
0.0006956253255118222
0
0.0006957669142204548
0.0006957669142204548
0
0.0003258319368568387
0.0007581066421745607
0.0006943536155931535
0.0006448411336663072
0.0003262984774308032
0.0003260183929008197
0
0.0004973523715357332
0.0006922444004789579
0
0
0
0.0004973523715357332
0.0004973523715357332
0
0
0
0
0
0
0
0
0
0.001772748787535379
0.001805759561312781
0.001765880330396536
0
0
0.0011326384524735235
0
0
0
0
0
0
0
0
0
0
0
0
0
0.0008798720333500886
0
0
0
0
0
0.0009471606676545011
0
0
0
0
0
0
0
0
0
0
0
0
0.0006582520411255718
0
0
0
0
