1.4271163556401458
0.0005598730308513715
0
0
0
0
0
0
0.0005904494644766842
0
0
0
0
0.0005557306680841689
0
0.0005609734102359064
0.0005924102763138837
0
0
0.000605736993056089
0
0
0
0
0
0.0021476544102936733
0
0
0
0.0005809551620761839
0.0008712554063737154
0
0.0005809551620761839
0.0005809551620761839
0
0.00040809732789252103
0
0
0
0.00040868165969076343
0.0004083308599828744
0
0.0006229228963946511
0
0
0.0008571269403244119
0
0.0006229228963946511
0.0006229228963946511
0
0
0.002620966677025061
0
0
0
0
0
0
0
0
0
0
0
0
0
0
0
0
0
0
0
0
0
0
0
0
0
0
0.0007057944389911701
0
0
0
0.0014667177344708591
0
0.0014804111573030558
0.0014804111573030558
0
0
0
0
0
0
0
0
0
0
0.0008244461904333598
0
0
0
0
