0.3011050927839216
0.001063140774835345
0
0
0
0
0
0
0.0014949363315709804
0.0010519976067761237
0.0028481374648498072
0.000588325699069796
0.0012157675347937616
0.0010552748578875758
0.0012240044422110637
0.0011835892011946604
0.0012499173631545107
0.0010011806908858574
0.0005993333853183153
0.001022428158858817
0
0.0009185124849204485
0.0013888611290771291
0.0010746077544037174
0.0006312475739704855
0.0015859560944224613
0.0010031263501962962
0.0010031263501962962
0
0.0005515867769296346
0
0.0006751235264213489
0.0005515867769296346
0.0005515867769296346
0
0.0006027268085465974
0.0006010081692293844
0.0009174439146371774
0.0006816187725725447
0.0006898169365038296
0.0006892248189617662
0
0.00026285909452983117
0.0005487942152805376
0.0008428414073727686
0.0010850633974195374
0.0014606622657570695
0.00026285909452983117
0.00026285909452983117
0
0
0.0016589812274596233
0.001193283062551869
0.001781686939549832
0.000443453744895319
0
0
0
0.00011711594429557433
0.00011929678794925579
0.00034998654721106736
0
0.00021795518840674746
0.000299309237359763
0.0015017710363287862
0.0019896812298497023
0.0018073534981027709
0.00021795518840674746
0.00021795518840674746
0
0
0
0.002279372390491458
0
0
0
0.0009215152036233255
0.0011625679258066473
0.0004467434611037413
0.0011563175606141383
0.00115365935932537
0
0.001547302635066401
0.0022526565544931793
0.000937049043933366
0.000937049043933366
0
0.00501841821306536
0.0016364407216517478
0.002113842305035331
0.0017869738444149651
0.0014980352874821971
0.00501841821306536
0.00501841821306536
0
0.00037404359352039956
0.0013915891058760097
0.00037404359352039956
0.00037404359352039956
0.0001159880942927279
0.0006290496367352123
