0.00043494022146787413
0
0
0
0
0
0
0
0
0
0.0008664811446046199
0.0004973811684708888
0.0004317222058105962
0
0.00043579505680880944
0
0.00046079078325919
0
0.0014117096237541739
0
0.00030744942443749617
0.0010227514986361726
0.0007913366342052899
0.0007747467676601056
0.0016684162897240198
0.0003077908452308749
0.0003077908452308749
0
0.00022565899135387974
0
0
0.00022565899135387974
0.00022565899135387974
0
0.0003170324919993169
0
0
0
0.0003174864331390639
0.0003172139125955969
0
0.002903524987834861
0.000673549589624308
0.0015516621756775522
0
0
0.002903524987834861
0.002903524987834861
0
0
0
0
0
0.0016327873704294715
0
0
0
0.0004312184459438394
0.0004392482664507176
0.00042954770419279784
0
0.0004012532119151687
0
0
0
0
0.0004012532119151687
0.0004012532119151687
0
0
0
0
0
0
0
0
0
0
0
0
0
0
0
0
0
0
0
0
0
0.003289800072764425
0
0
0
0
0
0
0
0
0
0
