0.40047756659712536
0.000471334915571352
0.00018678990979343533
0
0
0
0
0
0.000497076003223573
0.0006218595754613747
0.0004545715852407779
0.0006259907254351316
0.0012576684460205822
0.00031189841635290133
0.0007235367056858633
0.0004722612813645346
0.0003324844886651103
0.0006657981157059441
0.0004782773486430637
0.0006799279568711806
0
0.00022211734142935408
0.00036944424962834444
0.0005717024505312282
0.0005597170742098188
0.0003013375218939995
0.0002223640014420463
0.0002223640014420463
0
0.0004075692719286845
0.0007334753966980318
0.0005986211757804564
0.0004075692719286845
0.0004075692719286845
0
0.0006871219329661859
0.0010658085604713914
0.0004880896606911949
0.0013598559137423612
0.0006881057845311432
0.0006875151357890564
0
0.0005244140985558167
0.0004866070068008813
0.0008407506646545669
0.0007215812010759016
0.0005550624623660781
0.0005244140985558167
0.0005244140985558167
0
0.0022754407193018487
0
0
0.0007898965810594189
0.0011796099163391026
0.0022754407193018487
0.0022754407193018487
0
0
0
0
0
0.0004348290625375954
0
0.0006657981157059441
0
0.0004807653860709788
0.0004348290625375954
0.0004348290625375954
0
0.0021077766663006596
0.00027753123118303904
0.0006063248548026121
0.0021077766663006596
0.0021077766663006596
0
0.001225639071452564
0.0006184981723507727
0.0013864208536992471
0.001230345826719279
0.0012275174455084303
0
0
0.0006657981157059441
0
0
0
0
0.0003627514190191353
0.0009371549920369548
0.0011883607317422118
0.0006641419014877701
0
0
0
0
0.0004627123819724152
0
0
0.0007713358370514741
0.0013944204965080965
