0
0
0
0
0
0
0
0.0005904494644766842
0
0
0
0
0
0
0
0
0
0
0.000605736993056089
0
0
0
0
0
0
0
0
0
0
0
0
0
0
0
0.00040809732789252103
0
0
0
0.00040868165969076343
0.0004083308599828744
0
0.0006229228963946511
0
0
0
0
0.0006229228963946511
0.0006229228963946511
0
0
0
0
0.0009382750530178474
0
0
0
0
0.0005550822075613169
0.0005654185244216109
0.0005529315597210949
0
0.0010330194394789329
0
0
0
0
0.0010330194394789329
0.0010330194394789329
0
0.003755569356947752
0
0.001080330322210557
0.003755569356947752
0.003755569356947752
0
0
0
0
0
0
0
0.0014667177344708591
0
0.0014804111573030558
0.0014804111573030558
0
0
0
0
0.004234766633947021
0
0
0
0
0
0
0
0
0
0.0009938136181338064
