0.00041185646312227447
0
0
0
0
0
0
0.0004343492447243184
0.0004075396446035239
0.0015888340892904695
0.0008204940402490642
0.0004709834564821344
0
0.0009483488026184983
0.00041266592944130413
0
0.0004363350475888103
0
0
0
0.0005822640734878966
0.0009684705945559757
0
0
0
0.0005829106743468505
0.0005829106743468505
0
0.00042736500081362816
0
0
0.00042736500081362816
0.00042736500081362816
0
0
0
0
0
0
0
0
0
0
0.0007346550906218877
0.0012610475969954086
0.0007275274598050434
0
0
0
0
0
0
0.0013804367186044414
0
0
0
0
0
0
0
0
0
0.0010435607599390434
0
0
0
0
0
0
0.0027626898013123095
0.0007275274598050434
0.0007947177323986962
0.0027626898013123095
0.0027626898013123095
0
0.0016064607872971347
0.000810673455211334
0.0005191998637481096
0.001612629991549428
0.001608922796166556
0
0
0.0008726700951776206
0
0
0
0
0.0009509258374082224
0
0.003115199182488658
0
0
0
0
0
0.0012129660595016495
0
0
0
0
