0.0001076645138100276
0.00012800226012208972
0
0.0005257410837198474
0
0
0
0.00011354441278517184
0.00021307208517217419
0.00020767071184393522
0.00010724378495574849
0.0001231210613287395
0.00010686793056922132
0.00012395521486077704
0.00010787611859345927
0.00011392148015847255
0.0009125082151346978
0.00010925033666471352
0.000232968459848693
0
0.0002283168433458905
0.0002531705218650926
0.0001958863995016134
0.000191779766388372
0.00020649875523082043
0.00022857038786931735
0.00022857038786931735
0
0.00016757796399456158
0.0003350877236895731
0.0012306585009047549
0.00016757796399456158
0.00016757796399456158
0
0.0003139111760958083
0.00018259271171108474
0.00033447513187295595
0.0003106246131315907
0.00031436064799743454
0.00031409081053134234
0.00035411205897001335
0.00023957821536600642
0.00016672955388928333
0.00019204817753797084
0.00032965386871082323
0.0001901849242562442
0.00023957821536600642
0.00023957821536600642
0.0007000939941371437
0
0.0002520081227748029
0
0.0009021592560873122
0.00040417797599670157
0
0
0
0.00010674323053355129
0.00010873092143492883
0.00010632965738154218
0.0004370013466588541
9.932567705456401e-05
0.0002728000454291852
0.00022812705378367446
0
0
9.932567705456401e-05
9.932567705456401e-05
0
0
0.0001901849242562442
0.00020774931544417894
0
0
0
0.0002099746332836728
0.00021192034417124352
0.00013572544297812085
0.0002107809874821508
0.00021029643348793897
0
0.00028205225663079173
0.00022812705378367446
0.0002846855245868883
0.0002846855245868883
0.0006965402175171582
0
0.00024858409936753654
0.00021406930241946986
0
0.00022755957355038173
0
0
0.0003564114879243641
0.00017045766813773936
0.00047562711560097113
0.00017045766813773936
0.00017045766813773936
0.00010571527184197241
0.0003822240190832317
