0.0006515226390041784
0.0015491895586022862
0.001755529816936206
0
0
0
0
0
0.0012893875829360643
0
0
0.0014901132407551824
0.0006467021833417644
0
0.0006528031473355546
0.0006893861381575969
0
0
0
0
0
0
0
0.0011605389285965415
0
0
0
0
0
0
0.0012412041904496644
0
0
0
0
0
0
0
0
0
0.0021428789765440656
0
0
0
0
0
0
0
0
0
0
0
0
0
0
0
0
0
0
0
0.0013222382219917604
0
0
0
0
0
0
0
0
0
0
0.00251435459019175
0
0
0
0
0
0
0
0
0
0
0
0
0
0.004215053824420434
0
0
0
0
0
0
0
0.0021567937750930533
0.015472650995232772
0.01822870764275642
0.015472650995232772
0.015472650995232772
0
0
