1.6607312068216509
0.0013030452780083569
0
0
0
0
0
0
0
0.0006446937914680322
0
0
0
0.0006467021833417644
0.0007501044294587402
0.0013056062946711093
0.0006893861381575969
0
0
0
0
0
0
0.0011853898692517136
0
0
0
0
0
0.0003380279272993387
0
0
0.0003380279272993387
0.0003380279272993387
0
0.0009498033782222768
0.001104944249382336
0.0010120238920302564
0.0009398592002386253
0.0009511633486951036
0.0009503468994687559
0
0
0
0
0
0
0
0
0
0
0
0
0
0
0
0
0
0
0
0
0
0
0
0
0
0
0
0
0
0
0.0011508878772152813
0
0
0
0
0
0
0
0
0
0
0
0
0
0
0
0
0
0
0
0
0
0
0
0
0
0
0
0.0006397269671886175
0.001156498054889729
