0.0009987961363773148
0
0
0
0
0
0
0
0.000494163694026742
0
0
0
0.00049570314478695
0
0.0010007591790981822
0
0
0
0
0
0.0010590396637378432
0
0
0
0
0.001060215721110123
0.001060215721110123
0
0.0005182030025698708
0.0007771463222300901
0
0.0005182030025698708
0.0005182030025698708
0
0.00036401649294048833
0
0
0
0.0003645377078501969
0.00036422479994646287
0
0.0011112751425690856
0.000773369183361414
0.0008908087304498862
0.0007645439494371696
0.0008821660955044266
0.0011112751425690856
0.0011112751425690856
0
0
0
0
0
0
0
0
0
0.0004951247280485755
0.0005043445625249159
0.0004932063834997627
0
0
0
0.0010581593315152848
0
0
0
0
0
0
0
0
0
0
0
0
0
0.0006295577031715567
0
0
0
0
0
0
0
0
0
0
0
0
0.001055527094372212
0
0
0
0
0
0
0
0.0004903565777399413
0
