0
0
0
0
0
0
0
0
0
0.0006704339167354807
0.0027697645047782345
0.0007949559631816399
0
0.0016006836873820012
0
0
0
0
0
0.012054128176407315
0
0
0.0012647800442054785
0
0
0
0
0
0
0
0
0
0
0.004429892104829689
0
0.0011789466679520129
0
0
0
0
0.0022863959250733878
0
0
0.002479995580030616
0
0
0
0
0
0
0
0
0
0.002609656615510862
0
0
0
0
0
0
0.0014107936639584995
0
0
0
0
0
0
0
0
0
0
0
0
0
0
0
0
0
0
0
0.007476611147391878
0
0.007364741653914694
0
0
0.004497352390690039
0
0
0
0
0.001469284280208852
0
0
0.0023012426518595783
0
0
0
0
0
0
