1.0216512475319812
0.0004008047263758263
0
0
0
0
0
0
0
0.0003966037451599306
0
0.0003992384710949517
0.00045834510880752856
0
0.00046145042797289125
0.0004015924715141436
0
0.00042462645367081516
0.0004067082991767441
0
0
0.0002833198135141379
0
0
0.0007139421715806996
0.0007687368303476157
0.0002836344385152641
0.0002836344385152641
0
0.0008317942174084928
0
0
0.0008317942174084928
0.0008317942174084928
0
0.00029215077138461
0
0
0.0005781840676468484
0.0002925690857766269
0.0002923179535141577
0
0.00044594118181230083
0
0
0
0
0.00044594118181230083
0.00044594118181230083
0
0
0
0
0
0
0
0
0
0
0
0
0
0.0018488079036047434
0.001015557900131194
0
0
0
0.0018488079036047434
0.0018488079036047434
0
0
0
0
0
0
0
0.0007816765474613476
0
0.0005052676792937593
0.0007846783775207229
0.0007828745191815949
0
0
0
0
0
0
0
0.0009254087387065048
0
0.0030316060757625556
0
0
0
0
0
0.0005902086929705264
0
0
0.0003935482463528433
0.0007114563005097362
