0.000302599043398968
0
0
0
0.006121626679555313
0
0
0.00015956246620272432
0.00014971369596738536
0.00014591845660688035
0.00015070827698787995
0.00034604080826557625
0.00015018009377413736
0
0.00030319377422325847
0.00016009235401078653
0.0004808759112368887
0.0006141122305923324
0.0004910812574006597
0
0.00010695021653133244
0.0003557771963210191
0.0002752765744553781
0.0002695055770873408
0.00029018997803761075
0.00010706898412326062
0.00010706898412326062
0
7.849836776144611e-05
0.00023544717998289665
0.0002882380275126941
7.849836776144611e-05
7.849836776144611e-05
0
0.00011028380921131963
0.00025659513028076163
0.00023501674638146542
0.00021825833662251544
0.00011044171844558556
0.00011034691868726316
0
0.00016833805360627879
0.00023430284374968693
0.00026988277173686825
0.00023162911760479563
0.0002672643664670719
0.00016833805360627879
0.00016833805360627879
0
0
0.0003541436922056793
0
0.0005071170030400852
0
0
0
0
0.00015000485445818153
0.00015279813027416195
0.0001494236655606295
0
0.00013958106435468142
0.0003833623069701637
0.0003205839408245925
0
0
0.00013958106435468142
0.00013958106435468142
0
0
0.0002672643664670719
0.0002919473738167939
0
0
0
0.0002950745836357955
0.0005956177309837602
0.000190733175475759
0.00029620774255912806
0.0002955268052199117
0
0.00039636431738127926
0.0003205839408245925
0.00040006481412031613
0.00040006481412031613
0
0
0.00034933195725723255
0.0003008287681840755
0
0.00031978646833497905
0
0
0
0.00023954191354781662
0.00022279750480183982
0.00023954191354781662
0.00023954191354781662
0.00014856027766255191
0.00026856718719497544
