0.0007189413353269165
0
0
0
0
0
0
0
0
0
0
0
0.0007136220653225507
0.0008277242383687037
0.0007203543489576692
0.00076072289902379
0
0
0.0007778359353770417
0
0
0
0.0013080524366511851
0
0
0
0
0
0.0003730066077240607
0
0
0.0003730066077240607
0.0003730066077240607
0
0.0005240438844004319
0.0012192824110101865
0.001116746778640043
0.0010371145805027223
0.0005247942336048998
0.0005243437664515909
0
0
0
0
0
0
0
0
0
0
0
0
0
0
0
0
0
0
0
0
0
0
0
0
0
0
0
0
0
0
0
0
0
0
0
0
0
0
0
0
0
0
0
0
0
0
0
0
0
0
0
0
0
0
0
0
0
0
0
0
