1.6094379124341003
0
0
0
0
0
0
0
0.0006658824627364916
0
0
0.0006289323612481831
0
0
0
0
0
0
0
0
0
0
0
0
0
0.0012110142305749437
0
0
0
0.0006551752136918788
0
0
0.0006551752136918788
0.0006551752136918788
0
0.0004602338897438091
0
0
0.0009108307370877761
0.0004608928729765465
0.0004604972567765666
0
0.0007025045449297688
0
0
0.0009666293768372975
0
0.0007025045449297688
0.0007025045449297688
0
0
0.0014779044191314053
0
0
0
0
0
0
0
0
0
0
0
0
0
0
0
0
0
0
0
0
0
0
0
0
0
0.001242809198790811
0
0
0
0
0.0016540985739302162
0
0.001669541402939938
0.001669541402939938
0
0
0
0
0
0
0
0
0
0
0
0
0
0.000619968379211903
0
