0
0
0
0
0
0
0
0.00075820499120741
0.0007114058477283812
0
0.0007161318732896875
0
0.0007136220653225507
0.0016554484767374075
0
0.00152144579804758
0.0007616714313168372
0
0
0
0
0.0016905733060408766
0
0
0
0
0
0
0
0
0
0
0
0
0
0
0
0
0
0
0
0
0
0.0012824222979344367
0.0011006495277767628
0.0012699802243578034
0
0
0
0
0
0
0
0
0
0
0
0.0007127893674633646
0.0007260623865880786
0.0007100276883953159
0
0
0.0018216515544217794
0
0
0
0
0
0
0
0
0
0
0
0
0
0
0
0
0
0
0
0
0
0
0
0
0
0.0014294707205525041
0
0
0
0
0
0
0
0
0
0
0
