0.9162907318741551
0
0
0
0
0
0
0
0.00075820499120741
0.0003557029238641906
0
0.00035806593664484374
0
0.0007136220653225507
0.00041386211918435187
0
0.000380361449511895
0.0007616714313168372
0
0
0
0.00025410170046426934
0.0008452866530204383
0
0
0.0013789175799460572
0.000254383878921198
0.000254383878921198
0
0.0026110462540684253
0.0011187921024104458
0
0.0026110462540684253
0.0026110462540684253
0
0.0015721316532012956
0
0.0016751201679600643
0
0.0015743827008146995
0.0015730312993547726
0
0
0
0
0
0.0012699802243578034
0
0
0
0
0
0
0.0006024265166825477
0
0
0
0
0.0003563946837316823
0.0003630311932940393
0.00035501384419765796
0
0.0006632578587579841
0
0
0
0
0.0006632578587579841
0.0006632578587579841
0
0
0
0.0006936341649312302
0
0
0
0.0007010640641730337
0
0.0009063211986885806
0.0007037563224839901
0.0007021384918575902
0
0.0018834341867916859
0
0.0019010181159214835
0.0019010181159214835
0
0
0.0008299734890164449
0.0007147353602762521
0.008156890788197226
0
0
0
0
0
0.0005293418439480965
0
0
0
0
