0.0007250458369502685
0
0
0
0
0
0
0.0005734821592013554
0.00035872318291658273
0.0008740738925398385
0.0007222125198852031
0.00020728374140715954
0.0008996017515509319
0.0004173762055976139
0.000726470848422262
0.0005753866246532486
0.0005761040643348611
0
0
0
0.0005125185353261882
0.00042623197379756326
0.0009893692924979843
0.0006457518652642328
0
0.0005130876841716365
0.0005130876841716365
0
0.00037617379165199156
0.0011282917206265168
0.0006906359635225092
0.00037617379165199156
0.00037617379165199156
0
0.00013212337992466648
0.0009222264662605959
0.0008446717725714051
0
0.000132312560021924
0.00013219898700902967
0
0.0004033482842396845
0.0002807019803138266
0.0003233278233705798
0.000832496323597403
0.0003201908936913088
0.0004033482842396845
0.0004033482842396845
0
0.0026252014749804467
0.0004242749858554257
0.0006103506731790735
0.0006075416957219706
0.0006804645943984663
0.0026252014749804467
0.0026252014749804467
0
0.0007188416329779208
0.0007322273527679218
0.0007160565046052827
0
0.0023411134398667465
0.000459279780911092
0.0003840693762232408
0
0
0.0023411134398667465
0.0023411134398667465
0
0
0
0.000699523784400543
0
0
0
0
0.00035678413868460126
0.0002285041837767352
0
0
0
0.0018994263498316902
0
0.00191715958338821
0.00191715958338821
0
0.002566863664425326
0
0
0.0013710251026604113
0.000383113979764974
0.002566863664425326
0.002566863664425326
0
0
0.0008007546960079005
0
0
0.0014238380881249882
0.000321751712810974
