0.00033109849756552724
0
0
0
0
0
0
0.00034918083173129044
0.0003276281328783109
0.0009579682977236424
0.0016490231932288569
0.00037863170493249393
0.0006572975625346799
0
0.0003317492414679752
0.0007006808387667323
0
0.00033597534645482844
0
0
0
0
0
0
0
0
0
0
0.00017178303893639914
0.0005152442431590531
0
0.00017178303893639914
0.00017178303893639914
0
0.00024134116965814385
0
0.001028604595118256
0
0.0002416867326158445
0.0002414792761929983
0
0.001105155046217192
0
0
0.0005068889311078252
0
0.001105155046217192
0.001105155046217192
0
0
0
0.0011148878075224954
0
0.0012429603391672002
0
0
0
0.0003282652937746126
0
0
0
0.0003054542418727937
0.0008389364515850188
0
0
0
0.0003054542418727937
0.0003054542418727937
0
0
0.0005848718435859521
0
0
0
0
0.0006457307347318507
0.0026068573599831012
0.0004173937043988768
0.0006482104994581636
0.0006467203603789494
0
0.0017347791784060205
0
0.0017509752495737116
0.0017509752495737116
0
0
0
0
0
0
0
0
0
0.0005242050126052975
0.00048756214343993585
0.0005242050126052975
0.0005242050126052975
0.00032510403324134397
0
