0.0011531392468096834
0
0
0
0
0
0
0.0006080579106574024
0
0
0
0
0.0011446074533169328
0
0.0011554056368387907
0.0012201543960638785
0.0006108378927925776
0
0.0006238013455258666
0
0.0012226921547911329
0
0
0
0
0.0012240499473006178
0.0012240499473006178
0
0.00059828046816973
0
0
0.00059828046816973
0.00059828046816973
0
0
0
0.0008955977879701047
0
0
0
0
0
0
0
0.0017653765406113412
0
0
0
0
0.008350431648062168
0.0013495647107979263
0.0019414477807912043
0.0019325127811425926
0.0021644712372002085
0.008350431648062168
0.008350431648062168
0
0
0
0
0
0
0.0014609105070168406
0
0
0
0
0
0
0
0
0
0
0
0
0
0
0
0
0
0
0
0
0
0
0
0
0
0
0
0
0
0
0
0
0
0
0
0
0
