0.0005765696234048417
0
0.0015535686787092407
0
0
0
0
0
0
0
0.0005743165181941938
0
0
0
0.0005777028184193953
0
0
0
0.0006238013455258666
0
0
0
0
0
0
0
0
0
0.000299140234084865
0
0
0.000299140234084865
0.000299140234084865
0
0
0
0
0
0
0
0
0
0
0
0
0.0020369729314746246
0
0
0
0
0
0.0019414477807912043
0.0009662563905712963
0
0
0
0
0
0
0
0
0
0
0
0
0.005292950672481182
0
0
0
0
0.0030554593972119373
0.0022250960939575195
0
0
0
0
0
0
0
0
0
0
0.0012216757855851553
0
0
0
0.024494599500982362
0.0013312282337490414
0.0011463931123704694
0.004361056290976088
0.0048745471643746
0.024494599500982362
0.024494599500982362
0
0
0
0
0
0.0005661309591906555
0
