0.4620354595965586
0.001087568755425403
0.00021550161361779787
0
0
0
0
0
0.0001911607197337851
0.0005380847743748742
0.0001748147785079677
0.00018055312997130078
0.00020728374140715954
0.0008996017515509319
0.0004173762055976139
0.0010897062726333928
0.0007671821662043315
0.0007681387524464816
0.00036786262706732373
0.00039222025432645045
0
0.0005125185353261882
0.0008524639475951265
0.0016489488208299736
0.0006457518652642328
0.0006953129565034742
0.0005130876841716365
0.0005130876841716365
0
9.404344791299789e-05
0.001410364650783146
0.0010359539452837636
9.404344791299789e-05
9.404344791299789e-05
0
0.0015854805590959976
0.0012296352883474613
0.001126229030095207
0.001045920678203868
0.001587750720263088
0.0015863878441083558
0
0.0010083707105992114
0.0002807019803138266
0.0009699834701117395
0.0011099950981298705
0.0006403817873826176
0.0010083707105992114
0.0010083707105992114
0
0
0
0
0.0012150833914439411
0
0
0
0
0.0005391312247334406
0.0005491705145759413
0.000537042378453962
0
0
0
0.0007681387524464816
0
0
0
0
0
0
0.0003201908936913088
0.000699523784400543
0
0
0
0.0010605251559217108
0.0007135682773692025
0.0006855125513302057
0.001064597833171794
0.0010621504818311691
0
0.0014245697623737675
0.0011522081286697223
0.0014378696875411575
0.0014378696875411575
0
0
0
0.000720804149136597
0
0.000766227959529948
0
0
0
0.0008609356389997987
0.000533836464005267
0.0008609356389997987
0.0008609356389997987
0.00017797976101562352
0.000965255138432922
