0.0005598730308513715
0
0.00150857965712489
0
0
0
0
0
0
0.000539960785334902
0
0
0.0005557306680841689
0.0006445873331707976
0.0005609734102359064
0.0005924102763138837
0
0
0
0
0.0003957616072213383
0
0.0010186412245825453
0
0
0.0003962010981788301
0.0003962010981788301
0
0
0
0
0
0
0
0.002856681295247647
0.0009495118800000971
0.004348313088483077
0.0008076493240747855
0.0028607716178353434
0.00285831601988012
0
0
0
0
0
0
0
0
0
0
0
0
0
0
0
0
0
0
0
0
0
0.0010330194394789329
0
0
0
0
0.0010330194394789329
0.0010330194394789329
0
0
0
0
0
0
0
0.0010919023379037075
0
0
0.0010960955112443516
0.0010935757514483877
0
0
0
0
0
0
0
0
0
0
0
0
0
0
0
0.0008244461904333598
0
0
0
0
