0
0
0
0
0
0
0
0
0.0005082815683166779
0
0.0005116581946009232
0
0
0
0
0
0.0010883901246747816
0
0.0016672325806244852
0
0.0007261970715384151
0
0
0
0
0.000727003509152561
0.000727003509152561
0
0.0015990229839003814
0
0
0.0015990229839003814
0.0015990229839003814
0
0.001123248487260877
0.0008711465868155438
0
0
0.0011248568041097614
0.0011238912617886371
0
0
0
0
0
0.0009073688981176453
0
0
0
0
0
0
0
0.001928325949902448
0
0
0
0.0005092700583367414
0.0005187532963485587
0.0005072969081688347
0
0
0
0
0
0.0015718287154667012
0
0
0
0
0
0
0
0
0
0.0010017852486486321
0
0
0.0010056323502179434
0.0010033205517116952
0
0.001345666310363579
0
0.0013582295850453965
0.0013582295850453965
0
0
0
0
0
0
0
0
0
0
0.0015128056845566287
0
0
0
0
