0
0
0
0
0
0
0
0.0008227159895274033
0.0015438699896643895
0.0003761832286582925
0.0007770631288345971
0.0013381591835045315
0.0007743397767475599
0
0
0.0016508962612600529
0.0012397160515509563
0
0.0008440172099693267
0
0.0008271649528651139
0
0.0007096732857557937
0
0
0.0008280835147228209
0.0008280835147228209
0
0.00040474344528551473
0
0
0.00040474344528551473
0.00040474344528551473
0
0.0005686315546719285
0.0006615118252454204
0
0
0.0005694457464741506
0.0005689569518419839
0
0.0008679635734123674
0
0.001391535721964824
0.0011942970250376779
0.0006890175144448142
0.0008679635734123674
0.0008679635734123674
0
0
0
0
0
0
0
0
0
0
0
0
0
0.001079535584521028
0
0
0
0.001193580160076671
0.001079535584521028
0.001079535584521028
0
0
0
0
0
0
0
0.0007607132925354758
0
0
0.0007636346185436766
0.000761879136661967
0
0
0
0
0
0
0
0
0
0
0
0
0
0
0.0006175479958657558
0
0.0006175479958657558
0.0006175479958657558
0.0015319757678642018
0
