0.0007189413353269165
0
0
0
0
0
0
0
0
0
0
0
0.0007136220653225507
0
0.0007203543489576692
0
0.0007616714313168372
0
0
0
0
0.0016905733060408766
0.0013080524366511851
0
0
0
0
0
0.006341112331309032
0.0033563763072313375
0.0013696423495876758
0.006341112331309032
0.006341112331309032
0
0
0
0
0
0
0
0
0
0
0
0
0
0
0
0
0
0
0
0
0
0
0
0
0.0028511574698534582
0.0029042495463523143
0.0028401107535812637
0
0
0
0
0
0
0
0
0
0
0
0
0
0
0
0
0
0.0018126423973771613
0
0
0
0
0
0
0
0
0
0
0
0
0
0
0
0
0
0
0
0
0.0007059250630771612
0
