0.0012245176526203753
0
0
0
0
0
0
0
0.0006058415171834893
0
0.000609866255672008
0
0
0
0.001226924330396752
0
0
0
0
0
0
0
0
0
0
0
0
0
0.00031765677758287573
0.0009527764030919831
0
0.00031765677758287573
0.00031765677758287573
0
0
0
0
0
0
0
0
0.0006812080961434606
0
0
0
0
0.0006812080961434606
0.0006812080961434606
0
0
0
0
0
0
0
0
0
0
0
0
0
0.009602248179695752
0.0031026794200092805
0.002594593097696872
0.0034375501063098426
0.0018735267086010424
0.009602248179695752
0.009602248179695752
0
0
0
0
0
0
0
0
0
0.0007718337033949893
0
0
0
0
0
0
0
0
0
0
0
0
0.0012940694430055293
0
0
0
0
0
0
0
0.004208218119357734
0
