0.00036940311489150454
0
0
0
0
0
0
0.0003895773851296835
0.00036553126547299883
0
0.00036795957008927126
0
0.00036666999215671537
0.0004252974434771658
0.00037012914302611837
0.00039087112488935037
0
0.00037484416395638736
0.0007993281323076784
0
0.00026112272319979066
0
0.0006720974588568488
0.0006580073653797659
0
0.00026141269846153393
0.00026141269846153393
0
0.0003833130632438205
0
0
0.0003833130632438205
0.0003833130632438205
0
0.0005385236144457794
0.00062648605446337
0.000573801669627328
0.0005328854215384522
0.0005392946963679525
0.0005388317824654908
0
0.0008220065821549062
0.0005720586511898208
0.0006589282994110882
0
0
0.0008220065821549062
0.0008220065821549062
0
0
0
0
0
0
0
0
0
0.0003662421391903715
0.0003730620205461351
0.00036482314601257075
0
0.0013631683530343033
0
0
0
0
0.0013631683530343033
0.0013631683530343033
0
0
0
0
0
0
0
0
0.0014542216831790657
0.00046568177045422604
0
0
0
0
0
0
0
0
0
0
0
0.0027940906227253565
0
0
0
0
0
0
0
0
0.00036271515402867686
0
