1.5141277326297755
0
0
0
0
0
0
0
0.000626449206714843
0.0005877825049028631
0.0011457644590463683
0.0005916872733996778
0
0
0
0
0
0
0
0
0
0.000839782436289393
0
0
0
0
0.0008407150097888815
0.0008407150097888815
0
0
0
0
0
0
0
0.0004329790485072278
0
0
0
0.0004335990070532003
0.0004332268190643135
0
0.0006609025458881604
0
0
0
0.0010492915680040025
0.0006609025458881604
0.0006609025458881604
0
0
0
0
0
0.004459875501118632
0
0
0
0
0
0
0
0
0
0
0
0
0
0
0
0.003984546664815199
0
0
0.003984546664815199
0.003984546664815199
0
0
0
0
0
0
0
0.0015561436101025443
0
0
0
0
0
0
0
0
0
0
0
0
0.0009404520078445811
0
0.0009404520078445811
0.0009404520078445811
0
0
