1.7719568419318754
0.0006951576468936349
0
0
0
0
0
0
0
0.0006878714448493305
0
0.0006924411261945586
0
0.0006900143465466804
0.0008003418436910006
0.0006965239158537247
0.0007355570120099109
0
0
0
0
0
0
0
0.0012382647392955104
0
0
0
0
0.00036066697372926426
0
0
0.00036066697372926426
0.00036066697372926426
0
0.000506707704298506
0
0
0
0.0005074332307937788
0.0005069976657888056
0
0
0
0
0
0
0
0
0
0
0
0
0
0
0
0
0
0
0
0
0
0
0
0.0029458966615658775
0
0
0
0
0
0
0
0.00134137535346849
0
0
0
0
0
0
0
0
0
0
0
0
0
0
0
0
0.0013821816239718218
0
0
0
0
0
0
0
0
0
0
0
