0.0006727337889729018
0
0
0
0
0
0
0.0007094739048787449
0.0006656826196009032
0.0006488075777873352
0.0006701048956982911
0.0007693128883319545
0.0006677563972320586
0.0007745250352718729
0.0006740559858851913
0.0007118299826035395
0.0007127175511604018
0.002047928059026982
0.0007278431358624476
0
0
0
0
0
0.001290292270949531
0
0
0
0
0
0
0
0
0
0
0
0
0
0
0
0
0
0
0
0
0
0
0
0
0
0
0
0
0
0
0
0
0
0
0
0
0.0006206291813579177
0
0
0
0
0.0006206291813579177
0.0006206291813579177
0
0
0
0
0
0
0
0
0.0013241686703412562
0
0
0
0
0
0
0
0
0
0
0
0
0
0
0
0
0
0
0
0
0
0
0
