0.0006122588263101877
0.0007279140616906103
0
0
0
0
0
0
0
0
0
0.0007001560108858987
0
0.0007048996152956948
0.000613462165198376
0
0
0
0
0
0.0012983758305030518
0
0
0.0010905994047971128
0
0.0012998176692931719
0.0012998176692931719
0
0
0
0.0011664033993009479
0
0
0
0
0
0
0.0008832188728153189
0
0
0
0.0006812080961434606
0
0
0
0
0.0006812080961434606
0.0006812080961434606
0
0
0
0
0
0
0
0
0
0.0006070197387260475
0.0006183231966183314
0.0006046678606217235
0
0
0
0
0
0
0
0
0
0
0.0032445899132321587
0
0
0
0
0
0
0
0
0
0
0
0
0
0
0
0
0.001413630206761475
0.0012173539378039534
0
0
0
0
0
0
0
0
0
0.0012023480341022098
0
