0
0
0
0
0
0
0
0
0
0
0
0
0
0
0
0
0
0.0012055157106924965
0
0
0.0004198912181446965
0
0.0010807478462739298
0.001058090658721017
0
0.00042035750489444076
0.00042035750489444076
0
0.00030818801803984846
0
0
0.00030818801803984846
0.00030818801803984846
0
0
0
0
0
0
0
0
0.0013218050917763208
0
0
0
0
0.0013218050917763208
0.0013218050917763208
0
0
0
0
0.0019909634880075945
0
0
0
0
0.000588925605845887
0.0005998921286171852
0.0011732876657340376
0
0
0
0
0
0
0
0
0
0
0
0
0
0
0
0.0011584756944374717
0
0
0.0011629245258293207
0.0011602511361147704
0
0
0.002517253088328804
0
0
0
0
0
0
0
0
0
0
0
0
0.000874712728266768
0
0
0.0011665082685899657
0
