1.6607312068216509
0.0013030452780083569
0
0
0
0
0
0
0
0
0
0
0
0.0012934043666835288
0.0007501044294587402
0.0013056062946711093
0.0006893861381575969
0
0
0
0
0
0
0.002370779738503427
0
0
0
0
0
0
0
0
0
0
0
0.0004749016891111384
0.002209888498764672
0.002024047784060513
0.0009398592002386253
0.0004755816743475518
0.00047517344973437795
0
0
0
0.0011621631958164105
0
0
0
0
0
0
0
0
0
0
0
0
0
0
0
0
0
0
0
0
0
0
0
0
0
0
0
0
0
0
0
0.0012706436165429616
0.001282417920325599
0.0008213309628198075
0.0012755232003238486
0.001272590963081725
0
0
0.0013804914437420207
0
0
0
0
0
0
0
0
0
0
0
0
0
0
0
0
0
