0
0
0
0
0
0
0
0.00137420869410149
0.0006446937914680322
0
0
0.0007450566203775912
0.0006467021833417644
0
0
0.0013787722763151937
0.0006902457218710104
0.0006611191109958802
0.0014097888003579378
0
0
0
0
0
0
0
0
0
0
0
0
0
0
0
0.0004749016891111384
0
0
0
0.0004755816743475518
0.00047517344973437795
0
0.0007248935865655394
0
0.0011621631958164105
0
0
0.0007248935865655394
0.0007248935865655394
0
0
0
0.002193832505708918
0
0
0
0
0
0
0
0
0
0
0
0.0013804914437420207
0
0
0
0
0
0
0
0
0
0
0
0
0
0
0
0
0
0
0
0
0
0
0
0
0
0
0.0013770573854242545
0
0
0
0
0
0
0
0
0.001156498054889729
