0.0005284714193670496
0
0
0
0
0
0
0
0
0
0
0
0.0005245613893950971
0.002433737394700288
0.0005295100817478811
0.0005591837475992567
0
0.00160876629932318
0
0
0.000373564516906991
0
0.0009615086709254886
0.0009413512564406774
0
0.0003739793581250998
0.0003739793581250998
0
0.000822556674923637
0
0.0010067815007224286
0.000822556674923637
0.000822556674923637
0
0.0003852083637308006
0.0017925131709469189
0.0016417716611415107
0.000762350677966389
0.0003857599220981127
0.00038542879770146196
0
0
0
0
0
0
0
0
0
0
0
0
0
0
0
0
0
0
0
0
0
0
0
0
0
0
0
0
0
0
0
0
0
0
0
0
0
0.0006662085301516367
0
0
0
0
0
0
0
0
0
0.0012201754057668563
0.001050759475792987
0.00799450236181964
0
0
0
0
0
0.0007782054580974057
0
0
0
0
