0.00047233142578498863
0
0
0
0
0
0
0.0004981269360057658
0.0004673807470209379
0
0.00047048566015081523
0
0.00046883676180916516
0.0005437998212854273
0.0004732597501281196
0.0004997811558015509
0.0005004043243249942
0
0.0005110241104948795
0
0.00033388042271933897
0.0011106760187508636
0
0
0
0.0003342511949822144
0.0003342511949822144
0
0
0
0
0
0
0
0.00034428733323589827
0
0
0
0.00034478029906241013
0.00034448435030785016
0
0
0
0
0
0
0
0
0
0.006840754570033728
0.0011055764961670671
0.0015904528458730992
0.0007915666037645866
0.0017731558237495378
0.006840754570033728
0.006840754570033728
0
0.00046828969440915446
0.0004770098273874549
0.0004664753213196188
0
0
0
0
0
0
0
0
0
0.003168349485068253
0
0
0.003168349485068253
0.003168349485068253
0
0
0
0
0
0
0
0
0
0
0
0
0
0
0
0
0
0
0
0
0
0
0
0
0
0
