0.001481017230831763
0.00035215605609982873
0.0007981211250296331
0
0
0
0
0.0015619002570915034
0.0017585929758028715
0.0014283438976126237
0.001475229746537774
0.0016936352271826665
0.0014700595488279455
0.0017051097205917634
0.001483928035137643
0.0015670871404691426
0.0015690411144597524
0.0015028315769865302
0.0016023399496562668
0
0.0004187590594997409
0.003482576495747384
0.002694584526331309
0.0026380942846891435
0.0028405665322725087
0
0
0
0
0
0.0028214595825038595
0
0
0
0
0.002511718510572298
0.0023004953817124707
0.0021364532662083552
0
0
0
0
0
0.0031701438108244903
0.002720802105506425
0.002616155870679254
0
0
0
0
0
0.004986939129973797
0.0024819940311572417
0
0
0
0
0.000881006516077051
0
0
0
0
0
0.004393315120487307
0
0.00453194828498219
0
0
0
0
0.0005232311741358509
0.0028577690547995187
0
0
0
0.0011553520799969898
0.002915145113042598
0.000373403849791312
0.0011597889159416788
0.0011571227345257209
0
0
0.003138082228919505
0.0023496553452635872
0.0023496553452635872
0
0
0
0.002944705866919005
0
0.0031302760542207
0
0
0
0
0.0021808855698383384
0
0
0.0005816814979029529
0.0026289087196310333
