0.9416085398584451
0.0007388062297830091
0
0
0
0
0
0
0
0.00036553126547299883
0.00035626505480834095
0
0.0008448708298415837
0.00036666999215671537
0.0008505948869543316
0.0007402582860522367
0
0
0.00037484416395638736
0
0
0.00026112272319979066
0.00086864256444506
0
0.0013160147307595318
0
0.00026141269846153393
0.00026141269846153393
0
0.00019165653162191024
0.0005748525884361692
0
0.00019165653162191024
0.00019165653162191024
0
0.0005385236144457794
0
0
0
0.0005392946963679525
0.0005388317824654908
0
0.0008220065821549062
0.0005720586511898208
0.0006589282994110882
0.0005655306545696366
0.0006525353706572731
0.0008220065821549062
0.0008220065821549062
0
0.005350048521922984
0.0025939629197202344
0.0024877372255176886
0.0006190720183158744
0.0041602733719813476
0.005350048521922984
0.005350048521922984
0
0
0
0
0
0
0.000935992584352331
0
0
0.0011303824007904502
0
0
0
0
0
0.0007127998030722521
0
0
0
0
0
0
0
0
0
0
0
0
0
0
0
0
0
0
0
0
0
0
0
0.0005439679606345726
0
0
0
0.0006557162533833183
