0.0017297088702145254
0
0
0
0
0
0
0.0006080579106574024
0.0005705263858924463
0
0
0.0006593431897976409
0.001716911179975399
0.0013276205691589355
0.0017331084552581859
0.0018302315940958178
0
0
0
0
0
0
0.002098038501154806
0
0
0
0
0
0
0
0
0
0
0
0.0033621411954451058
0.001955656646785019
0.0017911955759402094
0.0024952053821034664
0.0033669552578669912
0.0033640651675168913
0
0
0
0
0.0008826882703056706
0
0
0
0
0
0
0
0
0.004328942474400417
0
0
0
0.0005716359276775346
0.0005822804952689943
0.0005694211429906787
0
0
0
0
0
0
0
0
0
0
0.0010184864657373123
0
0
0
0
0
0
0.0007268427151626814
0
0
0
0
0
0
0
0
0
0
0
0
0
0
0
0
0
0
0
0
0
0.001023451232631575
