0.3147107448397002
0.00024692879155723826
0.0001467867280035915
0.0003326752059616281
0
0
0
0
0.0002604143523704594
0.00012217032020174696
0.00023814660979167628
0.00012298192451727245
0.00028237841618636175
0.0003676527392987151
0.0002842915490873534
0.00024741410757838067
0.00026127915719360747
0.00013080247083944313
0.0001252829398247214
0.00013357841461786934
0
8.727419435377155e-05
0.0008709706960508307
0.0002246329370733049
0.0002199236511807828
0.0007104080018954857
8.737111183778463e-05
8.737111183778463e-05
0
0.00012811347235485454
0.00019213110185573883
0.00023520982424491793
0.00012811347235485454
0.00012811347235485454
0
8.99944938060338e-05
0.00020938838645355969
0.0001917798566969532
0.0001781045528238258
9.012335190140326e-05
9.004599280105871e-05
0.0004060783804383228
0.00054947314681746
0.0005735918800237549
0.0019820830675698403
0.0005670463870985589
0.0010904738213433824
0.00054947314681746
0.00054947314681746
0
0
0.0005779811659131316
0
0.00020691041738310335
0
0
0
0
0.00012240791320097246
0.00012468729985725047
0.00012193364774881837
0.0002505658796494428
0.00011390182585584516
0.0003128337423853878
0.00026160494167888626
0
0
0.00011390182585584516
0.00011390182585584516
0
0
0.0002180947642686765
0.0004764734971077974
0
0
0
0.00024078863415432302
0.00024301988018509665
0.00015564329616206735
0.00024171332168947788
0.00024115765888099632
0
0.0003234437254262078
0.00026160494167888626
0.0003264634282569504
0.0003264634282569504
0
0
0.00028506408047074294
0.00024548420034297986
0
0.00026095418311749603
0
0
0.0004087152530385717
0.00019547251232279516
0.00018180863364511852
0.00019547251232279516
0.00019547251232279516
0.00012122910047754245
0.0002191579003061979
