1.2039728043259361
0.00047233142578498863
0.0005615544796296343
0.0012726985246574378
0.002306461310969226
0
0
0
0
0.0004673807470209379
0
0.00047048566015081523
0
0.00046883676180916516
0.0005437998212854273
0.0004732597501281196
0.0004997811558015509
0
0
0
0
0.00033388042271933897
0
0.001718733482264006
0.0008413506668944347
0
0.0003342511949822144
0.0003342511949822144
0
0.0002450585801599707
0
0
0.0002450585801599707
0.0002450585801599707
0
0.0006885746664717965
0.001602092886661259
0.0007336823914234834
0.0006813654806598394
0.0006895605981248203
0.0006889687006157003
0
0
0
0
0.0007231067893849466
0
0
0
0
0
0
0
0
0
0
0
0
0
0
0
0
0.0004357483909974434
0
0
0
0
0.0004357483909974434
0.0004357483909974434
0
0
0
0
0
0
0
0
0
0.0023817463982708925
0
0
0
0
0
0
0
0
0
0
0
0
0
0
0
0
0
0
0
0
0
0.0008384211729289249
