0
0
0.001701308575511734
0
0
0
0
0.0006658824627364916
0.0006247817983051631
0.0018268307746130536
0.0006289323612481831
0
0.0006267281590475468
0
0
0.0013361875570229143
0
0
0
0
0
0
0
0
0
0
0
0
0
0
0
0
0
0
0.0004602338897438091
0
0
0
0.0004608928729765465
0.0004604972567765666
0
0.0007025045449297688
0.0019555746202115434
0
0
0.0022306831773168403
0.0007025045449297688
0.0007025045449297688
0
0
0
0
0
0
0
0
0
0
0
0
0
0.000582496530015961
0
0.0026757072525920205
0
0
0.000582496530015961
0.000582496530015961
0
0
0
0
0
0
0
0
0
0
0
0
0
0
0
0
0
0
0
0
0
0
0
0
0
0
0
0
0
0
0
0.0011207784905529947
