0.0006727337889729018
0
0
0
0
0
0
0
0
0
0
0
0.0006677563972320586
0.0007745250352718729
0.0006740559858851913
0
0.0007127175511604018
0.0006826426863423275
0
0
0.00047554032947640784
0
0.0012239817473889555
0
0
0.00047606841423984643
0.00047606841423984643
0
0.0013961314293441292
0.0010468854872356084
0.001281613174956597
0.0013961314293441292
0.0013961314293441292
0
0
0
0
0
0
0
0
0
0
0
0
0
0
0
0
0
0
0
0.001127415140099886
0
0
0
0
0
0
0
0
0
0
0
0
0
0
0
0
0
0
0
0
0
0
0
0
0
0
0
0
0
0
0
0
0
0
0.0031065188914708814
0.0013375962777628133
0
0
0
0
0
0
0
0
0
0
0
