0
0
0
0
0
0
0
0
0
0
0
0
0.0006467021833417644
0
0
0.0006893861381575969
0
0.0006611191109958802
0
0
0.00046054664637317
0
0
0
0.0012496096364346507
0.000461058080738937
0.000461058080738937
0
0.0006760558545986774
0
0
0.0006760558545986774
0.0006760558545986774
0
0
0
0.002024047784060513
0.0009398592002386253
0
0
0
0.0007248935865655394
0
0
0
0
0.0007248935865655394
0.0007248935865655394
0
0
0
0
0
0
0
0
0
0.0012918951433851815
0.0013159518279093907
0.0012868897379478116
0
0
0
0
0
0
0
0
0
0
0
0
0
0
0
0
0
0
0
0
0
0
0.0027609828874840415
0
0
0
0
0
0
0
0
0
0
0
0
0
0
0
0
0
