0.0008016094527516528
0.00023825822004010762
0.008099772047029451
0.009785931489769936
0
0
0
0.0004226939377459584
0.00039660374515993065
0.0009663746193075874
0.005389719359781848
0.0013750353264225862
0.0007956785416915743
0.0011536260699322282
0.0008031849430282874
0.0006361464804059661
0.0006369396805062229
0.0008134165983534885
0.001951371228308114
0.006950008486612118
0
0
0.0003646150062569527
0
0.0003843684151738079
0
0
0
0
0.000623718710336985
0
0
0
0
0.0007303769284615252
0.0006797413489900077
0.000311289228376594
0.0011563681352936973
0.0007314227144415674
0.0007307948837853945
0.0046139088598218525
0.0008918823636246019
0.006206872706755659
0.001429882781710261
0.00030680217643603045
0.00035400251127234284
0.0008918823636246019
0.0008918823636246019
0
0
0
0
0.00033584853633529966
0
0
0
0
0.00019868752382963466
0.0002023873311275716
0.00019791771552343695
0.006507332786827908
0.0020336886939652183
0.0005077789500655971
0.0008492529073416304
0.0011251665721717858
0.0006132360429363634
0.0020336886939652183
0.0020336886939652183
0.0027171575732233546
0
0
0
0
0
0
0
0.001972299705660196
0.0002526338396468797
0
0
0.010776911893797272
0
0
0
0
0.010372093883573415
0
0.0009254087387065049
0.0011953797748034106
0
0.0008471403379203827
0
0
0.0059706891089531386
0.00031728299612794456
0
0.00031728299612794456
0.00031728299612794456
0.0007870964927056868
0.0007114563005097364
