0.0010566411192840573
0.00031405995954466676
0
0
0
0
0
0.0005571738132095701
0.0007841745573723978
0.000509530498118627
0.00026312800049385133
0
0.00026220582292202707
0
0.0010587178510436566
0.0002795120603004423
0
0.0005361023513246542
0.0005715997905464902
0
0.000746915755145608
0
0
0.000470541267130514
0
0.0007477452007371078
0.0007477452007371078
0
0.00013705364405938643
0.0004110772608447897
0.0005032470502718726
0.00013705364405938643
0.00013705364405938643
0
0
0
0.0008206514969698544
0.0003810665270309935
0
0
0
0.0011756343138607866
0.0008181586309401768
0
0.00040441114310136065
0
0.0011756343138607866
0.0011756343138607866
0
0
0
0
0
0
0
0
0
0.0005237997302713073
0.0005335535287351549
0.0005217702853651806
0
0.0009748021038925306
0
0.0011194423163154873
0.0014831377825193074
0
0.0009748021038925306
0.0009748021038925306
0
0.0017719593506941198
0.0009332564840800631
0
0.0017719593506941198
0.0017719593506941198
0
0.00206073313929232
0
0.00033300917569919163
0.0020686468610253933
0.0020638913510000476
0
0
0.0005597211581577436
0
0
0
0
0
0.001050459521472333
0
0
0
0
0
0.0020911321529930604
0.00038899165410962767
0.0020911321529930604
0.0020911321529930604
0.0031125326036845866
0.00046890289224496204
