0.8915981192837835
0.00034978349128434035
0
0
0
0
0
0
0.0014755450877679494
0.0027689382586452904
0.00033734321577138994
0.0006968332311713823
0.0015999966250045464
0.0006943910586322302
0.0004027091776349519
0.0003504709588379652
0.001850556494985022
0.0003705727844072251
0
0.001135311696880879
0
0
0.0008225074901141914
0.0006364012271832858
0
0.004025273676224756
0
0
0
0
0.001088642392287892
0
0
0
0
0.0005099217153467449
0.0011864246430921936
0.0005433260934087651
0.0005045829763915018
0.0005106518438051452
0.0005102135160422223
0
0.006226787389149077
0.0005416756496256278
0.0018717945121423025
0.004819449293425857
0.001235756229083553
0.006226787389149077
0.006226787389149077
0
0
0
0.0047112185959513
0.000586192057385788
0
0
0
0
0.00034679040034375086
0.0003532480662772518
0.0003454467722912761
0
0.000322692044619538
0
0.004446873412886701
0
0
0.000322692044619538
0.000322692044619538
0
0
0
0
0
0
0
0
0.0006884927562036938
0
0
0
0
0
0
0
0
0
0
0
0
0
0
0
0
0
0
0.0010301538062204316
0
0
0
0.004967120441692387
