0.0001557088573745298
9.256107216596932e-05
0.00020977900499348653
0.0007603484242292652
0
0
0
8.210630480920075e-05
0.0001540768157793775
7.508548570708976e-05
7.75501909823518e-05
0.0002670941301801322
7.727840292984354e-05
0
0.0001560148889338351
8.23789699974422e-05
0.000164963373835277
7.900116987413942e-05
8.423214716631504e-05
0.0013500063858764505
5.503353819296679e-05
0.00018307282170095776
0.00014164949230823572
0.00013867990127452008
0.0002986470108710884
5.509465261627936e-05
5.509465261627936e-05
0.001359253004957796
8.078605280840147e-05
0.00012115441924532249
0.00014831908723754726
8.078605280840147e-05
8.078605280840147e-05
0.0004961273468095955
5.6748910129779314e-05
0.0001320365527104712
0.00012093293036187584
0.00022461905911017345
5.683016572847602e-05
5.678138447033998e-05
0.0002560657273855977
8.66219723805492e-05
0.00012056557638143269
0.0001388739949082143
0.0003575692589618707
0.00013752663806225796
8.66219723805492e-05
8.66219723805492e-05
0.000506252394703669
0
0.0001822322669640388
0
0.00013047398995650114
0
0
0
0.001964860779443943
7.718822976423113e-05
7.862557001736855e-05
7.688916649509424e-05
0.0003160046794965577
7.182444398256903e-05
0.00019726733471554493
0.000164963373835277
0
0
7.182444398256903e-05
7.182444398256903e-05
0.0010555900995948841
0
0.0002750532761245159
0.00015022781129737944
0
0
0.001854681670316245
0.00015183698448648677
0.000153243968126516
0.00019629172969716936
0.00015242007582476054
0.00015206968484585305
0.0008373457330119756
0.0008158311972203011
0.000164963373835277
0.0008234478785221504
0.0008234478785221504
0.000503682585593498
0
0.00017975628507594044
0.00015479792412155868
0
0.00016455301718394546
0
0
0.00025772849184914055
0.00012326145262350202
0.00022929051267918916
0.00012326145262350202
0.00012326145262350202
0.0009937835914521945
0.0002763940650749836
