0.0005136654844973567
0
0
0
0
0
0
0.0010834367562960383
0.0030496894099000674
0
0
0
0.0015295949999810305
0
0.0005146750471634286
0.0021740694395745324
0
0
0
0
0
0
0.0009345705353203157
0
0
0
0
0
0.0015990229839003814
0
0.0009785749775663396
0.0015990229839003814
0.0015990229839003814
0
0
0.0008711465868155438
0.0007978874588566498
0
0
0
0
0
0
0
0
0
0
0
0
0
0
0.0017296345046020638
0
0
0
0
0
0.002546350291683707
0.0025937664817427936
0.002536484540844173
0
0
0.001301524174934157
0
0
0
0
0
0
0
0
0
0
0
0
0.0020035704972972642
0.0010110682007596619
0
0.002011264700435887
0.0020066411034233905
0
0
0
0
0
0
0
0
0
0
0
0
0
0
0.0032530020372267387
0
0.0032530020372267387
0.0032530020372267387
0.0015130970569920213
0.000911792005559723
