0.0004008047263758263
0
0
0
0
0
0.03929427875123005
0.0004226939377459583
0.0007932074903198612
0
0.0003992384710949517
0.00045834510880752856
0
0
0.0004015924715141436
0.00042409765360397727
0
0.0008134165983534883
0.0008672761014702727
0
0.0002833198135141379
0
0.0007292300125139053
0
0
0.0002836344385152641
0.0002836344385152641
0
0.0002079485543521232
0.0018711561310109546
0
0.0002079485543521232
0.0002079485543521232
0
0
0.0006797413489900074
0
0.0005781840676468484
0
0
0
0
0
0.0014298827817102605
0
0
0
0
0
0
0
0.0013496053468057877
0
0
0
0
0
0
0
0
0
0.0003697615807209487
0
0.0008492529073416303
0
0
0.0003697615807209487
0.0003697615807209487
0
0
0.0007080050225446856
0
0
0
0
0.00312670618984539
0
0.0005052676792937593
0.0031387135100828917
0.0031314980767263795
0
0
0
0
0
0
0
0
0
0
0
0
0
0
0.000634565992255889
0
0.000634565992255889
0.000634565992255889
0.0003935482463528433
0.0007114563005097362
