0
0
0
0
0
0
0
0
0
0
0.001432263746579375
0
0
0
0
0
0
0
0
0
0.0005082034009285387
0
0.0013080524366511851
0
0
0.000508767757842396
0.000508767757842396
0
0.0003730066077240607
0
0
0.0003730066077240607
0.0003730066077240607
0
0.0015721316532012956
0.002438564822020373
0
0
0.0015743827008146995
0.0015730312993547726
0
0
0
0
0
0
0
0
0
0
0
0
0.0012048530333650955
0
0
0
0
0
0
0
0
0
0
0.0015233428626336744
0
0
0
0
0
0
0
0
0
0
0
0
0
0.0009063211986885806
0
0
0
0
0.0015233428626336744
0
0
0
0
0
0
0
0
0
0
0
0
0
0
0
0
0
