1.0216512475319812
0.0008016094527516526
0.0004765164400802151
0
0
0
0
0
0.0008453878754919166
0.0007932074903198612
0.0007730996954460698
0.0007984769421899034
0.0009166902176150571
0.0007956785416915742
0.0009229008559457825
0.0008031849430282872
0.0008481953072079545
0.0008492529073416303
0.0008134165983534883
0.0008672761014702727
0
0
0.0018849654013505187
0.0014584600250278105
0.0014278843431613992
0.0015374736606952313
0
0
0
0
0
0.0015271319096143217
0
0
0
0
0.001359482697980015
0.0012451569135063757
0.0011563681352936969
0
0
0
0
0
0.0014298827817102605
0.0012272087057441216
0.0014160100450893711
0
0
0
0
0
0.0026992106936115754
0.0013433941453411982
0
0
0
0
0
0
0
0
0
0
0.0016985058146832606
0
0.002452944171745453
0
0
0
0
0
0.001546784629117307
0
0
0
0
0.0015778397645281562
0
0
0
0
0
0.0016985058146832606
0
0
0
0
0
0.0015938396997378804
0
0.001694280675840765
0
0
0
0
0.0011804173859410528
0
0
0
0.0014229126010194724
