0
0.0007745947793011431
0
0
0
0
0
0.00137420869410149
0
0
0.0006489766341624271
0
0.0012934043666835288
0.002250313288376221
0
0.0013787722763151937
0
0
0
0
0
0.0030640797173831194
0
0
0
0
0
0
0.0006760558545986774
0
0
0.0006760558545986774
0.0006760558545986774
0
0
0
0.0010120238920302564
0.0009398592002386253
0
0
0
0.0007248935865655394
0
0
0
0
0.0007248935865655394
0.0007248935865655394
0
0
0
0
0
0
0
0
0
0
0
0
0
0
0
0
0
0
0
0
0
0
0
0
0
0
0
0
0.001282417920325599
0
0
0
0
0
0
0
0
0
0
0
0
0
0
0
0
0
0.004126040265395406
0
0.004126040265395406
0.004126040265395406
0
0
