0
0
0.00150857965712489
0.008201818135862907
0
0
0
0
0
0
0.0005576851721923196
0
0
0.004512111332195584
0
0
0.0005931489424938262
0.0005681195683280836
0
0
0
0
0
0
0
0
0
0
0
0
0
0
0
0.0035677908891003644
0
0
0
0
0
0
0.0018414404588905108
0
0
0
0
0
0
0
0
0
0
0
0
0
0
0
0
0.0005550822075613169
0.0005654185244216109
0.0005529315597210949
0
0.0005165097197394664
0
0
0
0.0017132249167348687
0.0005165097197394664
0.0005165097197394664
0
0
0.004944963117256222
0.001080330322210557
0
0
0
0
0
0
0
0
0
0
0.0011862978849876524
0
0
0.0036221227300511313
0
0
0.0033395858556321666
0
0
0
0
0.001853397864467722
0
0.0008244461904333598
0
0
0.0010994733094300045
0.0009938136181338064
