0
0
0
0
0
0
0
0
0.0006878714448493305
0.0006704339167354807
0
0
0.0006900143465466804
0
0
0.0007355570120099109
0
0
0.0007521039227215091
0
0
0
0
0
0.0013333008592414412
0
0
0
0
0.0021635614675602874
0
0
0
0
0
0
0.001079803072475244
0
0
0
0
0
0
0
0.001064238343502628
0
0
0
0
0
0
0
0
0
0
0
0
0.0006892091956172211
0.0007020431227939285
0.0006865388771529932
0
0.0012826325312572389
0
0
0
0
0.0012826325312572389
0.0012826325312572389
0
0
0.001227967319426109
0
0
0
0
0
0
0
0
0
0
0
0
0
0
0
0
0
0
0
0
0
0
0
0
0
0
0
0.0006825719730091971
0
