0.47803580094299974
0.0003750771290255
0
0
0
0
0
0
0.00039556127508729805
0.00037114580818555876
0.00018086863448467643
0.000373611411444314
0.0008578480052812916
0.00018615101282827093
0
0.00037581430891745263
0.0003968748866276461
0.00039736974309476287
0.00038060175234315267
0.00020290144352419343
0
0.0002651335557088185
0.0004409924362942802
0.00034121042180085634
0.0003340571634821801
0.00035969586225959347
0.00026542798497667953
0.00026542798497667953
0
9.730018337940154e-05
0.000875523444950549
0.0003572763833654707
9.730018337940154e-05
9.730018337940154e-05
0
0.0001366988278361452
0.0003180544251117763
0.0002913076178811699
0.0002705352580322579
0.00013689455926202743
0.00013677705320257503
0
0
0
0.00033452470324912506
0.0002871085891549548
0.00033127914133264017
0
0
0
0
0
0.0006314871875072652
0.0003142904674181458
0.0007040291619189982
0
0
0
0.000185933800444574
0.0001893961176477812
0.00018521340602208438
0
0.0003460266383952224
0.000475184692786282
0.0007947394861895257
0
0
0.0003460266383952224
0.0003460266383952224
0
0
0
0.0003618741869364116
0
0
0
0.000731500843065034
0.000738279229255598
0.0002364173100608307
0.0007343099860875573
0.0007326219171540226
0
0.0004913009259434735
0.00039736974309476287
0.0004958877603143151
0.0004958877603143151
0
0
0
0.0003728828400491418
0
0.00039638126114676595
0
0
0
0.0005938332930968941
0.000552323282429809
0.0005938332930968941
0.0005938332930968941
0.0001841432207022341
0.0006657880235974927
