0
0
0.001755529816936206
0
0
0
0
0
0.0006446937914680322
0.0006283508160505679
0.0006489766341624271
0.0007450566203775912
0.0006467021833417644
0.0007501044294587402
0
0
0
0
0
0
0
0
0.0011853898692517136
0
0
0
0
0
0
0.0030416322469261005
0
0
0
0
0.0004749016891111384
0.001104944249382336
0
0
0.0004755816743475518
0.00047517344973437795
0
0
0
0
0
0
0
0
0
0
0
0
0
0
0
0
0
0
0
0
0
0.000601060878328502
0
0
0
0
0.000601060878328502
0.000601060878328502
0
0
0
0
0
0
0
0
0
0.0008213309628198075
0
0
0
0
0
0
0
0
0
0
0
0
0
0
0
0
0
0.0009594056654082327
0
0
0
0.003469494164669187
