0
0
0
0
0
0
0
0
0.0006058415171834893
0.0005904834461841348
0.0018295987670160238
0
0
0
0
0
0.006486482744242179
0.001242553939701169
0
0
0
0
0
0
0
0
0
0
0
0
0
0
0
0
0
0
0
0
0
0
0
0
0
0
0
0.0010815299710773862
0
0
0
0.017734633503007597
0.001433101697212735
0
0.004104267582550081
0
0.017734633503007597
0.017734633503007597
0
0
0
0
0
0.0005648381282173971
0
0
0
0
0.0005648381282173971
0.0005648381282173971
0
0
0.010815299710773862
0.001181413889678023
0
0
0
0
0.0024102667926867464
0
0
0
0
0
0
0
0
0
0
0
0.002434707875607907
0.004631002220369936
0
0
0
0
0
0.000901587376236088
0
0
0.0006011740170511049
0
