0.0009987961363773148
0
0
0
0
0
0
0
0.000494163694026742
0
0
0
0.00049570314478695
0.001149923826389239
0.0010007591790981822
0.0005284207869708956
0.0005290796657576424
0
0
0
0
0
0.0009086121883032745
0
0
0
0
0
0
0
0
0
0
0
0.002548115450583418
0.0008469498841070444
0.0007757255794106567
0.0014408213648136815
0.002551763954951378
0.0025495735996252395
0
0
0
0
0
0
0
0
0
0
0
0
0
0
0
0
0
0.0004951247280485755
0.0005043445625249159
0.0004932063834997627
0
0.0004607186665989459
0
0.0010581593315152848
0
0
0.0004607186665989459
0.0004607186665989459
0
0
0
0
0
0
0
0
0
0
0
0
0
0.0013082894920995762
0.0010581593315152848
0.0013205038130839084
0.0013205038130839084
0
0
0
0
0
0
0
0
0
0.0007906619104427874
0
0.0007906619104427874
0.0007906619104427874
0
0
