0
0
0
0.003394553337034244
0
0
0
0
0.0006878714448493305
0
0
0
0
0
0
0
0
0
0
0
0
0
0
0
0
0
0
0
0
0
0
0
0
0.004429892104829689
0
0.0011789466679520129
0
0
0
0
0.0022863959250733878
0
0
0
0
0
0
0
0.004520298066152743
0
0
0
0
0
0
0
0
0
0
0
0.002821587327916999
0.0006413162656286194
0
0
0
0
0.0006413162656286194
0.0006413162656286194
0
0
0
0
0
0
0
0
0
0
0
0
0.007476611147391878
0
0
0
0
0.004497352390690039
0
0
0
0
0
0
0
0.0023012426518595783
0.0011005943117589289
0.0010236607983430822
0.0011005943117589289
0.0011005943117589289
0
0
