1.8971199848858813
0.000744260488382064
0
0
0
0
0
0
0.0007849069031385524
0.0007364596214619104
0
0
0
0.0007387538881954367
0
0.0007457232644991673
0.001575026969602226
0
0
0
0
0
0
0
0
0.0014274792963776383
0
0
0
0
0
0
0
0
0
0
0
0.0011560755544703725
0
0
0
0
0
0
0
0.0011394114023338625
0
0
0
0
0
0
0.0025061030183433043
0
0
0
0
0
0
0
0
0
0
0
0.0015769908436291614
0
0
0
0
0
0
0
0
0
0
0
0
0
0
0
0
0
0
0
0
0
0
0
0
0
0
0
0
0
0
0.0011783353943390568
0.0010959676400265055
0.0011783353943390568
0.0011783353943390568
0
0
