1.1086626245216111
0.0013048206644036226
0
0.005859739030241074
0
0
0
0
0
0
0
0
0
0.0017268888232423848
0.0005007509595851902
0.001307385170426428
0.0009204338933346709
0
0.0022067329309745443
0
0
0
0
0.0015826732684105797
0.002324240302980317
0
0
0
0
0
0
0
0
0
0
0.004755487379989753
0.0022128994501429363
0.009458425803353172
0.0006274264994462995
0.004762296497085959
0.004758208688933953
0.0014305324187375628
0.00048392083130581015
0
0
0
0
0.00048392083130581015
0.00048392083130581015
0
0.006299219457509155
0.0010180556699004694
0.0014645477206362103
0.0007289037636565491
0.0016327873704294715
0.006299219457509155
0.006299219457509155
0
0
0
0
0
0
0
0
0
0
0
0
0
0
0
0
0
0
0.010361332939454309
0.0016964998079902235
0.0008561101347657229
0.000548300012127404
0.0017030147842113843
0.0016990998076959558
0
0
0
0
0
0
0
0
0
0
0
0
0
0.0014398215902878067
0
0
0
0
0
0
