0
0.0006465925191790535
0
0
0
0
0
0
0.0005381577488819451
0.0005245154601286003
0.0005417328492066787
0
0
0
0
0
0
0
0.001176820340509245
0
0
0
0
0
0
0
0
0
0
0.001692667107594494
0
0
0
0
0
0.0009223515376712512
0
0
0
0
0
0
0.0016844402929767806
0
0
0.0009607029529590371
0
0
0
0
0
0.0018313003449404103
0.003645744539434295
0.004083341269867129
0
0
0
0
0
0
0
0.0035121464089175655
0
0
0
0
0.0035121464089175655
0.0035121464089175655
0
0
0
0.001049427979651696
0
0
0
0
0
0
0
0
0
0
0
0
0
0
0.08471798873510442
0.0012557014140578719
0
0
0.003448493435621618
0.08471798873510442
0.08471798873510442
0
0.0025831571946333363
0
0.0025831571946333363
0.0025831571946333363
0.0005340116953466451
0
