0.0006515226390041784
0
0
0
0
0
0
0.000687104347050745
0
0
0
0
0.0012934043666835288
0
0.0006528031473355546
0.0006893861381575969
0
0.0006611191109958802
0
0
0.00046054664637317
0
0
0
0
0.000461058080738937
0.000461058080738937
0
0.0006760558545986774
0
0
0.0006760558545986774
0.0006760558545986774
0
0
0
0
0
0
0
0
0
0
0
0.0009974361602532438
0.0011508878772152813
0
0
0
0
0
0
0
0
0
0
0
0.005167580573540726
0.005263807311637563
0.0051475589517912465
0
0
0
0
0
0
0
0
0
0
0
0
0
0
0
0
0
0
0
0
0
0
0
0
0
0
0
0
0.001295422158207216
0
0
0
0
0
0
0
0
0
0
0.001156498054889729
