0
0
0
0
0
0
0
0
0
0
0
0
0
0
0
0
0
0.0009324705266743194
0
0
0.0003247872938166792
0
0
0
0
0.000325147968212922
0.000325147968212922
0
0.00023838448636331061
0.0007150079252154732
0
0.00023838448636331061
0.00023838448636331061
0
0.0003349107753797384
0
0
0
0.000335390315436124
0.00033510242675334625
0
0.0005112103804028569
0
0
0
0
0.0005112103804028569
0.0005112103804028569
0
0
0
0
0
0
0
0
0
0.0004555359710240938
0.00046401861390766447
0.0004537710118182662
0
0.0008477618396691604
0
0
0
0
0.0008477618396691604
0.0008477618396691604
0
0
0
0
0
0
0
0.0008960849131621615
0
0.0005792200699816741
0.0008995260994646276
0.0008974582233739043
0
0.001203682406477847
0
0.0012149201052935115
0.0012149201052935115
0
0
0
0
0
0
0
0
0
0.0007274428456540032
0
0.0007274428456540032
0.0007274428456540032
0.00045114906837555665
0
