4.755443071993599e-05
9.422904532425126e-06
2.1355927396955042e-05
7.740500887938493e-05
0.00032067789392888047
0
0
3.343435220110793e-05
3.1370663536520914e-05
3.821927226167134e-05
2.3684299317138883e-05
5.4381446345947426e-05
5.506968505554372e-05
2.7374942164660528e-05
4.7647894616791196e-05
4.1931729592194835e-05
5.0380816253165755e-05
4.021239513837474e-05
9.432503416498902e-05
0.00013743338311237734
1.680757680326079e-05
5.5911551616751294e-05
7.210102540156841e-05
5.6471578805085866e-05
6.0805740609539406e-05
1.6826241519311052e-05
1.6826241519311052e-05
0.00013837470765424293
1.2336275585702913e-05
3.700129545333236e-05
6.0396733385708434e-05
1.2336275585702913e-05
1.2336275585702913e-05
5.050676829379867e-05
1.1554307873903043e-05
5.376635347310571e-05
6.155608567190576e-05
4.5733349898176504e-05
1.1570851842794656e-05
1.1560919781127021e-05
5.213601888392121e-05
2.6454876452448016e-05
2.4547639510959254e-05
5.655061530446317e-05
6.066879074330171e-05
7.000245085765581e-05
2.6454876452448016e-05
2.6454876452448016e-05
5.15375186671415e-05
0.00011478810975863335
3.710322739672997e-05
0.00010675142572005004
3.984754894974254e-05
5.950723804865823e-05
0.00011478810975863335
0.00011478810975863335
0.00020002680512395515
1.5715836108533233e-05
1.6008484403739674e-05
1.565494561605538e-05
4.825487416604968e-05
7.311873802938643e-06
2.008221403331955e-05
6.717442167088768e-05
8.899871064986551e-05
9.701179984403106e-05
7.311873802938643e-06
7.311873802938643e-06
0.00010746120913574185
5.316501925663018e-05
1.4000490171531163e-05
9.176097191908918e-05
5.316501925663018e-05
5.316501925663018e-05
0.00018881034876186417
4.6371937224604755e-05
6.24021847645389e-05
3.9965790934756615e-05
4.655001686064394e-05
4.6443005327630964e-05
8.524349079122138e-05
4.1526633746185964e-05
5.0380816253165755e-05
4.1914330534272755e-05
4.1914330534272755e-05
0.00010255181379451507
0.00011223726287510817
1.82995537296372e-05
4.727622617204244e-05
5.994868640213493e-05
6.700732111946756e-05
0.00011223726287510817
0.00011223726287510817
5.247456446108953e-05
2.5096530829216732e-05
7.002671513871566e-05
2.5096530829216732e-05
2.5096530829216732e-05
7.782244729398872e-06
4.2206213058884685e-05
