0.02020270731751947
1.5851476906645327e-05
1.884580906485025e-05
8.542370958782017e-05
0.0008514550976732344
0.00032067789392888047
0
0
4.179294025138492e-05
3.921332942065114e-05
3.821927226167134e-05
3.9473832195231474e-05
4.531787195495619e-05
3.933548932538838e-05
2.7374942164660528e-05
1.5882631538930402e-05
1.6772691836877932e-05
1.679360541772192e-05
1.6084958055349898e-05
1.7150006211816187e-05
0.0005497335324495093
1.120505120217386e-05
3.727436774450086e-05
2.8840410160627364e-05
2.8235789402542933e-05
3.0402870304769703e-05
1.1217494346207369e-05
1.1217494346207369e-05
0.0005534988306169717
8.224183723801942e-06
2.4667530302221575e-05
3.0198366692854217e-05
8.224183723801942e-06
8.224183723801942e-06
0.0006565879878193827
1.1554307873903043e-05
2.6883176736552856e-05
2.4622434268762304e-05
2.2866674949088252e-05
1.1570851842794656e-05
1.1560919781127021e-05
0.00020854407553568484
1.763658430163201e-05
2.4547639510959254e-05
2.8275307652231584e-05
2.4267516297320682e-05
2.8000980343062327e-05
1.763658430163201e-05
1.763658430163201e-05
0.00025768759333570754
0.00011478810975863335
3.710322739672997e-05
2.668785643001251e-05
2.6565032633161697e-05
2.9753619024329115e-05
0.00011478810975863335
0.00011478810975863335
0.0006000804153718654
1.5715836108533233e-05
1.6008484403739674e-05
1.565494561605538e-05
0.0004825487416604969
1.4623747605877286e-05
4.01644280666391e-05
3.358721083544384e-05
4.4499355324932755e-05
2.4252949961007766e-05
1.4623747605877286e-05
1.4623747605877286e-05
0.0006447672548144511
5.316501925663018e-05
2.8000980343062327e-05
3.0586990639696395e-05
5.316501925663018e-05
5.316501925663018e-05
0.0005664310462855926
3.091462481640317e-05
3.120109238226945e-05
1.9982895467378307e-05
3.103334457376262e-05
3.0962003551753976e-05
0.0005114609447473284
4.1526633746185964e-05
3.358721083544384e-05
4.1914330534272755e-05
4.1914330534272755e-05
0.0002563795344862877
0.00011223726287510817
3.65991074592744e-05
3.1517484114694963e-05
5.994868640213493e-05
3.350366055973378e-05
0.00011223726287510817
0.00011223726287510817
0.00013118641115272383
2.5096530829216732e-05
2.3342238379571888e-05
2.5096530829216732e-05
2.5096530829216732e-05
1.5564489458797744e-05
2.813747537258979e-05
