0.0010569428387340993
0
0.0028479358307962146
0
0
0
0
0
0
0
0
0
0.0010491227787901942
0
0.0010590201634957622
0
0.0011197619683845465
0.00160876629932318
0
0.009163766312698022
0.001120693550720973
0.0012426878671278686
0.0019230173418509772
0.010354863820847451
0.0010135994341358987
0.0011219380743752994
0.0011219380743752994
0
0.00274185558307879
0.001644778568945799
0.002013563001444857
0.00274185558307879
0.00274185558307879
0
0.0003852083637308006
0
0
0
0.0003857599220981127
0.00038542879770146196
0
0
0
0
0
0
0
0
0
0
0
0
0
0
0
0
0
0
0
0
0
0
0
0
0
0
0
0
0
0
0
0
0
0
0
0.0010306607865085
0
0
0.0010346187772400995
0.0010322403432694327
0
0
0
0
0
0
0
0
0
0
0
0
0
0.0017494462960605318
0
0
0
0
0
0
