0
0
0
0
0
0
0
0
0.0005540047964441559
0
0
0.0012804991975236839
0
0
0
0.0005924102763138837
0.0011862978849876524
0.0011362391366561671
0.001211473986112178
0
0
0
0
0.0009972860626416113
0.0010738272051468367
0
0
0
0.0011619103241523679
0
0.0021332083043948367
0.0011619103241523679
0.0011619103241523679
0
0.00040809732789252103
0
0
0
0.00040868165969076343
0.0004083308599828744
0
0
0.0008670208721993594
0
0
0.0009889926234512446
0
0
0
0
0
0
0
0
0
0
0
0.0011101644151226338
0.0011308370488432218
0.0011058631194421898
0
0
0
0
0
0
0
0
0
0
0
0.001080330322210557
0
0
0
0
0
0.0007057944389911701
0
0
0
0
0
0
0
0
0
0.0012926778583696973
0
0
0
0
0
0
0
0
0
0
0.0005497366547150023
0
