0.0013903152937872697
0
0
0.006789106674068488
0
0
0
0
0.002751485779397322
0
0
0.0007949559631816399
0
0
0.0013930478317074493
0
0
0
0
0
0
0
0
0
0
0
0
0
0
0
0
0
0
0
0
0
0
0
0
0
0.0022863959250733878
0
0
0
0
0
0
0
0.004520298066152743
0
0
0
0
0
0
0
0
0
0
0
0.0014107936639584995
0
0
0
0
0
0
0
0.01885060470140293
0.004663044320873356
0.002455934638852218
0
0.004663044320873356
0.004663044320873356
0
0
0
0
0
0
0
0
0
0
0
0.004497352390690039
0
0
0
0
0
0
0
0.0023012426518595783
0
0
0
0
0.006143147757082773
0.0024679064650861776
