0.00037039318733585744
0
0.0003326752059616281
0.0006028941472024907
0
0
0
0.00039062152855568914
0.0004886812808069878
0.00047629321958335256
0.0003689457735518173
0.00042356762427954263
0.0003676527392987151
0.0002842915490873534
0.00037112116136757097
0.0003919187357904112
0.0003924074125183294
0.0003758488194741642
0.0004007352438536081
0
0.0006109193604764008
0.0008709706960508307
0.0004492658741466098
0.0004398473023615656
0.00047360533459699046
0.0006115977828644923
0.0006115977828644923
0
0.00032028368088713637
0.0005763933055672164
0.00047041964848983586
0.00032028368088713637
0.00032028368088713637
0
0.0003599779752241352
0.00041877677290711937
0.0003835597133939064
0.0005343136584714773
0.00036049340760561303
0.00036018397120423485
0
0.00054947314681746
0.00019119729334125162
0.0004404629039044089
0.0005670463870985589
0.0006542842928060295
0.00054947314681746
0.00054947314681746
0
0
0.0011559623318262633
0.00041573414113566735
0.0004138208347662067
0.00046349152406435963
0
0
0
0.00024481582640194493
0.00024937459971450095
0.00024386729549763674
0
0.00011390182585584516
0.0003128337423853878
0.0005232098833577725
0.0013863909464303975
0.00037780401541380573
0.00011390182585584516
0.00011390182585584516
0
0.00082818617063079
0.0002180947642686765
0.0007147102456616961
0.00082818617063079
0.00082818617063079
0
0
0.0004860397603701933
0.0006225731846482694
0
0
0.0013278934381421947
0
0.0005232098833577725
0
0
0
0
0.0008551922414122287
0.0004909684006859597
0.0009338597769724042
0.0010438167324699841
0
0
0
0.0005864175369683854
0.00036361726729023703
0.0005864175369683854
0.0005864175369683854
0.0002424582009550849
0.0006574737009185938
