0
0
0
0
0
0
0
0
0.0004075396446035239
0
0.0004102470201245321
0.0004709834564821344
0
0.0009483488026184983
0
0
0
0.0012537684607866373
0
0
0.0008733961102318449
0
0
0.0014672566380135256
0
0.0008743660115202756
0.0008743660115202756
0
0.0010684125020340705
0.0006409170479234907
0
0.0010684125020340705
0.0010684125020340705
0
0.0003002064982838655
0
0
0.0011882536779837891
0.0003006363472218435
0.0003003782902714385
0
0.0009164750104746203
0
0.0007346550906218877
0
0.0007275274598050434
0.0009164750104746203
0.0009164750104746203
0
0
0
0
0
0
0
0
0
0.0024499932893784775
0.002495615192944559
0.0024405008705897196
0
0
0
0.0008726700951776206
0
0.0012602906656646788
0
0
0
0
0
0.0015894354647973924
0
0
0
0
0
0
0
0
0
0
0
0
0
0
0
0
0.0008188940128694834
0
0.001740998548090676
0
0
0
0.0006520634313656383
0.0006064830297508247
0.0006520634313656383
0.0006520634313656383
0
0.0007310739028542323
