0.00029242215688328726
0
0
0
0
0
0
0.0003083922539906906
0.0002893571730960789
0.00037602929897616306
0.0003883725819437276
0.0002229352707927319
0.00019350573154088764
0.00011222283617818415
0.0002929968859652119
0.00010313879588978817
0.0003098021936390271
0.0003956391071632161
0.0006327538861591674
0
0.00013780441447504144
0.0006876236880954789
0.0001773457239817985
0.0003472555685513623
0.0003739072374695255
0.00013795744547390323
0.00013795744547390323
0
0.0001517166859140035
0.00030337162307509123
0.00018569608318273523
0.0001517166859140035
0.0001517166859140035
0
0.00021314957903788938
0.00016531028562774433
0.0003028170131608772
0.0002812239494040744
0.00021345477602963893
0.0002132715530459225
0
0.0008676084130894796
0.00045284573383687674
0.00017387079027186822
0.0002984520832414411
0.00017218389417775448
0.0008676084130894796
0.0008676084130894796
0
0
0.00022815551818044052
0
0.000816769754432938
0.00036592247319366673
0
0
0
0.0001932799372217034
0.00019687904857250375
0.00019253108043277778
0
0.0001798489752432137
0.0004939589648081504
0.0006196043872780542
0.0005472717165165193
0.0005965458806686668
0.0001798489752432137
0.0001798489752432137
0
0.0006538456823644729
0.0005165516825332635
0.0007523432529856161
0.0006538456823644729
0.0006538456823644729
0
0.00019010050443649557
0.000191862053512355
0.00036863703160014796
0.0001908305370956219
0.00019039184620574693
0
0.0002553559705020552
0.0008261391830374056
0.0002577399992723026
0.0002577399992723026
0
0.001380340884991665
0.00022505557907472802
0.00038761522511466417
0.002211822189600888
0.0006180630828320888
0.001380340884991665
0.001380340884991665
0
0.0003086476513024841
0.0005741452554558052
0.0003086476513024841
0.0003086476513024841
0.00047854653177677143
0.0005190696921277849
