0.0011880170518868383
0
0.0016005578569025113
0
0
0
0
0.000626449206714843
0.0017633475147085895
0
0.0005916872733996778
0
0
0
0.0011903519910611443
0.0006285295693772418
0
0
0
0
0
0
0
0
0
0
0
0
0
0.0018487518102927663
0
0
0
0
0.0004329790485072278
0
0.0018453720080801653
0
0.0004335990070532003
0.0004332268190643135
0
0
0.0009198831911481017
0
0
0
0
0
0
0
0
0
0
0
0
0
0
0.000588925605845887
0.0005998921286171852
0.0005866438328670188
0
0
0
0
0
0
0
0
0
0
0.00419716627201601
0
0
0
0
0
0
0.0022464803154744447
0
0
0
0
0.001258626544164402
0
0
0
0
0
0
0
0
0
0
0
0
0.000874712728266768
0
0
0.02274691123750433
0.007380845493320633
