0.0007189413353269165
0
0
0
0
0
0
0.00075820499120741
0
0.000693371722946769
0
0
0
0
0.0007203543489576692
0
0
0
0.0007778359353770417
0
0
0
0
0
0.0027578351598921145
0
0
0
0
0
0
0
0
0
0.0010480877688008637
0
0
0
0.0010495884672097997
0.0010486875329031818
0
0
0
0
0.0011006495277767628
0
0
0
0
0
0
0
0
0
0
0
0
0
0
0
0
0
0
0
0
0
0
0
0
0
0
0
0
0
0
0.0014021281283460674
0.0014151208214272667
0
0.0014075126449679802
0.0014042769837151804
0
0
0
0
0
0
0
0
0
0
0
0
0
0
0
0.001058683687896193
0
0
0.0014118501261543223
0
