1.171182981502945
0.00045946762710982546
0
0
0
0
0
0
0
0.00045465177853375193
0
0.00045767213032549633
0
0.0009121362784290849
0
0.00046037066882977405
0.00048616977231338523
0.000486775969036968
0
0.0014913195859545141
0
0.0009743618814500375
0
0.0008359621566759066
0
0.0008812513028615087
0.000975443904638766
0.000975443904638766
0
0.0009535379454532425
0.0007150079252154732
0.0008753236035149067
0.0009535379454532425
0.0009535379454532425
0
0.0006698215507594768
0
0
0
0.000670780630872248
0.0006702048535066925
0
0.0010224207608057138
0.0007115327955667952
0
0.0007034132021038709
0
0.0010224207608057138
0.0010224207608057138
0
0
0
0
0
0
0
0
0
0.0018221438840963751
0.0018560744556306579
0.0018150840472730648
0
0
0
0
0
0
0
0
0
0
0
0
0
0
0
0
0
0
0
0
0
0
0
0
0
0
0
0
0
0
0
0
0
0
0
0.0013531865759710514
0
0
0.00135344720512667
0
