0
0
0
0
0
0
0
0
0
0.000693371722946769
0
0
0
0
0
0
0.0007616714313168372
0.0007295308374794229
0.0007778359353770417
0
0
0
0
0
0
0
0
0
0.0003730066077240607
0.0011187921024104458
0
0.0003730066077240607
0.0003730066077240607
0
0.0010480877688008637
0
0
0
0.0010495884672097997
0.0010486875329031818
0
0
0.0011133544737231531
0
0
0
0
0
0
0
0
0.0024208473761536463
0
0
0
0
0
0
0
0
0
0
0.0018216515544217794
0.0015233428626336744
0
0
0
0
0
0
0
0
0
0
0
0
0
0
0
0
0
0
0
0
0
0
0
0
0
0
0
0
0
0
0
0
0
0
0
0.0012761709357578762
