1.2039728043259361
0.0009446628515699773
0.0005615544796296343
0.0012726985246574378
0
0
0
0
0.0004981269360057658
0
0
0
0.0010802806678563805
0.0009376735236183303
0
0.0009465195002562392
0
0.0010008086486499885
0
0
0
0
0
0.001718733482264006
0
0.0009059238557757232
0
0
0.01649277814145118
0.0024505858015997075
0.015435548773409438
0.0017996603951060332
0.0024505858015997075
0.0024505858015997075
0
0
0
0.0014673647828469668
0.0006813654806598394
0
0
0
0.0005255228303474186
0
0
0.0014462135787698931
0.0025030619632555847
0.0005255228303474186
0.0005255228303474186
0
0
0
0
0.0007915666037645866
0
0
0
0
0
0
0
0
0.002178741954987217
0
0
0
0
0.002178741954987217
0.002178741954987217
0
0
0
0.0036456405884206997
0
0
0
0
0
0.0005954365995677231
0
0
0
0
0
0
0
0
0
0
0
0
0
0
0
0
0
0.0006955359932558845
0
0
0
0
