0.0007252092657008438
0.0014370012579846476
0
0
0
0
0
0.002549384110152325
0.000717608081627116
0.00466277820222336
0.0007223753099927513
0.0005528812377064306
0.0009597914944296214
0.00027831352277498506
0.0007266345983771426
0.00255785030894071
0.0015366237890868252
0.0024529703002540483
0.00026153910841418375
0
0.0001708780198069376
0.001136874795984902
0.0004398188004452655
0.0038753845246780943
0.00046364645554839497
0.00017106777885169823
0.00017106777885169823
0
0.001003356221329236
0.0015047280572010181
0.0004605277574169036
0.001003356221329236
0.001003356221329236
0
0.00017620421487669918
0
0.001501977183239042
0
0.00017645651186249054
0.0001763050470454412
0
0
0.0003743536691517721
0.0004312009373154772
0.0007401635308394197
0.0008540348432762536
0
0
0
0
0
0.0008139843321318586
0
0
0
0
0
0.000719003663271665
0.0007323924002660265
0.0007162179071179586
0
0.0006690403251072932
0
0.001024415859391217
0
0.002958877020042338
0.0006690403251072932
0.0006690403251072932
0
0
0.02092385366026821
0.00046645430690675017
0
0
0
0
0.00047581941268248415
0
0
0
0
0
0
0
0
0
0
0.003906977333303188
0.009132243876016008
0
0.002043735122467055
0
0
0
0.0007654486204022571
0
0.0007654486204022571
0.0007654486204022571
0.001424159027944107
0.0004290989828856664
