0.00036252291847513427
0
0.0009768191534810964
0
0
0
0
0.0011469643184027108
0.0008968079572914569
0.000524444335523903
0.0010833187798278043
0.00020728374140715954
0.001439362802481491
0.0020868810279880694
0.000363235424211131
0.0011507732493064972
0.0015362775048929631
0.0011035878812019713
0.0007844405086529009
0
0.0002562592676630941
0.0021311598689878167
0.001319159056663979
0.0019372555957926987
0.0003476564782517371
0.00025654384208581826
0.00025654384208581826
0
0.00047021723956498947
0.0016924375809397752
0.0010359539452837636
0.00047021723956498947
0.00047021723956498947
0
0.0033030844981166616
0.0012296352883474613
0
0.001045920678203868
0.0033078140005481
0.0033049746752257412
0
0.0010083707105992114
0.0014035099015691332
0.0006466556467411596
0.0019424914217272735
0.0003201908936913088
0.0010083707105992114
0.0010083707105992114
0
0
0.0004242749858554257
0.0006103506731790735
0.0015188542393049264
0
0
0
0
0.0007188416329779208
0.0007322273527679218
0.0007160565046052827
0
0.00033444477712382095
0.000459279780911092
0.0003840693762232408
0.0020353985004253686
0.0005546644172827834
0.00033444477712382095
0.00033444477712382095
0
0
0.0003201908936913088
0.0017488094610013574
0
0
0
0
0
0
0
0
0
0.0009497131749158451
0.0011522081286697223
0.000958579791694105
0.000958579791694105
0
0
0.0004185103800693466
0
0.0027420502053208226
0.000383113979764974
0
0
0
0
0.001067672928010534
0
0
0.0008898988050781175
0.000965255138432922
