0.0010877162503883017
0
0
0
0
0
0
0
0
0
0
0
0.000539834252772543
0
0.0010898540574841907
0
0.0005761821949791732
0
0
0
0.0011533230957736194
0.0012788693368264673
0.0009895034697501004
0.001937518324416339
0.0010431108812038303
0.0011546038543474935
0.0011546038543474935
0
0.0008465058179034545
0
0.001036094440298872
0.0008465058179034545
0.0008465058179034545
0
0
0
0
0
0
0
0
0
0.0008422201464883903
0
0
0
0
0
0
0
0
0.0018313003449404103
0
0
0
0
0
0
0
0
0
0
0
0
0
0
0
0
0
0
0
0
0
0
0
0
0
0
0
0
0
0
0
0
0
0
0.015403270679109895
0.0037671042421736156
0.0021627057115754925
0.004113633119050121
0.0011494978118738728
0.015403270679109895
0.015403270679109895
0
0
0.0008008632935412424
0
0
0
0
