0.3566749439387324
0.003078402811554379
0
0.000377034824459548
0
0
0
0
0.0030989548294221682
0.002907676173413579
0.0031038682219412957
0.002926992505945049
0.003200313539154171
0.0030556264667648413
0.0027386964981745486
0.0030844531315456416
0.0034053647615570133
0.003261366902182923
0.0034077223943190993
0.0031791909264488037
0
0.00019782304156335686
0.0036193951875701626
0.003309617609709865
0.0029909848548321377
0.0032205412545258
0.00019804272289768597
0.00019804272289768597
0
7.259819742290502e-05
0.0021775027102486715
0.0031988784209751784
7.259819742290502e-05
7.259819742290502e-05
0
0.0002039891014805447
0.0030850128218253632
0.0026082262810876227
0.0026240940980212344
0.00020428118209549393
0.00020410583344133472
0
0
0.0021669194649983742
0.002995170977792014
0.0025706302265854587
0.0027189358165807735
0
0
0
0
0.003930302412548016
0.004240521130050979
0.0030485037943481404
0.0031517668094733346
0
0
0
0.00041619013295067953
0.00042394010769262965
0.0004145776179063143
0
0.00012908973721995382
0.003190928921917089
0.0035578548023813706
0.003928138149104982
0.003425449641668498
0.00012908973721995382
0.00012908973721995382
0
0
0.002224583849929724
0.00297004116830133
0
0
0
0.00027289590201892304
0.0033050960056098754
0.00017639710382726627
0.00027394388935386515
0.000273314133286385
0
0.0003665723987037332
0.003261366902182923
0.00036999475512316637
0.00036999475512316637
0
0
0.002907676173413579
0.0033386110197073235
0.0021167652459271953
0.003253254049192418
0
0
0
0.00022153723226008224
0.002266565212782239
0.00022153723226008224
0.00022153723226008224
0
0.0029805705621621095
