0
0
0
0
0
0
0
0
0
0
0
0
0
0
0
0.0007118299826035395
0
0.0006826426863423275
0
0
0
0
0
0
0
0
0
0
0.0003490328573360323
0.0010468854872356084
0
0.0003490328573360323
0.0003490328573360323
0
0
0
0
0
0
0
0
0.000748493421253569
0.0010417973439197608
0
0
0
0.000748493421253569
0.000748493421253569
0
0
0.001574654203941163
0
0
0
0
0
0
0
0
0
0
0.0006206291813579177
0.0017045710020794497
0
0
0
0.0006206291813579177
0.0006206291813579177
0
0
0.0011883564990242041
0
0
0
0
0
0
0
0
0
0
0
0
0
0
0
0
0.0015532594457354407
0
0
0
0
0
0
0
0
0
0
0.0013211081880523318
0
