0.0004856313675957698
0
0
0
0
0
0
0
0.0004805412872677085
0
0.0009674672575237337
0
0
0
0.00048658583176164203
0
0.0015434842344159815
0
0
0
0.0003432818513592949
0.001141950512916621
0
0
0
0.0003436630638538638
0.0003436630638538638
0
0
0
0
0
0
0
0.00035398180040080565
0
0
0.000700551418223892
0.0003544886471940485
0.0003541843650934527
0
0
0
0
0
0
0
0
0
0
0
0
0.0008138555923745018
0
0
0
0
0.00048147582886099463
0.0004904415039626059
0.0004796103665252295
0
0
0
0
0
0
0
0
0
0
0
0
0
0
0
0.0009471112134671899
0
0.0006122029455992172
0.0009507483533038535
0.0009485627249054538
0
0.0012722244152123508
0
0.0012841020290473208
0.0012841020290473208
0
0
0.0011212630036246533
0
0
0.0010264298142633641
0
0
0
0.0007688660596283337
0
0.0007688660596283337
0.0007688660596283337
0
0
