0.00045946762710982546
0
0
0
0
0
0
0
0.00045465177853375193
0
0
0
0
0.0010579792064163913
0.00046037066882977405
0
0
0
0
0
0.0003247872938166792
0
0
0
0
0.000325147968212922
0.000325147968212922
0
0.00023838448636331061
0.0007150079252154732
0
0.00023838448636331061
0.00023838448636331061
0
0.0003349107753797384
0
0
0
0.000335390315436124
0.00033510242675334625
0
0
0
0.000819582212388345
0
0
0
0
0
0.013308897517078921
0
0
0
0
0.013308897517078921
0.013308897517078921
0
0.0004555359710240938
0.00046401861390766447
0.0004537710118182662
0
0.0004238809198345802
0
0
0.002579698197143051
0
0.0004238809198345802
0.0004238809198345802
0
0.0030820604776393293
0.0008116306178121588
0.0008865881767622597
0.0030820604776393293
0.0030820604776393293
0
0
0
0
0
0
0
0
0.000973551938073936
0
0
0
0
0
0
0
0
0
0
0
0
0
0
0
0
0
