0
0
0
0
0
0
0
0
0
0
0
0
0
0
0
0
0.0007127175511604018
0
0
0
0
0
0
0
0
0
0
0
0.0003490328573360323
0
0
0.0003490328573360323
0.0003490328573360323
0
0
0
0
0
0
0
0
0.001496986842507138
0
0
0
0
0.001496986842507138
0.001496986842507138
0
0
0
0
0
0
0
0
0
0.000666977218238789
0.0006793971585150264
0.0006643930368430556
0
0.0012412583627158353
0.0017045710020794497
0
0
0
0.0012412583627158353
0.0012412583627158353
0
0
0
0
0
0
0
0.001312011039090992
0
0
0.001317049483941572
0.0013140217839784879
0
0
0
0
0
0
0
0
0
0
0
0
0
0
0
0
0
0
0.0026422163761046637
0
