0.0006515226390041784
0
0.001755529816936206
0
0
0
0
0
0
0
0
0
0.0006467021833417644
0.0007501044294587402
0.0006528031473355546
0.0006893861381575969
0
0
0
0
0
0
0.0011853898692517136
0
0
0
0
0
0.0003380279272993387
0
0
0.0003380279272993387
0.0003380279272993387
0
0.004274115202000245
0.001104944249382336
0.0010120238920302564
0.0009398592002386253
0.004280235069127966
0.004276561047609402
0
0.0014497871731310788
0
0
0
0
0.0014497871731310788
0.0014497871731310788
0
0
0
0
0
0
0
0
0
0
0
0
0
0
0
0
0
0
0
0
0
0
0
0
0
0
0
0
0
0
0
0
0
0
0
0
0
0
0
0
0
0
0
0
0
0
0
0
0
0
0
0
