0.0012627994605210672
0
0
0
0
0
0
0
0
0
0
0
0.0012534563180950937
0.0014538734529666668
0.0012652813776997645
0.0013361875570229143
0
0
0
0
0
0
0.0022975559064012854
0
0
0
0
0
0.0009827628205378181
0.0009825628281038463
0
0.0009827628205378181
0.0009827628205378181
0
0.0032216372282066635
0.0021416339486814377
0.001961533104733821
0.0018216614741755521
0.003226250110835825
0.003223480797435966
0
0.0007025045449297688
0
0
0
0
0.0007025045449297688
0.0007025045449297688
0
0
0
0
0
0
0
0
0
0
0
0
0
0
0
0
0
0
0
0
0
0
0
0
0
0
0
0
0
0.0007959633592651336
0
0
0
0
0
0
0
0
0
0
0
0
0
0
0
0
0
0
0
0
0
0
