1.1086626245216111
0.0013048206644036226
0
0.009375582448385718
0
0
0
0
0.0004586936799841171
0.0008607629072372757
0.00041947129191131715
0
0
0.0012951666174317886
0
0.001307385170426428
0.00046021694666733545
0.00138237234977757
0.0008826931723898178
0.0009411397491694491
0.007541922615793273
0.0006148988488749923
0.0030682544959085177
0.0007913366342052899
0.0007747467676601056
0.014181538462654169
0.0009233725356926245
0.0009233725356926245
0
0
0.0013536784182193054
0
0
0
0.005543313122608056
0
0
0
0
0
0
0.007152662093687813
0.0019356833252232406
0.000673549589624308
0.004654986527032657
0.011985541886720122
0.002304911901292331
0.0019356833252232406
0.0019356833252232406
0
0
0
0
0
0
0
0
0
0
0
0
0.0017653863447796357
0
0
0
0
0
0
0
0
0
0
0
0
0
0
0
0.005992770943360061
0
0
0
0
0
0
0
0
0.0028138645292426676
0
0
0
0
0
0
0
0.00431946477086342
0
0
0
0
0
0
