0
0
0
0.0024386315628599376
0
0
0
0
0
0
0
0
0
0
0
0
0
0
0.0005403080118051305
0
0.0003530132212459478
0.0011743225791631803
0
0
0
0.000353405240370041
0.000353405240370041
0
0.0002591015012849354
0.0007771463222300901
0.003805577506167078
0.0002591015012849354
0.0002591015012849354
0
0.00036401649294048833
0
0
0
0.0003645377078501969
0.00036422479994646287
0.001642536355887597
0
0.000773369183361414
0.0017816174608997724
0
0
0
0
0.003247361417890019
0
0
0
0
0
0
0
0
0
0
0
0.0010135077036726812
0.0009214373331978918
0
0
0
0
0.0009214373331978918
0.0009214373331978918
0
0
0
0
0
0
0
0.007791679729535654
0
0.0012591154063431133
0.007821601694702841
0.007803621001151801
0
0
0
0
0
0.003230877349778902
0
0
0
0
0
0
0
0.0016532021763803735
0
0
0
0
0
0
