0.0011286075812153033
0.00040254021331872315
0
0.0011022301626505012
0
0
0
0.00035707332120618227
0.0006700669389404834
0.0005442339622621658
0.00011241972350597142
0.0006453164478505627
0.00022405145829577946
0
0.0011308257564928493
0.00035825911886896744
0.0013152546953323313
0.0003435693540427319
0.0004884245712254344
0
7.977872225506958e-05
0.0002653893657304251
0.00020534052280641031
0.0002010356900431732
0.00021646506580269437
7.986731606101635e-05
7.986731606101635e-05
0
5.855527629794033e-05
0.00017563008086189308
0.00021500902275917852
5.855527629794033e-05
5.855527629794033e-05
0
8.226539103568227e-05
0.00019140523782553616
0.00017530900210346184
0.00016280819040847815
8.238318225996015e-05
8.231246708205461e-05
0.00037120267413133013
0.00012557052485891786
0.00017477647172040148
0.0002013170555995667
0.00017278202549656508
0.0001993638755729597
0.00012557052485891786
0.00012557052485891786
0.000733882837887196
0
0.00026417086542863255
0.00038002915779627587
0.0001891400870820387
0
0
0
0
0.00011189501067747213
0.00011397863409341555
0.0001114614771219608
0.0006871387080854638
0.00010411946161845127
0.000285966274802963
0.00023913721733315117
0
0.0013814265183758982
0.00010411946161845127
0.00010411946161845127
0
0
0.0001993638755729597
0.00021777598217394463
0
0
0
0.0002201087011872845
0.00022214831849558367
0.00014227600022343265
0.00022095397269722032
0.00022044603253010026
0
0.0002956650282135466
0.00023913721733315117
0.0002984253863607685
0.0002984253863607685
0
0
0.0002605815873657435
0.0006732029776562735
0
0.00023854234863331745
0
0
0.0003736130811062089
0.00017868451705079557
0.00016619414930778788
0.00017868451705079557
0.00017868451705079557
0.00011081743931116365
0.00020033570504998665
