0
0
0
0
0
0
0
0.0018347747199364685
0.0017215258144745514
0.0016778851676452686
0.0017329622892092399
0.001989524673883555
0.0017268888232423848
0.0020030038383407607
0
0.0018408677866693418
0
0
0
0
0
0.0040910059945446905
0.0031653465368211594
0.0030989870706404224
0.0033368325794480395
0
0
0
0
0
0.003314387517254443
0
0
0
0
0.0029505326001905818
0.0027024073723866207
0.002509705997785198
0
0
0
0
0
0.0031033243513551045
0.002663453752604471
0.0030732158683897744
0
0
0
0
0
0.005858190882544841
0.0029156150546261962
0.006531149481717886
0
0
0
0
0
0
0
0
0
0.00368632626607352
0.009767952638956927
0.005323710081736427
0
0
0
0
0
0.003357040498172933
0
0
0
0
0.0034244405390628915
0
0
0
0
0
0.00368632626607352
0
0
0
0
0
0.0034591657551376323
0.0131592002910577
0.0036771563002375163
0
0
0
0
0.002561900923215739
0
0
0
0.003088196725686939
