3.4241268265393385
3.2172887085910236
3.362365387758257
3.362365387758257
3.305044678179547
3.5211437532912866
3.5211437532912866
0.3806313780050271
0.37582552824560017
0.3789322795124007
0.3801105946306942
0.3789322795124007
0.3801105946306942
0.3789322795124007
0.2839914407514067
0.3811133693216815
0.27187525708639876
0.2707276768578528
0.27161719570334636
0.5980133254819753
0.15000000000000002
1.3396029571351598
1.4328420802447224
0.522011208355637
0.5196610553678109
0.15000000000000002
0.16961538461538464
0.19725594047509518
0.18420788215573092
0.20057280594302457
0.6811300116067472
0.1606554303157232
0.18420788215573092
1.092915385628495
0.15000000000000002
1.261895071824621
0.6038211446795965
1.009525175007631
0.15000000000000002
0.16961538461538464
0.338216061606672
0.22095738500231232
0.5388500791772819
0.4426610317663592
0.9462263003024755
0.28872323856638665
0.15000000000000002
0.1742549059424589
0.1987540073364798
0.16414211675529183
0.2603007047836447
1.5462675464067823
0.2828423351058361
0.4644073645105703
0.16414211675529183
0.1856068551002146
0.19207500000000002
0.15000000000000002
0.15000000000000002
0.17550000000000002
0.6335728647088843
0.15000000000000002
0.484468078475292
1.1269227546415062
1.421222631640823
0.5219072715606157
0.15000000000000002
0.16961538461538464
0.4091413794627366
0.171990341497068
0.5534671444141808
1.038931251948223
0.15000000000000002
0.171990341497068
0.19190716002747255
0.15000000000000002
0.2572277985278971
0.17921291208791212
0.15000000000000002
0.16821428571428573
0.19161326378539495
0.17660208643815203
0.4739433527056114
0.15000000000000002
0.17660208643815203
0.19181427878577062
0.1808350103030834
0.18964868506878035
0.9534205625215525
0.5206802437567988
0.5127470000836065
0.16074675882056425
0.1808350103030834
0.21224650582079418
0.16575283547113956
0.24092571897036935
0.16575283547113956
0.19393081750123328
0.15000000000000002
0.8480619323953719
